50
1 0.0 5.0 6.0 4.0 8.0 4.0 10.0 6.0 5.0 5.0 4.0 1.0 3.0 3.0 5.0 4.0 2.0 1.0 3.0 5.0 3.0 1.0 2.0 4.0 1.0 7.0 2.0 9.0 3.0 5.0 8.0 8.0 10.0 1.0 7.0 3.0 5.0 5.0 8.0 4.0 3.0 3.0 4.0 8.0 7.0 6.0 3.0 10.0 9.0 8.0
2 5.0 0.0 4.0 2.0 5.0 1.0 1.0 3.0 9.0 3.0 4.0 6.0 5.0 5.0 2.0 7.0 9.0 7.0 9.0 9.0 3.0 4.0 3.0 3.0 8.0 3.0 10.0 8.0 7.0 2.0 8.0 7.0 3.0 6.0 3.0 6.0 7.0 5.0 4.0 5.0 5.0 7.0 4.0 3.0 1.0 9.0 6.0 6.0 4.0 2.0
3 6.0 4.0 0.0 8.0 5.0 2.0 10.0 9.0 6.0 7.0 8.0 8.0 1.0 5.0 6.0 1.0 6.0 2.0 7.0 9.0 6.0 2.0 3.0 1.0 6.0 7.0 5.0 3.0 9.0 6.0 6.0 4.0 3.0 5.0 5.0 10.0 8.0 4.0 1.0 7.0 9.0 8.0 4.0 10.0 2.0 6.0 8.0 2.0 6.0 8.0
4 4.0 2.0 8.0 0.0 10.0 7.0 4.0 7.0 6.0 8.0 3.0 5.0 8.0 9.0 6.0 5.0 2.0 6.0 1.0 1.0 8.0 7.0 1.0 10.0 8.0 10.0 2.0 7.0 4.0 7.0 3.0 3.0 4.0 7.0 10.0 3.0 9.0 3.0 10.0 2.0 1.0 10.0 9.0 6.0 8.0 6.0 7.0 3.0 7.0 9.0
5 8.0 5.0 5.0 10.0 0.0 7.0 1.0 3.0 9.0 1.0 9.0 10.0 8.0 9.0 2.0 1.0 1.0 10.0 9.0 1.0 4.0 5.0 5.0 2.0 7.0 6.0 10.0 7.0 2.0 4.0 9.0 6.0 8.0 2.0 6.0 8.0 8.0 5.0 5.0 4.0 5.0 2.0 9.0 3.0 7.0 10.0 7.0 3.0 4.0 8.0
6 4.0 1.0 2.0 7.0 7.0 0.0 9.0 8.0 5.0 2.0 2.0 6.0 1.0 3.0 10.0 8.0 6.0 3.0 10.0 1.0 5.0 4.0 6.0 4.0 5.0 10.0 9.0 9.0 10.0 4.0 8.0 7.0 7.0 3.0 5.0 3.0 3.0 4.0 4.0 9.0 10.0 9.0 8.0 1.0 3.0 6.0 6.0 1.0 8.0 4.0
7 10.0 1.0 10.0 4.0 1.0 9.0 0.0 1.0 9.0 1.0 7.0 1.0 7.0 3.0 7.0 4.0 8.0 8.0 7.0 4.0 3.0 3.0 9.0 8.0 5.0 3.0 10.0 6.0 6.0 5.0 5.0 5.0 9.0 7.0 2.0 4.0 10.0 8.0 3.0 6.0 3.0 5.0 10.0 2.0 9.0 9.0 4.0 7.0 3.0 2.0
8 6.0 3.0 9.0 7.0 3.0 8.0 1.0 0.0 5.0 8.0 3.0 3.0 9.0 7.0 1.0 9.0 9.0 7.0 8.0 4.0 10.0 9.0 3.0 3.0 6.0 7.0 10.0 3.0 5.0 2.0 3.0 3.0 7.0 4.0 2.0 8.0 1.0 9.0 7.0 6.0 6.0 3.0 8.0 8.0 8.0 5.0 8.0 9.0 4.0 9.0
9 5.0 9.0 6.0 6.0 9.0 5.0 9.0 5.0 0.0 10.0 8.0 2.0 3.0 2.0 6.0 9.0 4.0 6.0 10.0 7.0 1.0 6.0 3.0 4.0 4.0 3.0 9.0 8.0 5.0 3.0 3.0 4.0 2.0 3.0 4.0 7.0 10.0 5.0 6.0 3.0 3.0 7.0 10.0 2.0 1.0 9.0 2.0 5.0 7.0 6.0
10 5.0 3.0 7.0 8.0 1.0 2.0 1.0 8.0 10.0 0.0 1.0 8.0 10.0 2.0 1.0 9.0 3.0 5.0 2.0 7.0 4.0 7.0 3.0 2.0 5.0 5.0 9.0 8.0 10.0 6.0 1.0 4.0 1.0 8.0 9.0 5.0 2.0 6.0 4.0 9.0 3.0 5.0 4.0 2.0 9.0 10.0 2.0 5.0 5.0 7.0
11 4.0 4.0 8.0 3.0 9.0 2.0 7.0 3.0 8.0 1.0 0.0 3.0 4.0 6.0 5.0 9.0 7.0 10.0 10.0 2.0 1.0 5.0 1.0 2.0 10.0 6.0 5.0 7.0 5.0 8.0 2.0 6.0 10.0 8.0 8.0 7.0 2.0 10.0 9.0 4.0 3.0 2.0 2.0 2.0 10.0 4.0 7.0 9.0 5.0 4.0
12 1.0 6.0 8.0 5.0 10.0 6.0 1.0 3.0 2.0 8.0 3.0 0.0 3.0 10.0 1.0 4.0 2.0 8.0 6.0 8.0 1.0 2.0 9.0 5.0 10.0 1.0 9.0 2.0 8.0 6.0 9.0 8.0 7.0 5.0 9.0 8.0 2.0 6.0 10.0 3.0 2.0 1.0 9.0 10.0 10.0 9.0 2.0 2.0 1.0 2.0
13 3.0 5.0 1.0 8.0 8.0 1.0 7.0 9.0 3.0 10.0 4.0 3.0 0.0 7.0 5.0 9.0 1.0 1.0 10.0 10.0 8.0 10.0 10.0 5.0 7.0 1.0 3.0 7.0 6.0 2.0 4.0 8.0 3.0 3.0 2.0 10.0 1.0 1.0 2.0 3.0 1.0 9.0 10.0 6.0 1.0 10.0 4.0 9.0 3.0 2.0
14 3.0 5.0 5.0 9.0 9.0 3.0 3.0 7.0 2.0 2.0 6.0 10.0 7.0 0.0 2.0 3.0 9.0 4.0 10.0 3.0 10.0 2.0 2.0 3.0 10.0 5.0 3.0 7.0 4.0 8.0 8.0 3.0 1.0 10.0 6.0 3.0 7.0 7.0 2.0 7.0 2.0 2.0 6.0 8.0 7.0 4.0 6.0 9.0 4.0 1.0
15 5.0 2.0 6.0 6.0 2.0 10.0 7.0 1.0 6.0 1.0 5.0 1.0 5.0 2.0 0.0 9.0 6.0 10.0 8.0 6.0 9.0 6.0 5.0 3.0 9.0 4.0 5.0 6.0 10.0 2.0 8.0 9.0 4.0 7.0 7.0 7.0 8.0 8.0 2.0 10.0 6.0 2.0 2.0 7.0 9.0 6.0 3.0 7.0 5.0 5.0
16 4.0 7.0 1.0 5.0 1.0 8.0 4.0 9.0 9.0 9.0 9.0 4.0 9.0 3.0 9.0 0.0 10.0 5.0 2.0 1.0 10.0 7.0 10.0 1.0 10.0 3.0 8.0 4.0 3.0 2.0 1.0 1.0 6.0 6.0 4.0 1.0 7.0 9.0 9.0 4.0 8.0 7.0 4.0 9.0 5.0 1.0 3.0 10.0 10.0 1.0
17 2.0 9.0 6.0 2.0 1.0 6.0 8.0 9.0 4.0 3.0 7.0 2.0 1.0 9.0 6.0 10.0 0.0 5.0 3.0 7.0 10.0 5.0 3.0 10.0 6.0 5.0 9.0 9.0 8.0 9.0 1.0 5.0 10.0 10.0 4.0 3.0 9.0 3.0 9.0 10.0 2.0 6.0 5.0 10.0 6.0 8.0 9.0 4.0 3.0 3.0
18 1.0 7.0 2.0 6.0 10.0 3.0 8.0 7.0 6.0 5.0 10.0 8.0 1.0 4.0 10.0 5.0 5.0 0.0 2.0 1.0 7.0 1.0 2.0 10.0 8.0 10.0 3.0 5.0 4.0 7.0 4.0 2.0 5.0 9.0 4.0 6.0 2.0 3.0 6.0 1.0 8.0 8.0 2.0 3.0 6.0 4.0 2.0 7.0 8.0 6.0
19 3.0 9.0 7.0 1.0 9.0 10.0 7.0 8.0 10.0 2.0 10.0 6.0 10.0 10.0 8.0 2.0 3.0 2.0 0.0 2.0 9.0 2.0 10.0 4.0 4.0 9.0 6.0 2.0 6.0 5.0 1.0 1.0 9.0 2.0 10.0 7.0 2.0 6.0 3.0 9.0 6.0 8.0 8.0 4.0 4.0 7.0 5.0 4.0 5.0 1.0
20 5.0 9.0 9.0 1.0 1.0 1.0 4.0 4.0 7.0 7.0 2.0 8.0 10.0 3.0 6.0 1.0 7.0 1.0 2.0 0.0 5.0 4.0 1.0 3.0 1.0 4.0 6.0 7.0 7.0 6.0 7.0 6.0 1.0 5.0 3.0 8.0 2.0 2.0 6.0 7.0 1.0 6.0 9.0 2.0 4.0 1.0 10.0 2.0 9.0 6.0
21 3.0 3.0 6.0 8.0 4.0 5.0 3.0 10.0 1.0 4.0 1.0 1.0 8.0 10.0 9.0 10.0 10.0 7.0 9.0 5.0 0.0 9.0 9.0 3.0 3.0 2.0 5.0 2.0 9.0 6.0 5.0 4.0 1.0 9.0 6.0 5.0 3.0 4.0 10.0 5.0 7.0 6.0 1.0 10.0 8.0 5.0 1.0 7.0 7.0 4.0
22 1.0 4.0 2.0 7.0 5.0 4.0 3.0 9.0 6.0 7.0 5.0 2.0 10.0 2.0 6.0 7.0 5.0 1.0 2.0 4.0 9.0 0.0 2.0 6.0 3.0 10.0 4.0 6.0 8.0 3.0 1.0 5.0 4.0 1.0 10.0 1.0 5.0 1.0 1.0 5.0 2.0 9.0 10.0 1.0 6.0 1.0 1.0 10.0 5.0 1.0
23 2.0 3.0 3.0 1.0 5.0 6.0 9.0 3.0 3.0 3.0 1.0 9.0 10.0 2.0 5.0 10.0 3.0 2.0 10.0 1.0 9.0 2.0 0.0 1.0 3.0 5.0 3.0 7.0 6.0 8.0 9.0 9.0 1.0 6.0 2.0 9.0 4.0 10.0 3.0 9.0 9.0 7.0 2.0 10.0 2.0 7.0 1.0 6.0 9.0 6.0
24 4.0 3.0 1.0 10.0 2.0 4.0 8.0 3.0 4.0 2.0 2.0 5.0 5.0 3.0 3.0 1.0 10.0 10.0 4.0 3.0 3.0 6.0 1.0 0.0 6.0 9.0 1.0 3.0 7.0 7.0 2.0 3.0 3.0 10.0 4.0 7.0 9.0 6.0 3.0 5.0 3.0 6.0 4.0 2.0 3.0 10.0 1.0 9.0 9.0 4.0
25 1.0 8.0 6.0 8.0 7.0 5.0 5.0 6.0 4.0 5.0 10.0 10.0 7.0 10.0 9.0 10.0 6.0 8.0 4.0 1.0 3.0 3.0 3.0 6.0 0.0 5.0 8.0 8.0 6.0 9.0 6.0 8.0 1.0 5.0 7.0 5.0 6.0 3.0 3.0 9.0 2.0 1.0 7.0 8.0 9.0 5.0 4.0 1.0 7.0 3.0
26 7.0 3.0 7.0 10.0 6.0 10.0 3.0 7.0 3.0 5.0 6.0 1.0 1.0 5.0 4.0 3.0 5.0 10.0 9.0 4.0 2.0 10.0 5.0 9.0 5.0 0.0 4.0 3.0 5.0 2.0 8.0 10.0 1.0 7.0 7.0 3.0 10.0 7.0 4.0 7.0 7.0 8.0 2.0 8.0 3.0 10.0 9.0 4.0 3.0 10.0
27 2.0 10.0 5.0 2.0 10.0 9.0 10.0 10.0 9.0 9.0 5.0 9.0 3.0 3.0 5.0 8.0 9.0 3.0 6.0 6.0 5.0 4.0 3.0 1.0 8.0 4.0 0.0 4.0 3.0 7.0 1.0 9.0 10.0 1.0 10.0 4.0 1.0 9.0 2.0 3.0 7.0 8.0 3.0 8.0 6.0 4.0 1.0 1.0 7.0 8.0
28 9.0 8.0 3.0 7.0 7.0 9.0 6.0 3.0 8.0 8.0 7.0 2.0 7.0 7.0 6.0 4.0 9.0 5.0 2.0 7.0 2.0 6.0 7.0 3.0 8.0 3.0 4.0 0.0 1.0 3.0 6.0 6.0 6.0 9.0 6.0 8.0 9.0 9.0 2.0 6.0 10.0 8.0 10.0 1.0 8.0 7.0 2.0 4.0 2.0 2.0
29 3.0 7.0 9.0 4.0 2.0 10.0 6.0 5.0 5.0 10.0 5.0 8.0 6.0 4.0 10.0 3.0 8.0 4.0 6.0 7.0 9.0 8.0 6.0 7.0 6.0 5.0 3.0 1.0 0.0 8.0 3.0 9.0 7.0 5.0 1.0 4.0 6.0 6.0 7.0 6.0 9.0 7.0 10.0 1.0 6.0 10.0 6.0 4.0 6.0 4.0
30 5.0 2.0 6.0 7.0 4.0 4.0 5.0 2.0 3.0 6.0 8.0 6.0 2.0 8.0 2.0 2.0 9.0 7.0 5.0 6.0 6.0 3.0 8.0 7.0 9.0 2.0 7.0 3.0 8.0 0.0 8.0 5.0 7.0 2.0 1.0 5.0 7.0 4.0 9.0 1.0 1.0 3.0 4.0 4.0 1.0 6.0 8.0 4.0 2.0 6.0
31 8.0 8.0 6.0 3.0 9.0 8.0 5.0 3.0 3.0 1.0 2.0 9.0 4.0 8.0 8.0 1.0 1.0 4.0 1.0 7.0 5.0 1.0 9.0 2.0 6.0 8.0 1.0 6.0 3.0 8.0 0.0 9.0 9.0 8.0 2.0 6.0 6.0 6.0 5.0 7.0 5.0 5.0 10.0 1.0 10.0 3.0 7.0 7.0 1.0 9.0
32 8.0 7.0 4.0 3.0 6.0 7.0 5.0 3.0 4.0 4.0 6.0 8.0 8.0 3.0 9.0 1.0 5.0 2.0 1.0 6.0 4.0 5.0 9.0 3.0 8.0 10.0 9.0 6.0 9.0 5.0 9.0 0.0 2.0 7.0 10.0 2.0 7.0 6.0 2.0 9.0 4.0 6.0 1.0 3.0 5.0 9.0 5.0 2.0 3.0 6.0
33 10.0 3.0 3.0 4.0 8.0 7.0 9.0 7.0 2.0 1.0 10.0 7.0 3.0 1.0 4.0 6.0 10.0 5.0 9.0 1.0 1.0 4.0 1.0 3.0 1.0 1.0 10.0 6.0 7.0 7.0 9.0 2.0 0.0 3.0 9.0 4.0 7.0 8.0 5.0 1.0 10.0 1.0 3.0 8.0 2.0 2.0 2.0 10.0 7.0 9.0
34 1.0 6.0 5.0 7.0 2.0 3.0 7.0 4.0 3.0 8.0 8.0 5.0 3.0 10.0 7.0 6.0 10.0 9.0 2.0 5.0 9.0 1.0 6.0 10.0 5.0 7.0 1.0 9.0 5.0 2.0 8.0 7.0 3.0 0.0 5.0 10.0 5.0 8.0 2.0 1.0 4.0 10.0 5.0 3.0 7.0 4.0 7.0 5.0 8.0 1.0
35 7.0 3.0 5.0 10.0 6.0 5.0 2.0 2.0 4.0 9.0 8.0 9.0 2.0 6.0 7.0 4.0 4.0 4.0 10.0 3.0 6.0 10.0 2.0 4.0 7.0 7.0 10.0 6.0 1.0 1.0 2.0 10.0 9.0 5.0 0.0 7.0 1.0 5.0 10.0 1.0 6.0 6.0 8.0 10.0 6.0 3.0 6.0 3.0 10.0 9.0
36 3.0 6.0 10.0 3.0 8.0 3.0 4.0 8.0 7.0 5.0 7.0 8.0 10.0 3.0 7.0 1.0 3.0 6.0 7.0 8.0 5.0 1.0 9.0 7.0 5.0 3.0 4.0 8.0 4.0 5.0 6.0 2.0 4.0 10.0 7.0 0.0 7.0 9.0 5.0 5.0 10.0 9.0 9.0 3.0 2.0 6.0 2.0 2.0 5.0 8.0
37 5.0 7.0 8.0 9.0 8.0 3.0 10.0 1.0 10.0 2.0 2.0 2.0 1.0 7.0 8.0 7.0 9.0 2.0 2.0 2.0 3.0 5.0 4.0 9.0 6.0 10.0 1.0 9.0 6.0 7.0 6.0 7.0 7.0 5.0 1.0 7.0 0.0 6.0 3.0 3.0 4.0 9.0 10.0 9.0 9.0 5.0 4.0 1.0 10.0 9.0
38 5.0 5.0 4.0 3.0 5.0 4.0 8.0 9.0 5.0 6.0 10.0 6.0 1.0 7.0 8.0 9.0 3.0 3.0 6.0 2.0 4.0 1.0 10.0 6.0 3.0 7.0 9.0 9.0 6.0 4.0 6.0 6.0 8.0 8.0 5.0 9.0 6.0 0.0 9.0 2.0 3.0 3.0 5.0 4.0 3.0 6.0 9.0 8.0 4.0 5.0
39 8.0 4.0 1.0 10.0 5.0 4.0 3.0 7.0 6.0 4.0 9.0 10.0 2.0 2.0 2.0 9.0 9.0 6.0 3.0 6.0 10.0 1.0 3.0 3.0 3.0 4.0 2.0 2.0 7.0 9.0 5.0 2.0 5.0 2.0 10.0 5.0 3.0 9.0 0.0 2.0 8.0 6.0 1.0 9.0 5.0 1.0 10.0 3.0 7.0 2.0
40 4.0 5.0 7.0 2.0 4.0 9.0 6.0 6.0 3.0 9.0 4.0 3.0 3.0 7.0 10.0 4.0 10.0 1.0 9.0 7.0 5.0 5.0 9.0 5.0 9.0 7.0 3.0 6.0 6.0 1.0 7.0 9.0 1.0 1.0 1.0 5.0 3.0 2.0 2.0 0.0 10.0 8.0 9.0 10.0 10.0 8.0 4.0 8.0 10.0 5.0
41 3.0 5.0 9.0 1.0 5.0 10.0 3.0 6.0 3.0 3.0 3.0 2.0 1.0 2.0 6.0 8.0 2.0 8.0 6.0 1.0 7.0 2.0 9.0 3.0 2.0 7.0 7.0 10.0 9.0 1.0 5.0 4.0 10.0 4.0 6.0 10.0 4.0 3.0 8.0 10.0 0.0 4.0 3.0 9.0 7.0 7.0 7.0 4.0 9.0 2.0
42 3.0 7.0 8.0 10.0 2.0 9.0 5.0 3.0 7.0 5.0 2.0 1.0 9.0 2.0 2.0 7.0 6.0 8.0 8.0 6.0 6.0 9.0 7.0 6.0 1.0 8.0 8.0 8.0 7.0 3.0 5.0 6.0 1.0 10.0 6.0 9.0 9.0 3.0 6.0 8.0 4.0 0.0 1.0 7.0 1.0 8.0 6.0 5.0 6.0 7.0
43 4.0 4.0 4.0 9.0 9.0 8.0 10.0 8.0 10.0 4.0 2.0 9.0 10.0 6.0 2.0 4.0 5.0 2.0 8.0 9.0 1.0 10.0 2.0 4.0 7.0 2.0 3.0 10.0 10.0 4.0 10.0 1.0 3.0 5.0 8.0 9.0 10.0 5.0 1.0 9.0 3.0 1.0 0.0 9.0 10.0 7.0 6.0 1.0 1.0 5.0
44 8.0 3.0 10.0 6.0 3.0 1.0 2.0 8.0 2.0 2.0 2.0 10.0 6.0 8.0 7.0 9.0 10.0 3.0 4.0 2.0 10.0 1.0 10.0 2.0 8.0 8.0 8.0 1.0 1.0 4.0 1.0 3.0 8.0 3.0 10.0 3.0 9.0 4.0 9.0 10.0 9.0 7.0 9.0 0.0 9.0 5.0 7.0 3.0 2.0 6.0
45 7.0 1.0 2.0 8.0 7.0 3.0 9.0 8.0 1.0 9.0 10.0 10.0 1.0 7.0 9.0 5.0 6.0 6.0 4.0 4.0 8.0 6.0 2.0 3.0 9.0 3.0 6.0 8.0 6.0 1.0 10.0 5.0 2.0 7.0 6.0 2.0 9.0 3.0 5.0 10.0 7.0 1.0 10.0 9.0 0.0 5.0 8.0 1.0 5.0 7.0
46 6.0 9.0 6.0 6.0 10.0 6.0 9.0 5.0 9.0 10.0 4.0 9.0 10.0 4.0 6.0 1.0 8.0 4.0 7.0 1.0 5.0 1.0 7.0 10.0 5.0 10.0 4.0 7.0 10.0 6.0 3.0 9.0 2.0 4.0 3.0 6.0 5.0 6.0 1.0 8.0 7.0 8.0 7.0 5.0 5.0 0.0 9.0 5.0 1.0 6.0
47 3.0 6.0 8.0 7.0 7.0 6.0 4.0 8.0 2.0 2.0 7.0 2.0 4.0 6.0 3.0 3.0 9.0 2.0 5.0 10.0 1.0 1.0 1.0 1.0 4.0 9.0 1.0 2.0 6.0 8.0 7.0 5.0 2.0 7.0 6.0 2.0 4.0 9.0 10.0 4.0 7.0 6.0 6.0 7.0 8.0 9.0 0.0 8.0 1.0 7.0
48 10.0 6.0 2.0 3.0 3.0 1.0 7.0 9.0 5.0 5.0 9.0 2.0 9.0 9.0 7.0 10.0 4.0 7.0 4.0 2.0 7.0 10.0 6.0 9.0 1.0 4.0 1.0 4.0 4.0 4.0 7.0 2.0 10.0 5.0 3.0 2.0 1.0 8.0 3.0 8.0 4.0 5.0 1.0 3.0 1.0 5.0 8.0 0.0 10.0 6.0
49 9.0 4.0 6.0 7.0 4.0 8.0 3.0 4.0 7.0 5.0 5.0 1.0 3.0 4.0 5.0 10.0 3.0 8.0 5.0 9.0 7.0 5.0 9.0 9.0 7.0 3.0 7.0 2.0 6.0 2.0 1.0 3.0 7.0 8.0 10.0 5.0 10.0 4.0 7.0 10.0 9.0 6.0 1.0 2.0 5.0 1.0 1.0 10.0 0.0 8.0
50 8.0 2.0 8.0 9.0 8.0 4.0 2.0 9.0 6.0 7.0 4.0 2.0 2.0 1.0 5.0 1.0 3.0 6.0 1.0 6.0 4.0 1.0 6.0 4.0 3.0 10.0 8.0 2.0 4.0 6.0 9.0 6.0 9.0 1.0 9.0 8.0 9.0 5.0 2.0 5.0 2.0 7.0 5.0 6.0 7.0 6.0 7.0 6.0 8.0 0.0
