30
1 0.0 9.0 1.0 1.0 4.0 7.0 7.0 7.0 8.0 6.0 8.0 4.0 5.0 9.0 2.0 3.0 8.0 2.0 4.0 6.0 6.0 10.0 9.0 2.0 9.0 1.0 1.0 10.0 10.0 5.0
2 9.0 0.0 4.0 7.0 10.0 5.0 8.0 3.0 7.0 7.0 2.0 9.0 6.0 8.0 6.0 2.0 7.0 9.0 6.0 4.0 10.0 5.0 9.0 2.0 9.0 3.0 10.0 5.0 1.0 3.0
3 1.0 4.0 0.0 4.0 9.0 3.0 2.0 4.0 9.0 6.0 9.0 10.0 7.0 7.0 7.0 2.0 1.0 10.0 7.0 3.0 2.0 3.0 8.0 4.0 2.0 10.0 6.0 10.0 5.0 4.0
4 1.0 7.0 4.0 0.0 3.0 4.0 9.0 2.0 9.0 4.0 5.0 6.0 3.0 8.0 2.0 3.0 9.0 5.0 10.0 6.0 2.0 4.0 8.0 9.0 10.0 8.0 7.0 6.0 9.0 10.0
5 4.0 10.0 9.0 3.0 0.0 6.0 9.0 2.0 2.0 8.0 6.0 9.0 4.0 4.0 7.0 9.0 1.0 6.0 7.0 7.0 10.0 3.0 8.0 5.0 8.0 5.0 2.0 7.0 2.0 4.0
6 7.0 5.0 3.0 4.0 6.0 0.0 10.0 6.0 5.0 8.0 1.0 3.0 10.0 2.0 2.0 2.0 5.0 6.0 10.0 6.0 10.0 7.0 8.0 9.0 6.0 3.0 2.0 5.0 2.0 7.0
7 7.0 8.0 2.0 9.0 9.0 10.0 0.0 7.0 4.0 7.0 10.0 5.0 4.0 1.0 1.0 8.0 9.0 10.0 2.0 1.0 1.0 4.0 7.0 10.0 6.0 7.0 1.0 1.0 7.0 5.0
8 7.0 3.0 4.0 2.0 2.0 6.0 7.0 0.0 2.0 5.0 1.0 1.0 5.0 7.0 1.0 4.0 1.0 1.0 1.0 10.0 2.0 3.0 3.0 4.0 5.0 10.0 2.0 7.0 10.0 4.0
9 8.0 7.0 9.0 9.0 2.0 5.0 4.0 2.0 0.0 6.0 2.0 1.0 5.0 5.0 3.0 5.0 4.0 8.0 1.0 6.0 8.0 1.0 5.0 7.0 2.0 5.0 9.0 7.0 4.0 8.0
10 6.0 7.0 6.0 4.0 8.0 8.0 7.0 5.0 6.0 0.0 9.0 5.0 6.0 1.0 5.0 1.0 5.0 9.0 9.0 4.0 3.0 8.0 3.0 2.0 9.0 1.0 5.0 2.0 3.0 10.0
11 8.0 2.0 9.0 5.0 6.0 1.0 10.0 1.0 2.0 9.0 0.0 2.0 6.0 2.0 4.0 3.0 3.0 9.0 5.0 1.0 9.0 10.0 10.0 8.0 6.0 7.0 9.0 1.0 4.0 7.0
12 4.0 9.0 10.0 6.0 9.0 3.0 5.0 1.0 1.0 5.0 2.0 0.0 6.0 3.0 1.0 3.0 9.0 1.0 6.0 8.0 9.0 2.0 8.0 8.0 4.0 4.0 4.0 4.0 1.0 6.0
13 5.0 6.0 7.0 3.0 4.0 10.0 4.0 5.0 5.0 6.0 6.0 6.0 0.0 10.0 5.0 8.0 8.0 10.0 7.0 3.0 5.0 4.0 9.0 4.0 2.0 4.0 4.0 7.0 9.0 5.0
14 9.0 8.0 7.0 8.0 4.0 2.0 1.0 7.0 5.0 1.0 2.0 3.0 10.0 0.0 10.0 5.0 10.0 3.0 7.0 1.0 8.0 4.0 6.0 4.0 7.0 2.0 5.0 3.0 9.0 1.0
15 2.0 6.0 7.0 2.0 7.0 2.0 1.0 1.0 3.0 5.0 4.0 1.0 5.0 10.0 0.0 3.0 7.0 1.0 3.0 4.0 4.0 7.0 9.0 1.0 2.0 10.0 6.0 9.0 3.0 1.0
16 3.0 2.0 2.0 3.0 9.0 2.0 8.0 4.0 5.0 1.0 3.0 3.0 8.0 5.0 3.0 0.0 4.0 1.0 9.0 3.0 5.0 3.0 5.0 3.0 1.0 1.0 4.0 3.0 9.0 3.0
17 8.0 7.0 1.0 9.0 1.0 5.0 9.0 1.0 4.0 5.0 3.0 9.0 8.0 10.0 7.0 4.0 0.0 8.0 5.0 3.0 9.0 3.0 10.0 5.0 8.0 5.0 10.0 7.0 1.0 4.0
18 2.0 9.0 10.0 5.0 6.0 6.0 10.0 1.0 8.0 9.0 9.0 1.0 10.0 3.0 1.0 1.0 8.0 0.0 9.0 2.0 8.0 6.0 7.0 2.0 7.0 2.0 5.0 6.0 6.0 6.0
19 4.0 6.0 7.0 10.0 7.0 10.0 2.0 1.0 1.0 9.0 5.0 6.0 7.0 7.0 3.0 9.0 5.0 9.0 0.0 10.0 8.0 6.0 8.0 1.0 4.0 1.0 1.0 2.0 3.0 7.0
20 6.0 4.0 3.0 6.0 7.0 6.0 1.0 10.0 6.0 4.0 1.0 8.0 3.0 1.0 4.0 3.0 3.0 2.0 10.0 0.0 8.0 2.0 5.0 1.0 4.0 2.0 6.0 4.0 4.0 9.0
21 6.0 10.0 2.0 2.0 10.0 10.0 1.0 2.0 8.0 3.0 9.0 9.0 5.0 8.0 4.0 5.0 9.0 8.0 8.0 8.0 0.0 8.0 6.0 7.0 7.0 6.0 10.0 1.0 4.0 3.0
22 10.0 5.0 3.0 4.0 3.0 7.0 4.0 3.0 1.0 8.0 10.0 2.0 4.0 4.0 7.0 3.0 3.0 6.0 6.0 2.0 8.0 0.0 1.0 3.0 3.0 4.0 3.0 2.0 6.0 7.0
23 9.0 9.0 8.0 8.0 8.0 8.0 7.0 3.0 5.0 3.0 10.0 8.0 9.0 6.0 9.0 5.0 10.0 7.0 8.0 5.0 6.0 1.0 0.0 6.0 4.0 4.0 5.0 4.0 4.0 9.0
24 2.0 2.0 4.0 9.0 5.0 9.0 10.0 4.0 7.0 2.0 8.0 8.0 4.0 4.0 1.0 3.0 5.0 2.0 1.0 1.0 7.0 3.0 6.0 0.0 8.0 4.0 9.0 7.0 9.0 5.0
25 9.0 9.0 2.0 10.0 8.0 6.0 6.0 5.0 2.0 9.0 6.0 4.0 2.0 7.0 2.0 1.0 8.0 7.0 4.0 4.0 7.0 3.0 4.0 8.0 0.0 7.0 1.0 6.0 4.0 8.0
26 1.0 3.0 10.0 8.0 5.0 3.0 7.0 10.0 5.0 1.0 7.0 4.0 4.0 2.0 10.0 1.0 5.0 2.0 1.0 2.0 6.0 4.0 4.0 4.0 7.0 0.0 8.0 3.0 1.0 6.0
27 1.0 10.0 6.0 7.0 2.0 2.0 1.0 2.0 9.0 5.0 9.0 4.0 4.0 5.0 6.0 4.0 10.0 5.0 1.0 6.0 10.0 3.0 5.0 9.0 1.0 8.0 0.0 8.0 4.0 9.0
28 10.0 5.0 10.0 6.0 7.0 5.0 1.0 7.0 7.0 2.0 1.0 4.0 7.0 3.0 9.0 3.0 7.0 6.0 2.0 4.0 1.0 2.0 4.0 7.0 6.0 3.0 8.0 0.0 6.0 8.0
29 10.0 1.0 5.0 9.0 2.0 2.0 7.0 10.0 4.0 3.0 4.0 1.0 9.0 9.0 3.0 9.0 1.0 6.0 3.0 4.0 4.0 6.0 4.0 9.0 4.0 1.0 4.0 6.0 0.0 2.0
30 5.0 3.0 4.0 10.0 4.0 7.0 5.0 4.0 8.0 10.0 7.0 6.0 5.0 1.0 1.0 3.0 4.0 6.0 7.0 9.0 3.0 7.0 9.0 5.0 8.0 6.0 9.0 8.0 2.0 0.0
