45
1 0.0 4.0 7.0 2.0 6.0 2.0 8.0 1.0 8.0 4.0 7.0 1.0 6.0 2.0 6.0 5.0 7.0 5.0 6.0 4.0 9.0 2.0 6.0 9.0 1.0 3.0 9.0 5.0 7.0 6.0 7.0 8.0 8.0 10.0 2.0 1.0 1.0 5.0 7.0 9.0 1.0 6.0 9.0 6.0 3.0
2 4.0 0.0 2.0 10.0 7.0 1.0 10.0 7.0 10.0 7.0 3.0 1.0 4.0 4.0 6.0 3.0 9.0 3.0 5.0 9.0 3.0 10.0 8.0 6.0 4.0 6.0 7.0 2.0 3.0 1.0 1.0 2.0 10.0 10.0 10.0 9.0 2.0 1.0 6.0 6.0 9.0 1.0 10.0 1.0 7.0
3 7.0 2.0 0.0 6.0 2.0 3.0 4.0 9.0 5.0 8.0 5.0 5.0 4.0 10.0 5.0 3.0 9.0 10.0 7.0 4.0 1.0 10.0 10.0 5.0 9.0 2.0 7.0 7.0 6.0 4.0 4.0 5.0 2.0 1.0 4.0 8.0 3.0 8.0 1.0 8.0 7.0 8.0 9.0 6.0 6.0
4 2.0 10.0 6.0 0.0 4.0 3.0 7.0 8.0 6.0 5.0 3.0 10.0 8.0 1.0 7.0 8.0 4.0 7.0 4.0 4.0 8.0 8.0 5.0 5.0 4.0 6.0 5.0 7.0 8.0 4.0 8.0 8.0 8.0 8.0 1.0 10.0 9.0 5.0 9.0 9.0 1.0 5.0 10.0 2.0 7.0
5 6.0 7.0 2.0 4.0 0.0 3.0 5.0 2.0 10.0 3.0 3.0 8.0 8.0 8.0 6.0 8.0 6.0 10.0 9.0 6.0 9.0 10.0 10.0 1.0 10.0 2.0 3.0 4.0 5.0 6.0 3.0 6.0 4.0 5.0 9.0 9.0 4.0 1.0 9.0 1.0 10.0 10.0 2.0 10.0 5.0
6 2.0 1.0 3.0 3.0 3.0 0.0 5.0 6.0 5.0 1.0 5.0 5.0 5.0 5.0 7.0 7.0 8.0 5.0 1.0 4.0 2.0 8.0 6.0 9.0 4.0 3.0 3.0 10.0 6.0 4.0 6.0 7.0 6.0 8.0 2.0 2.0 6.0 7.0 1.0 10.0 7.0 4.0 8.0 5.0 3.0
7 8.0 10.0 4.0 7.0 5.0 5.0 0.0 8.0 7.0 10.0 5.0 4.0 1.0 3.0 7.0 9.0 1.0 10.0 5.0 6.0 3.0 6.0 4.0 8.0 6.0 5.0 10.0 8.0 5.0 8.0 4.0 3.0 9.0 6.0 10.0 8.0 1.0 6.0 7.0 9.0 10.0 5.0 7.0 2.0 1.0
8 1.0 7.0 9.0 8.0 2.0 6.0 8.0 0.0 2.0 2.0 3.0 4.0 7.0 8.0 4.0 6.0 2.0 1.0 9.0 1.0 9.0 10.0 9.0 1.0 2.0 7.0 8.0 7.0 6.0 5.0 2.0 1.0 9.0 3.0 7.0 3.0 2.0 1.0 6.0 2.0 8.0 6.0 4.0 4.0 3.0
9 8.0 10.0 5.0 6.0 10.0 5.0 7.0 2.0 0.0 8.0 10.0 10.0 1.0 2.0 1.0 9.0 4.0 4.0 10.0 4.0 2.0 10.0 4.0 6.0 5.0 2.0 10.0 5.0 7.0 1.0 9.0 2.0 1.0 5.0 8.0 7.0 1.0 1.0 2.0 9.0 9.0 2.0 6.0 1.0 5.0
10 4.0 7.0 8.0 5.0 3.0 1.0 10.0 2.0 8.0 0.0 9.0 4.0 7.0 5.0 3.0 10.0 7.0 9.0 3.0 4.0 6.0 7.0 7.0 3.0 3.0 8.0 6.0 7.0 1.0 4.0 4.0 6.0 8.0 6.0 4.0 4.0 7.0 6.0 3.0 8.0 9.0 10.0 2.0 7.0 4.0
11 7.0 3.0 5.0 3.0 3.0 5.0 5.0 3.0 10.0 9.0 0.0 2.0 4.0 2.0 8.0 7.0 8.0 2.0 10.0 7.0 5.0 5.0 9.0 2.0 4.0 8.0 6.0 8.0 9.0 9.0 5.0 6.0 10.0 6.0 8.0 2.0 2.0 2.0 1.0 7.0 6.0 3.0 10.0 6.0 9.0
12 1.0 1.0 5.0 10.0 8.0 5.0 4.0 4.0 10.0 4.0 2.0 0.0 5.0 6.0 8.0 7.0 1.0 5.0 10.0 10.0 8.0 8.0 6.0 6.0 6.0 5.0 7.0 2.0 5.0 2.0 2.0 1.0 5.0 2.0 5.0 8.0 9.0 6.0 3.0 9.0 9.0 6.0 5.0 1.0 10.0
13 6.0 4.0 4.0 8.0 8.0 5.0 1.0 7.0 1.0 7.0 4.0 5.0 0.0 8.0 2.0 1.0 5.0 6.0 2.0 1.0 5.0 3.0 8.0 5.0 2.0 2.0 7.0 4.0 3.0 9.0 9.0 7.0 2.0 4.0 9.0 5.0 8.0 1.0 6.0 5.0 1.0 5.0 4.0 4.0 9.0
14 2.0 4.0 10.0 1.0 8.0 5.0 3.0 8.0 2.0 5.0 2.0 6.0 8.0 0.0 9.0 1.0 5.0 7.0 3.0 4.0 1.0 2.0 7.0 9.0 3.0 9.0 9.0 5.0 4.0 8.0 6.0 9.0 7.0 7.0 5.0 1.0 4.0 5.0 9.0 9.0 4.0 9.0 7.0 5.0 1.0
15 6.0 6.0 5.0 7.0 6.0 7.0 7.0 4.0 1.0 3.0 8.0 8.0 2.0 9.0 0.0 5.0 3.0 2.0 7.0 2.0 10.0 6.0 8.0 5.0 6.0 1.0 4.0 9.0 10.0 1.0 6.0 4.0 3.0 5.0 8.0 2.0 3.0 9.0 4.0 5.0 6.0 2.0 3.0 1.0 2.0
16 5.0 3.0 3.0 8.0 8.0 7.0 9.0 6.0 9.0 10.0 7.0 7.0 1.0 1.0 5.0 0.0 7.0 7.0 3.0 10.0 5.0 1.0 10.0 10.0 7.0 7.0 9.0 8.0 6.0 8.0 4.0 5.0 9.0 8.0 6.0 7.0 1.0 2.0 10.0 5.0 1.0 3.0 7.0 10.0 1.0
17 7.0 9.0 9.0 4.0 6.0 8.0 1.0 2.0 4.0 7.0 8.0 1.0 5.0 5.0 3.0 7.0 0.0 1.0 8.0 4.0 6.0 5.0 2.0 6.0 3.0 8.0 1.0 1.0 8.0 1.0 6.0 10.0 6.0 10.0 8.0 2.0 9.0 5.0 2.0 5.0 2.0 7.0 7.0 5.0 7.0
18 5.0 3.0 10.0 7.0 10.0 5.0 10.0 1.0 4.0 9.0 2.0 5.0 6.0 7.0 2.0 7.0 1.0 0.0 9.0 2.0 6.0 2.0 9.0 8.0 6.0 6.0 3.0 10.0 9.0 2.0 5.0 4.0 7.0 4.0 1.0 8.0 3.0 4.0 8.0 4.0 8.0 4.0 7.0 10.0 3.0
19 6.0 5.0 7.0 4.0 9.0 1.0 5.0 9.0 10.0 3.0 10.0 10.0 2.0 3.0 7.0 3.0 8.0 9.0 0.0 8.0 1.0 10.0 4.0 1.0 5.0 3.0 6.0 6.0 5.0 2.0 9.0 1.0 3.0 4.0 6.0 7.0 8.0 3.0 2.0 10.0 6.0 2.0 6.0 7.0 5.0
20 4.0 9.0 4.0 4.0 6.0 4.0 6.0 1.0 4.0 4.0 7.0 10.0 1.0 4.0 2.0 10.0 4.0 2.0 8.0 0.0 10.0 3.0 10.0 9.0 1.0 10.0 5.0 10.0 6.0 5.0 10.0 7.0 8.0 8.0 9.0 3.0 10.0 10.0 2.0 3.0 4.0 2.0 2.0 5.0 7.0
21 9.0 3.0 1.0 8.0 9.0 2.0 3.0 9.0 2.0 6.0 5.0 8.0 5.0 1.0 10.0 5.0 6.0 6.0 1.0 10.0 0.0 5.0 3.0 4.0 4.0 6.0 1.0 7.0 4.0 6.0 8.0 7.0 1.0 5.0 4.0 10.0 1.0 8.0 6.0 6.0 6.0 5.0 7.0 6.0 9.0
22 2.0 10.0 10.0 8.0 10.0 8.0 6.0 10.0 10.0 7.0 5.0 8.0 3.0 2.0 6.0 1.0 5.0 2.0 10.0 3.0 5.0 0.0 1.0 8.0 7.0 5.0 5.0 7.0 4.0 8.0 5.0 8.0 3.0 9.0 7.0 5.0 2.0 6.0 10.0 7.0 2.0 4.0 9.0 9.0 2.0
23 6.0 8.0 10.0 5.0 10.0 6.0 4.0 9.0 4.0 7.0 9.0 6.0 8.0 7.0 8.0 10.0 2.0 9.0 4.0 10.0 3.0 1.0 0.0 2.0 2.0 3.0 10.0 5.0 2.0 7.0 7.0 10.0 1.0 4.0 4.0 9.0 8.0 9.0 10.0 5.0 7.0 3.0 6.0 8.0 6.0
24 9.0 6.0 5.0 5.0 1.0 9.0 8.0 1.0 6.0 3.0 2.0 6.0 5.0 9.0 5.0 10.0 6.0 8.0 1.0 9.0 4.0 8.0 2.0 0.0 4.0 9.0 2.0 8.0 3.0 8.0 8.0 10.0 6.0 4.0 6.0 2.0 7.0 3.0 1.0 5.0 2.0 3.0 3.0 4.0 7.0
25 1.0 4.0 9.0 4.0 10.0 4.0 6.0 2.0 5.0 3.0 4.0 6.0 2.0 3.0 6.0 7.0 3.0 6.0 5.0 1.0 4.0 7.0 2.0 4.0 0.0 1.0 10.0 9.0 6.0 1.0 9.0 4.0 6.0 2.0 4.0 5.0 10.0 10.0 9.0 8.0 1.0 1.0 4.0 1.0 2.0
26 3.0 6.0 2.0 6.0 2.0 3.0 5.0 7.0 2.0 8.0 8.0 5.0 2.0 9.0 1.0 7.0 8.0 6.0 3.0 10.0 6.0 5.0 3.0 9.0 1.0 0.0 7.0 5.0 2.0 2.0 6.0 10.0 9.0 8.0 8.0 1.0 4.0 8.0 7.0 9.0 3.0 7.0 3.0 9.0 6.0
27 9.0 7.0 7.0 5.0 3.0 3.0 10.0 8.0 10.0 6.0 6.0 7.0 7.0 9.0 4.0 9.0 1.0 3.0 6.0 5.0 1.0 5.0 10.0 2.0 10.0 7.0 0.0 5.0 6.0 9.0 7.0 3.0 9.0 7.0 3.0 10.0 8.0 7.0 3.0 5.0 2.0 9.0 4.0 6.0 8.0
28 5.0 2.0 7.0 7.0 4.0 10.0 8.0 7.0 5.0 7.0 8.0 2.0 4.0 5.0 9.0 8.0 1.0 10.0 6.0 10.0 7.0 7.0 5.0 8.0 9.0 5.0 5.0 0.0 3.0 8.0 8.0 3.0 6.0 2.0 1.0 7.0 1.0 3.0 9.0 9.0 10.0 2.0 4.0 2.0 3.0
29 7.0 3.0 6.0 8.0 5.0 6.0 5.0 6.0 7.0 1.0 9.0 5.0 3.0 4.0 10.0 6.0 8.0 9.0 5.0 6.0 4.0 4.0 2.0 3.0 6.0 2.0 6.0 3.0 0.0 2.0 9.0 4.0 4.0 6.0 4.0 1.0 7.0 2.0 5.0 6.0 2.0 9.0 4.0 4.0 3.0
30 6.0 1.0 4.0 4.0 6.0 4.0 8.0 5.0 1.0 4.0 9.0 2.0 9.0 8.0 1.0 8.0 1.0 2.0 2.0 5.0 6.0 8.0 7.0 8.0 1.0 2.0 9.0 8.0 2.0 0.0 7.0 8.0 4.0 1.0 2.0 8.0 3.0 9.0 6.0 1.0 5.0 5.0 3.0 5.0 9.0
31 7.0 1.0 4.0 8.0 3.0 6.0 4.0 2.0 9.0 4.0 5.0 2.0 9.0 6.0 6.0 4.0 6.0 5.0 9.0 10.0 8.0 5.0 7.0 8.0 9.0 6.0 7.0 8.0 9.0 7.0 0.0 6.0 2.0 5.0 9.0 3.0 5.0 8.0 10.0 9.0 2.0 5.0 3.0 4.0 10.0
32 8.0 2.0 5.0 8.0 6.0 7.0 3.0 1.0 2.0 6.0 6.0 1.0 7.0 9.0 4.0 5.0 10.0 4.0 1.0 7.0 7.0 8.0 10.0 10.0 4.0 10.0 3.0 3.0 4.0 8.0 6.0 0.0 3.0 4.0 3.0 7.0 4.0 3.0 10.0 9.0 7.0 8.0 10.0 9.0 6.0
33 8.0 10.0 2.0 8.0 4.0 6.0 9.0 9.0 1.0 8.0 10.0 5.0 2.0 7.0 3.0 9.0 6.0 7.0 3.0 8.0 1.0 3.0 1.0 6.0 6.0 9.0 9.0 6.0 4.0 4.0 2.0 3.0 0.0 7.0 10.0 10.0 10.0 8.0 7.0 7.0 9.0 5.0 9.0 2.0 7.0
34 10.0 10.0 1.0 8.0 5.0 8.0 6.0 3.0 5.0 6.0 6.0 2.0 4.0 7.0 5.0 8.0 10.0 4.0 4.0 8.0 5.0 9.0 4.0 4.0 2.0 8.0 7.0 2.0 6.0 1.0 5.0 4.0 7.0 0.0 2.0 7.0 10.0 3.0 6.0 10.0 6.0 1.0 4.0 2.0 4.0
35 2.0 10.0 4.0 1.0 9.0 2.0 10.0 7.0 8.0 4.0 8.0 5.0 9.0 5.0 8.0 6.0 8.0 1.0 6.0 9.0 4.0 7.0 4.0 6.0 4.0 8.0 3.0 1.0 4.0 2.0 9.0 3.0 10.0 2.0 0.0 10.0 1.0 1.0 9.0 3.0 2.0 9.0 5.0 7.0 5.0
36 1.0 9.0 8.0 10.0 9.0 2.0 8.0 3.0 7.0 4.0 2.0 8.0 5.0 1.0 2.0 7.0 2.0 8.0 7.0 3.0 10.0 5.0 9.0 2.0 5.0 1.0 10.0 7.0 1.0 8.0 3.0 7.0 10.0 7.0 10.0 0.0 5.0 4.0 7.0 3.0 1.0 10.0 4.0 10.0 6.0
37 1.0 2.0 3.0 9.0 4.0 6.0 1.0 2.0 1.0 7.0 2.0 9.0 8.0 4.0 3.0 1.0 9.0 3.0 8.0 10.0 1.0 2.0 8.0 7.0 10.0 4.0 8.0 1.0 7.0 3.0 5.0 4.0 10.0 10.0 1.0 5.0 0.0 4.0 2.0 7.0 8.0 3.0 1.0 10.0 4.0
38 5.0 1.0 8.0 5.0 1.0 7.0 6.0 1.0 1.0 6.0 2.0 6.0 1.0 5.0 9.0 2.0 5.0 4.0 3.0 10.0 8.0 6.0 9.0 3.0 10.0 8.0 7.0 3.0 2.0 9.0 8.0 3.0 8.0 3.0 1.0 4.0 4.0 0.0 6.0 6.0 5.0 5.0 2.0 7.0 7.0
39 7.0 6.0 1.0 9.0 9.0 1.0 7.0 6.0 2.0 3.0 1.0 3.0 6.0 9.0 4.0 10.0 2.0 8.0 2.0 2.0 6.0 10.0 10.0 1.0 9.0 7.0 3.0 9.0 5.0 6.0 10.0 10.0 7.0 6.0 9.0 7.0 2.0 6.0 0.0 10.0 10.0 1.0 9.0 10.0 8.0
40 9.0 6.0 8.0 9.0 1.0 10.0 9.0 2.0 9.0 8.0 7.0 9.0 5.0 9.0 5.0 5.0 5.0 4.0 10.0 3.0 6.0 7.0 5.0 5.0 8.0 9.0 5.0 9.0 6.0 1.0 9.0 9.0 7.0 10.0 3.0 3.0 7.0 6.0 10.0 0.0 4.0 5.0 6.0 3.0 9.0
41 1.0 9.0 7.0 1.0 10.0 7.0 10.0 8.0 9.0 9.0 6.0 9.0 1.0 4.0 6.0 1.0 2.0 8.0 6.0 4.0 6.0 2.0 7.0 2.0 1.0 3.0 2.0 10.0 2.0 5.0 2.0 7.0 9.0 6.0 2.0 1.0 8.0 5.0 10.0 4.0 0.0 7.0 6.0 6.0 6.0
42 6.0 1.0 8.0 5.0 10.0 4.0 5.0 6.0 2.0 10.0 3.0 6.0 5.0 9.0 2.0 3.0 7.0 4.0 2.0 2.0 5.0 4.0 3.0 3.0 1.0 7.0 9.0 2.0 9.0 5.0 5.0 8.0 5.0 1.0 9.0 10.0 3.0 5.0 1.0 5.0 7.0 0.0 6.0 8.0 5.0
43 9.0 10.0 9.0 10.0 2.0 8.0 7.0 4.0 6.0 2.0 10.0 5.0 4.0 7.0 3.0 7.0 7.0 7.0 6.0 2.0 7.0 9.0 6.0 3.0 4.0 3.0 4.0 4.0 4.0 3.0 3.0 10.0 9.0 4.0 5.0 4.0 1.0 2.0 9.0 6.0 6.0 6.0 0.0 9.0 2.0
44 6.0 1.0 6.0 2.0 10.0 5.0 2.0 4.0 1.0 7.0 6.0 1.0 4.0 5.0 1.0 10.0 5.0 10.0 7.0 5.0 6.0 9.0 8.0 4.0 1.0 9.0 6.0 2.0 4.0 5.0 4.0 9.0 2.0 2.0 7.0 10.0 10.0 7.0 10.0 3.0 6.0 8.0 9.0 0.0 9.0
45 3.0 7.0 6.0 7.0 5.0 3.0 1.0 3.0 5.0 4.0 9.0 10.0 9.0 1.0 2.0 1.0 7.0 3.0 5.0 7.0 9.0 2.0 6.0 7.0 2.0 6.0 8.0 3.0 3.0 9.0 10.0 6.0 7.0 4.0 5.0 6.0 4.0 7.0 8.0 9.0 6.0 5.0 2.0 9.0 0.0
