60
1 0.0 8.0 1.0 2.0 1.0 6.0 2.0 4.0 2.0 1.0 4.0 7.0 9.0 4.0 7.0 8.0 8.0 4.0 4.0 10.0 8.0 6.0 8.0 8.0 5.0 3.0 5.0 4.0 3.0 7.0 6.0 7.0 3.0 6.0 2.0 9.0 1.0 10.0 3.0 2.0 10.0 8.0 2.0 10.0 10.0 1.0 7.0 2.0 1.0 5.0 4.0 4.0 3.0 6.0 3.0 9.0 9.0 2.0 1.0 6.0
2 8.0 0.0 6.0 2.0 4.0 9.0 5.0 5.0 1.0 4.0 9.0 3.0 10.0 4.0 6.0 3.0 6.0 4.0 5.0 7.0 1.0 10.0 6.0 3.0 3.0 4.0 9.0 6.0 7.0 9.0 7.0 10.0 2.0 3.0 4.0 1.0 2.0 8.0 9.0 3.0 4.0 1.0 8.0 5.0 9.0 3.0 6.0 1.0 6.0 6.0 1.0 7.0 8.0 9.0 3.0 10.0 2.0 8.0 4.0 7.0
3 1.0 6.0 0.0 5.0 8.0 9.0 6.0 5.0 1.0 2.0 3.0 6.0 8.0 5.0 9.0 8.0 2.0 9.0 8.0 1.0 7.0 6.0 3.0 10.0 6.0 6.0 10.0 5.0 4.0 6.0 3.0 4.0 5.0 5.0 5.0 4.0 6.0 1.0 1.0 2.0 6.0 2.0 10.0 8.0 7.0 4.0 6.0 4.0 10.0 10.0 2.0 1.0 7.0 10.0 6.0 4.0 6.0 10.0 4.0 9.0
4 2.0 2.0 5.0 0.0 2.0 3.0 6.0 6.0 5.0 1.0 4.0 6.0 2.0 1.0 2.0 8.0 6.0 4.0 1.0 3.0 10.0 1.0 4.0 7.0 7.0 2.0 10.0 9.0 10.0 10.0 2.0 9.0 7.0 2.0 10.0 1.0 3.0 5.0 1.0 4.0 10.0 10.0 1.0 3.0 2.0 6.0 5.0 1.0 10.0 7.0 10.0 4.0 3.0 6.0 7.0 8.0 2.0 5.0 1.0 1.0
5 1.0 4.0 8.0 2.0 0.0 10.0 3.0 9.0 7.0 9.0 10.0 1.0 6.0 9.0 6.0 5.0 5.0 4.0 1.0 1.0 8.0 3.0 7.0 8.0 10.0 6.0 5.0 7.0 10.0 5.0 3.0 6.0 8.0 8.0 10.0 8.0 7.0 2.0 3.0 10.0 4.0 8.0 10.0 4.0 1.0 7.0 9.0 6.0 3.0 6.0 6.0 8.0 5.0 10.0 4.0 3.0 4.0 9.0 1.0 1.0
6 6.0 9.0 9.0 3.0 10.0 0.0 2.0 6.0 1.0 4.0 3.0 7.0 10.0 10.0 5.0 3.0 7.0 5.0 1.0 4.0 10.0 7.0 6.0 10.0 1.0 4.0 5.0 2.0 6.0 7.0 8.0 7.0 8.0 4.0 4.0 10.0 2.0 4.0 5.0 8.0 6.0 2.0 3.0 8.0 2.0 6.0 3.0 5.0 8.0 2.0 6.0 5.0 7.0 8.0 6.0 1.0 7.0 7.0 10.0 3.0
7 2.0 5.0 6.0 6.0 3.0 2.0 0.0 4.0 2.0 7.0 9.0 10.0 8.0 3.0 9.0 7.0 9.0 1.0 9.0 5.0 6.0 7.0 1.0 5.0 9.0 6.0 10.0 8.0 2.0 6.0 4.0 8.0 8.0 8.0 5.0 4.0 1.0 6.0 1.0 10.0 8.0 3.0 6.0 1.0 4.0 2.0 5.0 8.0 7.0 7.0 4.0 4.0 9.0 2.0 10.0 10.0 10.0 7.0 6.0 5.0
8 4.0 5.0 5.0 6.0 9.0 6.0 4.0 0.0 6.0 5.0 10.0 4.0 6.0 6.0 8.0 7.0 6.0 10.0 10.0 4.0 3.0 4.0 3.0 1.0 6.0 5.0 7.0 3.0 10.0 2.0 6.0 4.0 6.0 10.0 9.0 3.0 10.0 9.0 2.0 7.0 6.0 1.0 3.0 8.0 9.0 10.0 2.0 5.0 4.0 3.0 7.0 7.0 2.0 2.0 8.0 9.0 6.0 10.0 5.0 3.0
9 2.0 1.0 1.0 5.0 7.0 1.0 2.0 6.0 0.0 4.0 7.0 5.0 5.0 5.0 2.0 3.0 1.0 3.0 4.0 9.0 4.0 2.0 2.0 2.0 6.0 4.0 9.0 8.0 3.0 1.0 2.0 8.0 1.0 3.0 2.0 9.0 1.0 7.0 5.0 4.0 1.0 3.0 1.0 5.0 2.0 6.0 10.0 3.0 8.0 10.0 4.0 10.0 2.0 5.0 5.0 8.0 9.0 7.0 5.0 5.0
10 1.0 4.0 2.0 1.0 9.0 4.0 7.0 5.0 4.0 0.0 1.0 1.0 10.0 2.0 5.0 5.0 3.0 2.0 1.0 2.0 6.0 3.0 4.0 4.0 5.0 8.0 3.0 8.0 6.0 9.0 3.0 7.0 4.0 5.0 9.0 3.0 7.0 7.0 2.0 8.0 7.0 1.0 7.0 9.0 1.0 3.0 1.0 2.0 2.0 6.0 2.0 5.0 3.0 4.0 1.0 10.0 3.0 8.0 6.0 4.0
11 4.0 9.0 3.0 4.0 10.0 3.0 9.0 10.0 7.0 1.0 0.0 7.0 6.0 4.0 10.0 3.0 5.0 5.0 7.0 9.0 4.0 8.0 7.0 1.0 1.0 6.0 1.0 9.0 2.0 8.0 7.0 2.0 8.0 8.0 4.0 9.0 5.0 1.0 9.0 2.0 3.0 1.0 4.0 5.0 8.0 8.0 5.0 8.0 2.0 8.0 3.0 7.0 7.0 1.0 6.0 10.0 7.0 4.0 3.0 9.0
12 7.0 3.0 6.0 6.0 1.0 7.0 10.0 4.0 5.0 1.0 7.0 0.0 10.0 7.0 5.0 4.0 7.0 6.0 3.0 1.0 6.0 9.0 3.0 9.0 10.0 7.0 7.0 5.0 4.0 7.0 5.0 1.0 2.0 5.0 8.0 1.0 2.0 9.0 8.0 4.0 6.0 1.0 4.0 6.0 10.0 4.0 5.0 8.0 1.0 5.0 9.0 3.0 8.0 8.0 2.0 8.0 4.0 9.0 2.0 2.0
13 9.0 10.0 8.0 2.0 6.0 10.0 8.0 6.0 5.0 10.0 6.0 10.0 0.0 7.0 5.0 7.0 4.0 7.0 5.0 8.0 6.0 4.0 3.0 2.0 1.0 6.0 9.0 1.0 7.0 10.0 4.0 3.0 4.0 2.0 6.0 6.0 1.0 4.0 2.0 3.0 3.0 8.0 8.0 5.0 10.0 9.0 9.0 7.0 7.0 7.0 3.0 10.0 6.0 4.0 7.0 8.0 8.0 10.0 4.0 6.0
14 4.0 4.0 5.0 1.0 9.0 10.0 3.0 6.0 5.0 2.0 4.0 7.0 7.0 0.0 7.0 6.0 10.0 2.0 8.0 8.0 3.0 4.0 2.0 3.0 1.0 5.0 8.0 9.0 3.0 7.0 6.0 2.0 6.0 10.0 10.0 4.0 7.0 6.0 7.0 3.0 10.0 10.0 1.0 4.0 10.0 5.0 5.0 8.0 2.0 3.0 10.0 9.0 6.0 1.0 8.0 10.0 9.0 8.0 10.0 10.0
15 7.0 6.0 9.0 2.0 6.0 5.0 9.0 8.0 2.0 5.0 10.0 5.0 5.0 7.0 0.0 1.0 2.0 1.0 1.0 5.0 9.0 2.0 9.0 4.0 5.0 5.0 4.0 2.0 10.0 8.0 10.0 1.0 5.0 1.0 4.0 10.0 6.0 6.0 7.0 3.0 9.0 4.0 8.0 3.0 4.0 3.0 8.0 8.0 8.0 4.0 2.0 7.0 4.0 6.0 2.0 8.0 4.0 3.0 8.0 1.0
16 8.0 3.0 8.0 8.0 5.0 3.0 7.0 7.0 3.0 5.0 3.0 4.0 7.0 6.0 1.0 0.0 7.0 8.0 8.0 9.0 10.0 8.0 4.0 8.0 8.0 1.0 5.0 10.0 6.0 3.0 10.0 1.0 7.0 9.0 9.0 3.0 1.0 10.0 10.0 2.0 2.0 9.0 1.0 9.0 6.0 8.0 4.0 6.0 2.0 8.0 7.0 5.0 6.0 7.0 5.0 10.0 5.0 9.0 9.0 1.0
17 8.0 6.0 2.0 6.0 5.0 7.0 9.0 6.0 1.0 3.0 5.0 7.0 4.0 10.0 2.0 7.0 0.0 6.0 9.0 1.0 3.0 10.0 4.0 2.0 8.0 4.0 2.0 4.0 7.0 9.0 1.0 9.0 5.0 9.0 1.0 7.0 6.0 2.0 6.0 10.0 10.0 8.0 5.0 2.0 7.0 2.0 6.0 2.0 9.0 9.0 5.0 5.0 4.0 7.0 5.0 7.0 6.0 10.0 9.0 4.0
18 4.0 4.0 9.0 4.0 4.0 5.0 1.0 10.0 3.0 2.0 5.0 6.0 7.0 2.0 1.0 8.0 6.0 0.0 9.0 8.0 5.0 10.0 9.0 10.0 9.0 6.0 2.0 3.0 4.0 10.0 5.0 10.0 7.0 9.0 8.0 2.0 4.0 3.0 4.0 10.0 6.0 10.0 8.0 7.0 9.0 7.0 10.0 4.0 9.0 9.0 3.0 10.0 10.0 6.0 10.0 9.0 2.0 1.0 6.0 6.0
19 4.0 5.0 8.0 1.0 1.0 1.0 9.0 10.0 4.0 1.0 7.0 3.0 5.0 8.0 1.0 8.0 9.0 9.0 0.0 4.0 2.0 7.0 6.0 4.0 10.0 9.0 2.0 1.0 5.0 2.0 7.0 2.0 7.0 7.0 2.0 2.0 8.0 1.0 2.0 5.0 1.0 8.0 5.0 8.0 8.0 10.0 10.0 9.0 8.0 7.0 10.0 4.0 4.0 9.0 10.0 1.0 4.0 4.0 7.0 5.0
20 10.0 7.0 1.0 3.0 1.0 4.0 5.0 4.0 9.0 2.0 9.0 1.0 8.0 8.0 5.0 9.0 1.0 8.0 4.0 0.0 6.0 2.0 3.0 7.0 7.0 1.0 2.0 8.0 1.0 9.0 7.0 10.0 6.0 1.0 7.0 4.0 9.0 3.0 6.0 10.0 10.0 7.0 9.0 1.0 8.0 1.0 6.0 10.0 3.0 2.0 1.0 7.0 4.0 9.0 9.0 10.0 9.0 8.0 5.0 6.0
21 8.0 1.0 7.0 10.0 8.0 10.0 6.0 3.0 4.0 6.0 4.0 6.0 6.0 3.0 9.0 10.0 3.0 5.0 2.0 6.0 0.0 10.0 3.0 3.0 9.0 6.0 5.0 2.0 8.0 10.0 7.0 9.0 10.0 9.0 3.0 1.0 7.0 7.0 3.0 8.0 10.0 10.0 5.0 9.0 6.0 4.0 5.0 5.0 6.0 8.0 10.0 10.0 2.0 5.0 6.0 7.0 1.0 1.0 6.0 2.0
22 6.0 10.0 6.0 1.0 3.0 7.0 7.0 4.0 2.0 3.0 8.0 9.0 4.0 4.0 2.0 8.0 10.0 10.0 7.0 2.0 10.0 0.0 2.0 2.0 2.0 5.0 10.0 10.0 6.0 2.0 4.0 10.0 9.0 9.0 8.0 2.0 8.0 5.0 4.0 4.0 8.0 1.0 4.0 7.0 5.0 9.0 10.0 6.0 7.0 7.0 8.0 10.0 5.0 10.0 2.0 8.0 10.0 7.0 10.0 8.0
23 8.0 6.0 3.0 4.0 7.0 6.0 1.0 3.0 2.0 4.0 7.0 3.0 3.0 2.0 9.0 4.0 4.0 9.0 6.0 3.0 3.0 2.0 0.0 3.0 4.0 10.0 7.0 8.0 7.0 5.0 1.0 8.0 10.0 9.0 4.0 7.0 4.0 9.0 3.0 2.0 8.0 3.0 6.0 8.0 2.0 9.0 2.0 7.0 5.0 6.0 6.0 8.0 5.0 4.0 6.0 3.0 8.0 2.0 8.0 4.0
24 8.0 3.0 10.0 7.0 8.0 10.0 5.0 1.0 2.0 4.0 1.0 9.0 2.0 3.0 4.0 8.0 2.0 10.0 4.0 7.0 3.0 2.0 3.0 0.0 9.0 1.0 7.0 8.0 3.0 4.0 9.0 8.0 10.0 5.0 1.0 6.0 3.0 8.0 1.0 6.0 4.0 4.0 6.0 4.0 4.0 10.0 6.0 5.0 3.0 8.0 9.0 8.0 6.0 5.0 8.0 10.0 9.0 3.0 5.0 2.0
25 5.0 3.0 6.0 7.0 10.0 1.0 9.0 6.0 6.0 5.0 1.0 10.0 1.0 1.0 5.0 8.0 8.0 9.0 10.0 7.0 9.0 2.0 4.0 9.0 0.0 9.0 5.0 9.0 9.0 4.0 10.0 1.0 10.0 1.0 1.0 9.0 6.0 9.0 5.0 5.0 3.0 4.0 6.0 4.0 1.0 2.0 6.0 9.0 2.0 2.0 1.0 4.0 9.0 7.0 5.0 1.0 10.0 3.0 7.0 2.0
26 3.0 4.0 6.0 2.0 6.0 4.0 6.0 5.0 4.0 8.0 6.0 7.0 6.0 5.0 5.0 1.0 4.0 6.0 9.0 1.0 6.0 5.0 10.0 1.0 9.0 0.0 5.0 4.0 1.0 8.0 3.0 10.0 6.0 3.0 3.0 4.0 5.0 2.0 2.0 4.0 2.0 6.0 7.0 2.0 7.0 7.0 5.0 5.0 1.0 10.0 5.0 2.0 8.0 7.0 9.0 1.0 6.0 3.0 10.0 8.0
27 5.0 9.0 10.0 10.0 5.0 5.0 10.0 7.0 9.0 3.0 1.0 7.0 9.0 8.0 4.0 5.0 2.0 2.0 2.0 2.0 5.0 10.0 7.0 7.0 5.0 5.0 0.0 8.0 4.0 5.0 8.0 2.0 8.0 6.0 2.0 7.0 3.0 4.0 6.0 3.0 1.0 1.0 4.0 6.0 10.0 10.0 6.0 2.0 7.0 10.0 1.0 7.0 1.0 2.0 1.0 10.0 5.0 5.0 3.0 10.0
28 4.0 6.0 5.0 9.0 7.0 2.0 8.0 3.0 8.0 8.0 9.0 5.0 1.0 9.0 2.0 10.0 4.0 3.0 1.0 8.0 2.0 10.0 8.0 8.0 9.0 4.0 8.0 0.0 2.0 10.0 10.0 10.0 3.0 4.0 4.0 10.0 2.0 10.0 7.0 10.0 4.0 5.0 10.0 4.0 5.0 3.0 6.0 10.0 5.0 8.0 5.0 6.0 4.0 9.0 10.0 2.0 2.0 9.0 2.0 4.0
29 3.0 7.0 4.0 10.0 10.0 6.0 2.0 10.0 3.0 6.0 2.0 4.0 7.0 3.0 10.0 6.0 7.0 4.0 5.0 1.0 8.0 6.0 7.0 3.0 9.0 1.0 4.0 2.0 0.0 9.0 1.0 8.0 5.0 5.0 6.0 8.0 6.0 2.0 5.0 8.0 6.0 10.0 7.0 10.0 5.0 9.0 5.0 3.0 8.0 2.0 8.0 2.0 4.0 2.0 3.0 7.0 8.0 6.0 10.0 10.0
30 7.0 9.0 6.0 10.0 5.0 7.0 6.0 2.0 1.0 9.0 8.0 7.0 10.0 7.0 8.0 3.0 9.0 10.0 2.0 9.0 10.0 2.0 5.0 4.0 4.0 8.0 5.0 10.0 9.0 0.0 3.0 3.0 3.0 9.0 8.0 6.0 2.0 5.0 6.0 8.0 8.0 3.0 5.0 8.0 5.0 3.0 1.0 7.0 8.0 10.0 10.0 10.0 10.0 10.0 9.0 8.0 9.0 3.0 7.0 6.0
31 6.0 7.0 3.0 2.0 3.0 8.0 4.0 6.0 2.0 3.0 7.0 5.0 4.0 6.0 10.0 10.0 1.0 5.0 7.0 7.0 7.0 4.0 1.0 9.0 10.0 3.0 8.0 10.0 1.0 3.0 0.0 5.0 7.0 4.0 10.0 3.0 1.0 1.0 5.0 6.0 10.0 6.0 3.0 2.0 8.0 5.0 9.0 1.0 1.0 5.0 1.0 1.0 8.0 9.0 3.0 3.0 8.0 4.0 3.0 9.0
32 7.0 10.0 4.0 9.0 6.0 7.0 8.0 4.0 8.0 7.0 2.0 1.0 3.0 2.0 1.0 1.0 9.0 10.0 2.0 10.0 9.0 10.0 8.0 8.0 1.0 10.0 2.0 10.0 8.0 3.0 5.0 0.0 6.0 3.0 8.0 4.0 10.0 6.0 9.0 10.0 5.0 7.0 7.0 5.0 4.0 1.0 6.0 1.0 2.0 10.0 3.0 8.0 9.0 6.0 2.0 9.0 10.0 9.0 5.0 1.0
33 3.0 2.0 5.0 7.0 8.0 8.0 8.0 6.0 1.0 4.0 8.0 2.0 4.0 6.0 5.0 7.0 5.0 7.0 7.0 6.0 10.0 9.0 10.0 10.0 10.0 6.0 8.0 3.0 5.0 3.0 7.0 6.0 0.0 3.0 4.0 7.0 8.0 4.0 4.0 2.0 5.0 5.0 3.0 2.0 5.0 6.0 9.0 10.0 3.0 9.0 3.0 4.0 3.0 3.0 10.0 6.0 10.0 5.0 10.0 8.0
34 6.0 3.0 5.0 2.0 8.0 4.0 8.0 10.0 3.0 5.0 8.0 5.0 2.0 10.0 1.0 9.0 9.0 9.0 7.0 1.0 9.0 9.0 9.0 5.0 1.0 3.0 6.0 4.0 5.0 9.0 4.0 3.0 3.0 0.0 9.0 3.0 1.0 10.0 6.0 1.0 4.0 4.0 6.0 9.0 2.0 10.0 8.0 9.0 10.0 3.0 2.0 5.0 5.0 9.0 4.0 5.0 10.0 3.0 4.0 10.0
35 2.0 4.0 5.0 10.0 10.0 4.0 5.0 9.0 2.0 9.0 4.0 8.0 6.0 10.0 4.0 9.0 1.0 8.0 2.0 7.0 3.0 8.0 4.0 1.0 1.0 3.0 2.0 4.0 6.0 8.0 10.0 8.0 4.0 9.0 0.0 5.0 4.0 5.0 10.0 5.0 5.0 8.0 3.0 1.0 1.0 3.0 4.0 10.0 3.0 3.0 7.0 8.0 3.0 7.0 8.0 6.0 3.0 5.0 10.0 5.0
36 9.0 1.0 4.0 1.0 8.0 10.0 4.0 3.0 9.0 3.0 9.0 1.0 6.0 4.0 10.0 3.0 7.0 2.0 2.0 4.0 1.0 2.0 7.0 6.0 9.0 4.0 7.0 10.0 8.0 6.0 3.0 4.0 7.0 3.0 5.0 0.0 7.0 9.0 10.0 4.0 8.0 7.0 5.0 6.0 7.0 5.0 9.0 8.0 3.0 3.0 8.0 3.0 3.0 7.0 6.0 10.0 9.0 10.0 1.0 5.0
37 1.0 2.0 6.0 3.0 7.0 2.0 1.0 10.0 1.0 7.0 5.0 2.0 1.0 7.0 6.0 1.0 6.0 4.0 8.0 9.0 7.0 8.0 4.0 3.0 6.0 5.0 3.0 2.0 6.0 2.0 1.0 10.0 8.0 1.0 4.0 7.0 0.0 7.0 3.0 2.0 5.0 3.0 1.0 3.0 3.0 1.0 10.0 5.0 10.0 2.0 3.0 3.0 8.0 8.0 5.0 1.0 9.0 8.0 1.0 7.0
38 10.0 8.0 1.0 5.0 2.0 4.0 6.0 9.0 7.0 7.0 1.0 9.0 4.0 6.0 6.0 10.0 2.0 3.0 1.0 3.0 7.0 5.0 9.0 8.0 9.0 2.0 4.0 10.0 2.0 5.0 1.0 6.0 4.0 10.0 5.0 9.0 7.0 0.0 6.0 3.0 9.0 1.0 2.0 7.0 9.0 6.0 7.0 7.0 6.0 5.0 7.0 2.0 6.0 4.0 8.0 1.0 3.0 8.0 4.0 9.0
39 3.0 9.0 1.0 1.0 3.0 5.0 1.0 2.0 5.0 2.0 9.0 8.0 2.0 7.0 7.0 10.0 6.0 4.0 2.0 6.0 3.0 4.0 3.0 1.0 5.0 2.0 6.0 7.0 5.0 6.0 5.0 9.0 4.0 6.0 10.0 10.0 3.0 6.0 0.0 9.0 4.0 6.0 10.0 5.0 2.0 7.0 5.0 2.0 5.0 9.0 8.0 6.0 6.0 10.0 3.0 1.0 4.0 5.0 3.0 8.0
40 2.0 3.0 2.0 4.0 10.0 8.0 10.0 7.0 4.0 8.0 2.0 4.0 3.0 3.0 3.0 2.0 10.0 10.0 5.0 10.0 8.0 4.0 2.0 6.0 5.0 4.0 3.0 10.0 8.0 8.0 6.0 10.0 2.0 1.0 5.0 4.0 2.0 3.0 9.0 0.0 2.0 6.0 3.0 7.0 3.0 5.0 10.0 3.0 2.0 10.0 7.0 7.0 2.0 10.0 5.0 4.0 9.0 9.0 7.0 4.0
41 10.0 4.0 6.0 10.0 4.0 6.0 8.0 6.0 1.0 7.0 3.0 6.0 3.0 10.0 9.0 2.0 10.0 6.0 1.0 10.0 10.0 8.0 8.0 4.0 3.0 2.0 1.0 4.0 6.0 8.0 10.0 5.0 5.0 4.0 5.0 8.0 5.0 9.0 4.0 2.0 0.0 3.0 10.0 7.0 4.0 8.0 2.0 5.0 1.0 2.0 6.0 2.0 9.0 10.0 6.0 7.0 10.0 2.0 2.0 4.0
42 8.0 1.0 2.0 10.0 8.0 2.0 3.0 1.0 3.0 1.0 1.0 1.0 8.0 10.0 4.0 9.0 8.0 10.0 8.0 7.0 10.0 1.0 3.0 4.0 4.0 6.0 1.0 5.0 10.0 3.0 6.0 7.0 5.0 4.0 8.0 7.0 3.0 1.0 6.0 6.0 3.0 0.0 5.0 9.0 2.0 3.0 5.0 4.0 5.0 1.0 4.0 1.0 5.0 3.0 10.0 9.0 9.0 6.0 6.0 1.0
43 2.0 8.0 10.0 1.0 10.0 3.0 6.0 3.0 1.0 7.0 4.0 4.0 8.0 1.0 8.0 1.0 5.0 8.0 5.0 9.0 5.0 4.0 6.0 6.0 6.0 7.0 4.0 10.0 7.0 5.0 3.0 7.0 3.0 6.0 3.0 5.0 1.0 2.0 10.0 3.0 10.0 5.0 0.0 2.0 4.0 9.0 6.0 3.0 2.0 1.0 4.0 9.0 2.0 9.0 9.0 6.0 7.0 2.0 7.0 10.0
44 10.0 5.0 8.0 3.0 4.0 8.0 1.0 8.0 5.0 9.0 5.0 6.0 5.0 4.0 3.0 9.0 2.0 7.0 8.0 1.0 9.0 7.0 8.0 4.0 4.0 2.0 6.0 4.0 10.0 8.0 2.0 5.0 2.0 9.0 1.0 6.0 3.0 7.0 5.0 7.0 7.0 9.0 2.0 0.0 5.0 8.0 6.0 5.0 4.0 5.0 8.0 5.0 3.0 8.0 9.0 1.0 5.0 9.0 1.0 4.0
45 10.0 9.0 7.0 2.0 1.0 2.0 4.0 9.0 2.0 1.0 8.0 10.0 10.0 10.0 4.0 6.0 7.0 9.0 8.0 8.0 6.0 5.0 2.0 4.0 1.0 7.0 10.0 5.0 5.0 5.0 8.0 4.0 5.0 2.0 1.0 7.0 3.0 9.0 2.0 3.0 4.0 2.0 4.0 5.0 0.0 1.0 5.0 9.0 1.0 9.0 4.0 10.0 9.0 9.0 9.0 9.0 3.0 1.0 10.0 9.0
46 1.0 3.0 4.0 6.0 7.0 6.0 2.0 10.0 6.0 3.0 8.0 4.0 9.0 5.0 3.0 8.0 2.0 7.0 10.0 1.0 4.0 9.0 9.0 10.0 2.0 7.0 10.0 3.0 9.0 3.0 5.0 1.0 6.0 10.0 3.0 5.0 1.0 6.0 7.0 5.0 8.0 3.0 9.0 8.0 1.0 0.0 10.0 4.0 3.0 4.0 4.0 4.0 7.0 5.0 10.0 7.0 4.0 7.0 2.0 6.0
47 7.0 6.0 6.0 5.0 9.0 3.0 5.0 2.0 10.0 1.0 5.0 5.0 9.0 5.0 8.0 4.0 6.0 10.0 10.0 6.0 5.0 10.0 2.0 6.0 6.0 5.0 6.0 6.0 5.0 1.0 9.0 6.0 9.0 8.0 4.0 9.0 10.0 7.0 5.0 10.0 2.0 5.0 6.0 6.0 5.0 10.0 0.0 8.0 3.0 3.0 1.0 3.0 1.0 8.0 1.0 3.0 8.0 8.0 8.0 8.0
48 2.0 1.0 4.0 1.0 6.0 5.0 8.0 5.0 3.0 2.0 8.0 8.0 7.0 8.0 8.0 6.0 2.0 4.0 9.0 10.0 5.0 6.0 7.0 5.0 9.0 5.0 2.0 10.0 3.0 7.0 1.0 1.0 10.0 9.0 10.0 8.0 5.0 7.0 2.0 3.0 5.0 4.0 3.0 5.0 9.0 4.0 8.0 0.0 3.0 6.0 4.0 7.0 5.0 7.0 7.0 7.0 3.0 6.0 10.0 9.0
49 1.0 6.0 10.0 10.0 3.0 8.0 7.0 4.0 8.0 2.0 2.0 1.0 7.0 2.0 8.0 2.0 9.0 9.0 8.0 3.0 6.0 7.0 5.0 3.0 2.0 1.0 7.0 5.0 8.0 8.0 1.0 2.0 3.0 10.0 3.0 3.0 10.0 6.0 5.0 2.0 1.0 5.0 2.0 4.0 1.0 3.0 3.0 3.0 0.0 9.0 4.0 7.0 8.0 9.0 3.0 6.0 8.0 1.0 3.0 5.0
50 5.0 6.0 10.0 7.0 6.0 2.0 7.0 3.0 10.0 6.0 8.0 5.0 7.0 3.0 4.0 8.0 9.0 9.0 7.0 2.0 8.0 7.0 6.0 8.0 2.0 10.0 10.0 8.0 2.0 10.0 5.0 10.0 9.0 3.0 3.0 3.0 2.0 5.0 9.0 10.0 2.0 1.0 1.0 5.0 9.0 4.0 3.0 6.0 9.0 0.0 7.0 6.0 6.0 1.0 5.0 1.0 1.0 10.0 2.0 3.0
51 4.0 1.0 2.0 10.0 6.0 6.0 4.0 7.0 4.0 2.0 3.0 9.0 3.0 10.0 2.0 7.0 5.0 3.0 10.0 1.0 10.0 8.0 6.0 9.0 1.0 5.0 1.0 5.0 8.0 10.0 1.0 3.0 3.0 2.0 7.0 8.0 3.0 7.0 8.0 7.0 6.0 4.0 4.0 8.0 4.0 4.0 1.0 4.0 4.0 7.0 0.0 8.0 6.0 1.0 3.0 8.0 7.0 5.0 1.0 5.0
52 4.0 7.0 1.0 4.0 8.0 5.0 4.0 7.0 10.0 5.0 7.0 3.0 10.0 9.0 7.0 5.0 5.0 10.0 4.0 7.0 10.0 10.0 8.0 8.0 4.0 2.0 7.0 6.0 2.0 10.0 1.0 8.0 4.0 5.0 8.0 3.0 3.0 2.0 6.0 7.0 2.0 1.0 9.0 5.0 10.0 4.0 3.0 7.0 7.0 6.0 8.0 0.0 9.0 5.0 2.0 2.0 1.0 2.0 5.0 4.0
53 3.0 8.0 7.0 3.0 5.0 7.0 9.0 2.0 2.0 3.0 7.0 8.0 6.0 6.0 4.0 6.0 4.0 10.0 4.0 4.0 2.0 5.0 5.0 6.0 9.0 8.0 1.0 4.0 4.0 10.0 8.0 9.0 3.0 5.0 3.0 3.0 8.0 6.0 6.0 2.0 9.0 5.0 2.0 3.0 9.0 7.0 1.0 5.0 8.0 6.0 6.0 9.0 0.0 7.0 10.0 2.0 10.0 5.0 5.0 6.0
54 6.0 9.0 10.0 6.0 10.0 8.0 2.0 2.0 5.0 4.0 1.0 8.0 4.0 1.0 6.0 7.0 7.0 6.0 9.0 9.0 5.0 10.0 4.0 5.0 7.0 7.0 2.0 9.0 2.0 10.0 9.0 6.0 3.0 9.0 7.0 7.0 8.0 4.0 10.0 10.0 10.0 3.0 9.0 8.0 9.0 5.0 8.0 7.0 9.0 1.0 1.0 5.0 7.0 0.0 6.0 8.0 7.0 2.0 5.0 10.0
55 3.0 3.0 6.0 7.0 4.0 6.0 10.0 8.0 5.0 1.0 6.0 2.0 7.0 8.0 2.0 5.0 5.0 10.0 10.0 9.0 6.0 2.0 6.0 8.0 5.0 9.0 1.0 10.0 3.0 9.0 3.0 2.0 10.0 4.0 8.0 6.0 5.0 8.0 3.0 5.0 6.0 10.0 9.0 9.0 9.0 10.0 1.0 7.0 3.0 5.0 3.0 2.0 10.0 6.0 0.0 9.0 1.0 10.0 5.0 4.0
56 9.0 10.0 4.0 8.0 3.0 1.0 10.0 9.0 8.0 10.0 10.0 8.0 8.0 10.0 8.0 10.0 7.0 9.0 1.0 10.0 7.0 8.0 3.0 10.0 1.0 1.0 10.0 2.0 7.0 8.0 3.0 9.0 6.0 5.0 6.0 10.0 1.0 1.0 1.0 4.0 7.0 9.0 6.0 1.0 9.0 7.0 3.0 7.0 6.0 1.0 8.0 2.0 2.0 8.0 9.0 0.0 7.0 1.0 9.0 6.0
57 9.0 2.0 6.0 2.0 4.0 7.0 10.0 6.0 9.0 3.0 7.0 4.0 8.0 9.0 4.0 5.0 6.0 2.0 4.0 9.0 1.0 10.0 8.0 9.0 10.0 6.0 5.0 2.0 8.0 9.0 8.0 10.0 10.0 10.0 3.0 9.0 9.0 3.0 4.0 9.0 10.0 9.0 7.0 5.0 3.0 4.0 8.0 3.0 8.0 1.0 7.0 1.0 10.0 7.0 1.0 7.0 0.0 5.0 4.0 1.0
58 2.0 8.0 10.0 5.0 9.0 7.0 7.0 10.0 7.0 8.0 4.0 9.0 10.0 8.0 3.0 9.0 10.0 1.0 4.0 8.0 1.0 7.0 2.0 3.0 3.0 3.0 5.0 9.0 6.0 3.0 4.0 9.0 5.0 3.0 5.0 10.0 8.0 8.0 5.0 9.0 2.0 6.0 2.0 9.0 1.0 7.0 8.0 6.0 1.0 10.0 5.0 2.0 5.0 2.0 10.0 1.0 5.0 0.0 3.0 8.0
59 1.0 4.0 4.0 1.0 1.0 10.0 6.0 5.0 5.0 6.0 3.0 2.0 4.0 10.0 8.0 9.0 9.0 6.0 7.0 5.0 6.0 10.0 8.0 5.0 7.0 10.0 3.0 2.0 10.0 7.0 3.0 5.0 10.0 4.0 10.0 1.0 1.0 4.0 3.0 7.0 2.0 6.0 7.0 1.0 10.0 2.0 8.0 10.0 3.0 2.0 1.0 5.0 5.0 5.0 5.0 9.0 4.0 3.0 0.0 9.0
60 6.0 7.0 9.0 1.0 1.0 3.0 5.0 3.0 5.0 4.0 9.0 2.0 6.0 10.0 1.0 1.0 4.0 6.0 5.0 6.0 2.0 8.0 4.0 2.0 2.0 8.0 10.0 4.0 10.0 6.0 9.0 1.0 8.0 10.0 5.0 5.0 7.0 9.0 8.0 4.0 4.0 1.0 10.0 4.0 9.0 6.0 8.0 9.0 5.0 3.0 5.0 4.0 6.0 10.0 4.0 6.0 1.0 8.0 9.0 0.0
