55
1 0.0 7.0 7.0 8.0 4.0 8.0 3.0 10.0 9.0 7.0 9.0 7.0 10.0 1.0 6.0 4.0 10.0 2.0 1.0 4.0 6.0 10.0 5.0 2.0 8.0 10.0 5.0 8.0 4.0 7.0 9.0 3.0 5.0 2.0 7.0 7.0 10.0 9.0 9.0 2.0 2.0 6.0 10.0 4.0 7.0 2.0 10.0 2.0 3.0 7.0 8.0 9.0 6.0 6.0 10.0
2 7.0 0.0 2.0 1.0 2.0 7.0 5.0 10.0 10.0 2.0 4.0 7.0 10.0 3.0 10.0 8.0 6.0 7.0 4.0 2.0 4.0 4.0 5.0 1.0 4.0 10.0 3.0 7.0 7.0 9.0 8.0 7.0 7.0 8.0 7.0 10.0 10.0 3.0 6.0 1.0 1.0 10.0 5.0 9.0 5.0 1.0 10.0 8.0 10.0 6.0 9.0 7.0 5.0 6.0 2.0
3 7.0 2.0 0.0 9.0 7.0 4.0 9.0 3.0 8.0 6.0 8.0 8.0 2.0 1.0 1.0 4.0 4.0 5.0 4.0 8.0 2.0 2.0 7.0 10.0 10.0 6.0 10.0 3.0 9.0 5.0 3.0 3.0 2.0 2.0 10.0 9.0 6.0 2.0 1.0 7.0 9.0 6.0 9.0 6.0 7.0 3.0 10.0 4.0 2.0 8.0 8.0 5.0 5.0 6.0 5.0
4 8.0 1.0 9.0 0.0 6.0 7.0 3.0 10.0 7.0 7.0 7.0 1.0 8.0 5.0 6.0 3.0 3.0 5.0 3.0 4.0 2.0 1.0 8.0 4.0 8.0 4.0 10.0 6.0 9.0 8.0 8.0 6.0 1.0 8.0 8.0 10.0 7.0 9.0 5.0 3.0 10.0 4.0 2.0 8.0 4.0 10.0 4.0 4.0 8.0 8.0 1.0 9.0 8.0 3.0 4.0
5 4.0 2.0 7.0 6.0 0.0 5.0 3.0 7.0 6.0 2.0 3.0 5.0 2.0 6.0 6.0 1.0 9.0 7.0 2.0 8.0 1.0 3.0 6.0 8.0 2.0 4.0 9.0 10.0 1.0 9.0 6.0 5.0 8.0 5.0 8.0 9.0 10.0 8.0 10.0 1.0 4.0 7.0 8.0 1.0 2.0 4.0 7.0 10.0 7.0 1.0 1.0 9.0 10.0 10.0 5.0
6 8.0 7.0 4.0 7.0 5.0 0.0 6.0 4.0 6.0 3.0 2.0 4.0 10.0 4.0 10.0 10.0 9.0 9.0 7.0 9.0 10.0 4.0 3.0 7.0 4.0 2.0 8.0 7.0 6.0 9.0 8.0 8.0 1.0 2.0 7.0 2.0 1.0 5.0 9.0 8.0 2.0 7.0 7.0 2.0 3.0 9.0 6.0 3.0 3.0 7.0 4.0 4.0 1.0 10.0 5.0
7 3.0 5.0 9.0 3.0 3.0 6.0 0.0 9.0 8.0 6.0 5.0 4.0 2.0 7.0 6.0 6.0 6.0 10.0 9.0 8.0 4.0 2.0 6.0 5.0 9.0 10.0 7.0 1.0 1.0 5.0 9.0 6.0 4.0 6.0 8.0 6.0 3.0 4.0 4.0 4.0 6.0 10.0 4.0 1.0 9.0 6.0 2.0 5.0 5.0 3.0 1.0 5.0 3.0 10.0 1.0
8 10.0 10.0 3.0 10.0 7.0 4.0 9.0 0.0 8.0 5.0 6.0 8.0 6.0 7.0 1.0 1.0 6.0 1.0 1.0 1.0 8.0 6.0 6.0 2.0 5.0 8.0 4.0 3.0 10.0 10.0 7.0 1.0 6.0 7.0 7.0 4.0 5.0 6.0 9.0 4.0 10.0 5.0 8.0 6.0 3.0 2.0 10.0 7.0 4.0 2.0 1.0 1.0 2.0 9.0 4.0
9 9.0 10.0 8.0 7.0 6.0 6.0 8.0 8.0 0.0 10.0 6.0 9.0 8.0 7.0 2.0 4.0 9.0 4.0 8.0 6.0 1.0 10.0 5.0 5.0 8.0 8.0 9.0 5.0 4.0 5.0 1.0 6.0 8.0 4.0 6.0 3.0 1.0 2.0 1.0 6.0 9.0 6.0 2.0 5.0 3.0 5.0 4.0 10.0 6.0 6.0 4.0 8.0 7.0 2.0 5.0
10 7.0 2.0 6.0 7.0 2.0 3.0 6.0 5.0 10.0 0.0 3.0 10.0 2.0 7.0 10.0 4.0 2.0 7.0 2.0 10.0 1.0 6.0 8.0 10.0 9.0 9.0 1.0 10.0 9.0 4.0 5.0 5.0 7.0 3.0 10.0 5.0 9.0 3.0 9.0 9.0 4.0 8.0 9.0 3.0 6.0 5.0 8.0 7.0 2.0 9.0 2.0 9.0 9.0 7.0 3.0
11 9.0 4.0 8.0 7.0 3.0 2.0 5.0 6.0 6.0 3.0 0.0 4.0 1.0 5.0 6.0 10.0 5.0 5.0 6.0 4.0 1.0 10.0 7.0 8.0 10.0 2.0 6.0 3.0 4.0 9.0 1.0 7.0 3.0 5.0 4.0 3.0 3.0 4.0 10.0 6.0 6.0 4.0 10.0 5.0 4.0 1.0 2.0 1.0 7.0 6.0 7.0 9.0 5.0 4.0 10.0
12 7.0 7.0 8.0 1.0 5.0 4.0 4.0 8.0 9.0 10.0 4.0 0.0 5.0 4.0 9.0 2.0 1.0 5.0 6.0 4.0 4.0 7.0 9.0 1.0 1.0 8.0 5.0 6.0 6.0 4.0 3.0 4.0 6.0 10.0 6.0 2.0 3.0 9.0 10.0 9.0 8.0 5.0 1.0 5.0 10.0 1.0 2.0 1.0 3.0 6.0 2.0 8.0 8.0 6.0 2.0
13 10.0 10.0 2.0 8.0 2.0 10.0 2.0 6.0 8.0 2.0 1.0 5.0 0.0 2.0 1.0 5.0 6.0 1.0 3.0 4.0 9.0 8.0 9.0 2.0 4.0 4.0 10.0 1.0 4.0 6.0 8.0 3.0 8.0 8.0 6.0 4.0 7.0 2.0 4.0 3.0 7.0 3.0 7.0 9.0 4.0 1.0 1.0 8.0 3.0 4.0 5.0 3.0 5.0 4.0 2.0
14 1.0 3.0 1.0 5.0 6.0 4.0 7.0 7.0 7.0 7.0 5.0 4.0 2.0 0.0 9.0 10.0 4.0 10.0 4.0 7.0 2.0 1.0 8.0 10.0 7.0 1.0 3.0 5.0 2.0 7.0 7.0 5.0 10.0 6.0 5.0 6.0 4.0 4.0 3.0 6.0 6.0 3.0 8.0 3.0 7.0 9.0 5.0 10.0 6.0 7.0 4.0 7.0 4.0 1.0 2.0
15 6.0 10.0 1.0 6.0 6.0 10.0 6.0 1.0 2.0 10.0 6.0 9.0 1.0 9.0 0.0 8.0 3.0 6.0 3.0 1.0 3.0 1.0 6.0 2.0 6.0 10.0 9.0 4.0 6.0 5.0 3.0 9.0 6.0 6.0 7.0 6.0 1.0 5.0 8.0 8.0 10.0 3.0 10.0 6.0 5.0 3.0 2.0 2.0 7.0 1.0 9.0 4.0 1.0 9.0 9.0
16 4.0 8.0 4.0 3.0 1.0 10.0 6.0 1.0 4.0 4.0 10.0 2.0 5.0 10.0 8.0 0.0 4.0 10.0 3.0 2.0 5.0 6.0 2.0 3.0 10.0 9.0 2.0 9.0 5.0 7.0 3.0 4.0 9.0 8.0 10.0 9.0 7.0 6.0 6.0 8.0 8.0 7.0 6.0 3.0 9.0 3.0 10.0 4.0 5.0 2.0 9.0 5.0 5.0 5.0 6.0
17 10.0 6.0 4.0 3.0 9.0 9.0 6.0 6.0 9.0 2.0 5.0 1.0 6.0 4.0 3.0 4.0 0.0 7.0 3.0 10.0 4.0 2.0 7.0 10.0 2.0 1.0 5.0 4.0 9.0 6.0 2.0 10.0 10.0 1.0 2.0 2.0 9.0 2.0 3.0 10.0 8.0 5.0 4.0 7.0 10.0 2.0 9.0 1.0 5.0 8.0 10.0 5.0 3.0 6.0 9.0
18 2.0 7.0 5.0 5.0 7.0 9.0 10.0 1.0 4.0 7.0 5.0 5.0 1.0 10.0 6.0 10.0 7.0 0.0 8.0 3.0 4.0 8.0 4.0 3.0 5.0 10.0 7.0 10.0 5.0 6.0 4.0 3.0 3.0 6.0 5.0 3.0 1.0 5.0 6.0 6.0 10.0 2.0 10.0 4.0 10.0 1.0 1.0 9.0 5.0 3.0 1.0 2.0 1.0 2.0 10.0
19 1.0 4.0 4.0 3.0 2.0 7.0 9.0 1.0 8.0 2.0 6.0 6.0 3.0 4.0 3.0 3.0 3.0 8.0 0.0 6.0 10.0 5.0 2.0 8.0 4.0 5.0 10.0 2.0 5.0 7.0 2.0 3.0 1.0 7.0 9.0 5.0 7.0 9.0 4.0 9.0 7.0 10.0 3.0 4.0 10.0 5.0 1.0 10.0 1.0 4.0 3.0 10.0 2.0 6.0 2.0
20 4.0 2.0 8.0 4.0 8.0 9.0 8.0 1.0 6.0 10.0 4.0 4.0 4.0 7.0 1.0 2.0 10.0 3.0 6.0 0.0 2.0 8.0 10.0 10.0 7.0 4.0 2.0 7.0 2.0 1.0 1.0 8.0 6.0 3.0 1.0 4.0 3.0 7.0 2.0 10.0 1.0 3.0 9.0 2.0 1.0 9.0 4.0 9.0 8.0 2.0 7.0 3.0 9.0 9.0 9.0
21 6.0 4.0 2.0 2.0 1.0 10.0 4.0 8.0 1.0 1.0 1.0 4.0 9.0 2.0 3.0 5.0 4.0 4.0 10.0 2.0 0.0 6.0 9.0 1.0 3.0 7.0 8.0 8.0 5.0 5.0 10.0 7.0 3.0 10.0 4.0 1.0 6.0 8.0 9.0 7.0 5.0 1.0 5.0 4.0 2.0 3.0 2.0 5.0 1.0 6.0 3.0 9.0 4.0 3.0 10.0
22 10.0 4.0 2.0 1.0 3.0 4.0 2.0 6.0 10.0 6.0 10.0 7.0 8.0 1.0 1.0 6.0 2.0 8.0 5.0 8.0 6.0 0.0 2.0 7.0 1.0 2.0 7.0 4.0 3.0 5.0 8.0 10.0 3.0 5.0 1.0 4.0 4.0 8.0 7.0 9.0 2.0 8.0 8.0 6.0 8.0 9.0 5.0 6.0 1.0 9.0 1.0 3.0 2.0 5.0 8.0
23 5.0 5.0 7.0 8.0 6.0 3.0 6.0 6.0 5.0 8.0 7.0 9.0 9.0 8.0 6.0 2.0 7.0 4.0 2.0 10.0 9.0 2.0 0.0 9.0 10.0 4.0 7.0 2.0 4.0 2.0 1.0 3.0 6.0 3.0 8.0 5.0 9.0 10.0 2.0 10.0 5.0 3.0 4.0 7.0 7.0 7.0 10.0 7.0 6.0 4.0 3.0 6.0 8.0 4.0 10.0
24 2.0 1.0 10.0 4.0 8.0 7.0 5.0 2.0 5.0 10.0 8.0 1.0 2.0 10.0 2.0 3.0 10.0 3.0 8.0 10.0 1.0 7.0 9.0 0.0 8.0 7.0 5.0 10.0 4.0 6.0 1.0 5.0 4.0 6.0 2.0 3.0 8.0 4.0 7.0 6.0 3.0 8.0 3.0 5.0 10.0 2.0 1.0 4.0 10.0 5.0 9.0 7.0 5.0 6.0 2.0
25 8.0 4.0 10.0 8.0 2.0 4.0 9.0 5.0 8.0 9.0 10.0 1.0 4.0 7.0 6.0 10.0 2.0 5.0 4.0 7.0 3.0 1.0 10.0 8.0 0.0 6.0 6.0 5.0 4.0 3.0 9.0 8.0 6.0 1.0 1.0 10.0 10.0 5.0 3.0 1.0 2.0 5.0 8.0 2.0 3.0 7.0 10.0 8.0 10.0 9.0 4.0 6.0 6.0 8.0 7.0
26 10.0 10.0 6.0 4.0 4.0 2.0 10.0 8.0 8.0 9.0 2.0 8.0 4.0 1.0 10.0 9.0 1.0 10.0 5.0 4.0 7.0 2.0 4.0 7.0 6.0 0.0 2.0 9.0 7.0 8.0 9.0 5.0 6.0 2.0 2.0 7.0 6.0 9.0 1.0 7.0 10.0 3.0 9.0 7.0 2.0 1.0 1.0 9.0 2.0 7.0 8.0 9.0 10.0 9.0 2.0
27 5.0 3.0 10.0 10.0 9.0 8.0 7.0 4.0 9.0 1.0 6.0 5.0 10.0 3.0 9.0 2.0 5.0 7.0 10.0 2.0 8.0 7.0 7.0 5.0 6.0 2.0 0.0 8.0 7.0 10.0 8.0 6.0 4.0 10.0 3.0 6.0 8.0 4.0 5.0 9.0 2.0 2.0 1.0 4.0 2.0 3.0 3.0 4.0 8.0 2.0 7.0 7.0 10.0 7.0 10.0
28 8.0 7.0 3.0 6.0 10.0 7.0 1.0 3.0 5.0 10.0 3.0 6.0 1.0 5.0 4.0 9.0 4.0 10.0 2.0 7.0 8.0 4.0 2.0 10.0 5.0 9.0 8.0 0.0 3.0 1.0 8.0 9.0 6.0 1.0 4.0 10.0 6.0 5.0 5.0 8.0 10.0 4.0 10.0 8.0 4.0 3.0 5.0 10.0 5.0 10.0 3.0 9.0 1.0 4.0 10.0
29 4.0 7.0 9.0 9.0 1.0 6.0 1.0 10.0 4.0 9.0 4.0 6.0 4.0 2.0 6.0 5.0 9.0 5.0 5.0 2.0 5.0 3.0 4.0 4.0 4.0 7.0 7.0 3.0 0.0 5.0 1.0 1.0 6.0 1.0 1.0 4.0 4.0 2.0 8.0 8.0 8.0 3.0 6.0 4.0 7.0 3.0 9.0 9.0 4.0 4.0 2.0 8.0 9.0 8.0 10.0
30 7.0 9.0 5.0 8.0 9.0 9.0 5.0 10.0 5.0 4.0 9.0 4.0 6.0 7.0 5.0 7.0 6.0 6.0 7.0 1.0 5.0 5.0 2.0 6.0 3.0 8.0 10.0 1.0 5.0 0.0 3.0 6.0 8.0 10.0 3.0 7.0 3.0 3.0 3.0 8.0 9.0 5.0 2.0 6.0 2.0 1.0 6.0 6.0 6.0 6.0 10.0 5.0 3.0 2.0 10.0
31 9.0 8.0 3.0 8.0 6.0 8.0 9.0 7.0 1.0 5.0 1.0 3.0 8.0 7.0 3.0 3.0 2.0 4.0 2.0 1.0 10.0 8.0 1.0 1.0 9.0 9.0 8.0 8.0 1.0 3.0 0.0 3.0 6.0 10.0 5.0 8.0 5.0 9.0 7.0 9.0 10.0 5.0 9.0 4.0 7.0 9.0 5.0 9.0 8.0 1.0 8.0 9.0 8.0 9.0 3.0
32 3.0 7.0 3.0 6.0 5.0 8.0 6.0 1.0 6.0 5.0 7.0 4.0 3.0 5.0 9.0 4.0 10.0 3.0 3.0 8.0 7.0 10.0 3.0 5.0 8.0 5.0 6.0 9.0 1.0 6.0 3.0 0.0 3.0 10.0 3.0 1.0 7.0 6.0 4.0 3.0 7.0 7.0 2.0 6.0 4.0 8.0 4.0 2.0 1.0 8.0 8.0 6.0 4.0 6.0 8.0
33 5.0 7.0 2.0 1.0 8.0 1.0 4.0 6.0 8.0 7.0 3.0 6.0 8.0 10.0 6.0 9.0 10.0 3.0 1.0 6.0 3.0 3.0 6.0 4.0 6.0 6.0 4.0 6.0 6.0 8.0 6.0 3.0 0.0 1.0 9.0 2.0 9.0 9.0 8.0 9.0 10.0 7.0 6.0 5.0 8.0 6.0 2.0 8.0 8.0 9.0 6.0 5.0 9.0 7.0 5.0
34 2.0 8.0 2.0 8.0 5.0 2.0 6.0 7.0 4.0 3.0 5.0 10.0 8.0 6.0 6.0 8.0 1.0 6.0 7.0 3.0 10.0 5.0 3.0 6.0 1.0 2.0 10.0 1.0 1.0 10.0 10.0 10.0 1.0 0.0 8.0 8.0 1.0 4.0 6.0 8.0 9.0 5.0 3.0 8.0 8.0 1.0 1.0 5.0 9.0 2.0 9.0 4.0 9.0 10.0 9.0
35 7.0 7.0 10.0 8.0 8.0 7.0 8.0 7.0 6.0 10.0 4.0 6.0 6.0 5.0 7.0 10.0 2.0 5.0 9.0 1.0 4.0 1.0 8.0 2.0 1.0 2.0 3.0 4.0 1.0 3.0 5.0 3.0 9.0 8.0 0.0 10.0 6.0 10.0 4.0 3.0 7.0 1.0 4.0 4.0 5.0 6.0 10.0 9.0 8.0 4.0 6.0 10.0 7.0 5.0 8.0
36 7.0 10.0 9.0 10.0 9.0 2.0 6.0 4.0 3.0 5.0 3.0 2.0 4.0 6.0 6.0 9.0 2.0 3.0 5.0 4.0 1.0 4.0 5.0 3.0 10.0 7.0 6.0 10.0 4.0 7.0 8.0 1.0 2.0 8.0 10.0 0.0 1.0 3.0 6.0 3.0 5.0 9.0 7.0 3.0 4.0 6.0 1.0 8.0 2.0 4.0 4.0 9.0 8.0 4.0 3.0
37 10.0 10.0 6.0 7.0 10.0 1.0 3.0 5.0 1.0 9.0 3.0 3.0 7.0 4.0 1.0 7.0 9.0 1.0 7.0 3.0 6.0 4.0 9.0 8.0 10.0 6.0 8.0 6.0 4.0 3.0 5.0 7.0 9.0 1.0 6.0 1.0 0.0 4.0 7.0 6.0 8.0 7.0 1.0 9.0 8.0 4.0 7.0 9.0 5.0 8.0 8.0 4.0 4.0 9.0 9.0
38 9.0 3.0 2.0 9.0 8.0 5.0 4.0 6.0 2.0 3.0 4.0 9.0 2.0 4.0 5.0 6.0 2.0 5.0 9.0 7.0 8.0 8.0 10.0 4.0 5.0 9.0 4.0 5.0 2.0 3.0 9.0 6.0 9.0 4.0 10.0 3.0 4.0 0.0 7.0 1.0 2.0 6.0 5.0 3.0 9.0 10.0 5.0 2.0 7.0 1.0 8.0 2.0 9.0 10.0 10.0
39 9.0 6.0 1.0 5.0 10.0 9.0 4.0 9.0 1.0 9.0 10.0 10.0 4.0 3.0 8.0 6.0 3.0 6.0 4.0 2.0 9.0 7.0 2.0 7.0 3.0 1.0 5.0 5.0 8.0 3.0 7.0 4.0 8.0 6.0 4.0 6.0 7.0 7.0 0.0 8.0 2.0 2.0 2.0 8.0 3.0 9.0 7.0 2.0 3.0 6.0 5.0 10.0 7.0 6.0 8.0
40 2.0 1.0 7.0 3.0 1.0 8.0 4.0 4.0 6.0 9.0 6.0 9.0 3.0 6.0 8.0 8.0 10.0 6.0 9.0 10.0 7.0 9.0 10.0 6.0 1.0 7.0 9.0 8.0 8.0 8.0 9.0 3.0 9.0 8.0 3.0 3.0 6.0 1.0 8.0 0.0 5.0 8.0 10.0 2.0 10.0 9.0 4.0 3.0 7.0 2.0 4.0 6.0 10.0 6.0 4.0
41 2.0 1.0 9.0 10.0 4.0 2.0 6.0 10.0 9.0 4.0 6.0 8.0 7.0 6.0 10.0 8.0 8.0 10.0 7.0 1.0 5.0 2.0 5.0 3.0 2.0 10.0 2.0 10.0 8.0 9.0 10.0 7.0 10.0 9.0 7.0 5.0 8.0 2.0 2.0 5.0 0.0 3.0 3.0 1.0 7.0 10.0 1.0 8.0 10.0 10.0 4.0 5.0 8.0 8.0 10.0
42 6.0 10.0 6.0 4.0 7.0 7.0 10.0 5.0 6.0 8.0 4.0 5.0 3.0 3.0 3.0 7.0 5.0 2.0 10.0 3.0 1.0 8.0 3.0 8.0 5.0 3.0 2.0 4.0 3.0 5.0 5.0 7.0 7.0 5.0 1.0 9.0 7.0 6.0 2.0 8.0 3.0 0.0 4.0 8.0 7.0 8.0 9.0 2.0 6.0 8.0 4.0 1.0 3.0 9.0 9.0
43 10.0 5.0 9.0 2.0 8.0 7.0 4.0 8.0 2.0 9.0 10.0 1.0 7.0 8.0 10.0 6.0 4.0 10.0 3.0 9.0 5.0 8.0 4.0 3.0 8.0 9.0 1.0 10.0 6.0 2.0 9.0 2.0 6.0 3.0 4.0 7.0 1.0 5.0 2.0 10.0 3.0 4.0 0.0 6.0 4.0 3.0 4.0 10.0 1.0 6.0 10.0 5.0 1.0 8.0 3.0
44 4.0 9.0 6.0 8.0 1.0 2.0 1.0 6.0 5.0 3.0 5.0 5.0 9.0 3.0 6.0 3.0 7.0 4.0 4.0 2.0 4.0 6.0 7.0 5.0 2.0 7.0 4.0 8.0 4.0 6.0 4.0 6.0 5.0 8.0 4.0 3.0 9.0 3.0 8.0 2.0 1.0 8.0 6.0 0.0 9.0 10.0 7.0 5.0 2.0 10.0 1.0 6.0 4.0 3.0 5.0
45 7.0 5.0 7.0 4.0 2.0 3.0 9.0 3.0 3.0 6.0 4.0 10.0 4.0 7.0 5.0 9.0 10.0 10.0 10.0 1.0 2.0 8.0 7.0 10.0 3.0 2.0 2.0 4.0 7.0 2.0 7.0 4.0 8.0 8.0 5.0 4.0 8.0 9.0 3.0 10.0 7.0 7.0 4.0 9.0 0.0 7.0 2.0 3.0 7.0 6.0 9.0 1.0 2.0 4.0 2.0
46 2.0 1.0 3.0 10.0 4.0 9.0 6.0 2.0 5.0 5.0 1.0 1.0 1.0 9.0 3.0 3.0 2.0 1.0 5.0 9.0 3.0 9.0 7.0 2.0 7.0 1.0 3.0 3.0 3.0 1.0 9.0 8.0 6.0 1.0 6.0 6.0 4.0 10.0 9.0 9.0 10.0 8.0 3.0 10.0 7.0 0.0 6.0 4.0 2.0 5.0 3.0 5.0 1.0 5.0 5.0
47 10.0 10.0 10.0 4.0 7.0 6.0 2.0 10.0 4.0 8.0 2.0 2.0 1.0 5.0 2.0 10.0 9.0 1.0 1.0 4.0 2.0 5.0 10.0 1.0 10.0 1.0 3.0 5.0 9.0 6.0 5.0 4.0 2.0 1.0 10.0 1.0 7.0 5.0 7.0 4.0 1.0 9.0 4.0 7.0 2.0 6.0 0.0 9.0 9.0 8.0 8.0 3.0 6.0 8.0 2.0
48 2.0 8.0 4.0 4.0 10.0 3.0 5.0 7.0 10.0 7.0 1.0 1.0 8.0 10.0 2.0 4.0 1.0 9.0 10.0 9.0 5.0 6.0 7.0 4.0 8.0 9.0 4.0 10.0 9.0 6.0 9.0 2.0 8.0 5.0 9.0 8.0 9.0 2.0 2.0 3.0 8.0 2.0 10.0 5.0 3.0 4.0 9.0 0.0 7.0 2.0 10.0 4.0 2.0 6.0 2.0
49 3.0 10.0 2.0 8.0 7.0 3.0 5.0 4.0 6.0 2.0 7.0 3.0 3.0 6.0 7.0 5.0 5.0 5.0 1.0 8.0 1.0 1.0 6.0 10.0 10.0 2.0 8.0 5.0 4.0 6.0 8.0 1.0 8.0 9.0 8.0 2.0 5.0 7.0 3.0 7.0 10.0 6.0 1.0 2.0 7.0 2.0 9.0 7.0 0.0 1.0 1.0 10.0 1.0 9.0 10.0
50 7.0 6.0 8.0 8.0 1.0 7.0 3.0 2.0 6.0 9.0 6.0 6.0 4.0 7.0 1.0 2.0 8.0 3.0 4.0 2.0 6.0 9.0 4.0 5.0 9.0 7.0 2.0 10.0 4.0 6.0 1.0 8.0 9.0 2.0 4.0 4.0 8.0 1.0 6.0 2.0 10.0 8.0 6.0 10.0 6.0 5.0 8.0 2.0 1.0 0.0 1.0 1.0 7.0 6.0 3.0
51 8.0 9.0 8.0 1.0 1.0 4.0 1.0 1.0 4.0 2.0 7.0 2.0 5.0 4.0 9.0 9.0 10.0 1.0 3.0 7.0 3.0 1.0 3.0 9.0 4.0 8.0 7.0 3.0 2.0 10.0 8.0 8.0 6.0 9.0 6.0 4.0 8.0 8.0 5.0 4.0 4.0 4.0 10.0 1.0 9.0 3.0 8.0 10.0 1.0 1.0 0.0 3.0 1.0 9.0 8.0
52 9.0 7.0 5.0 9.0 9.0 4.0 5.0 1.0 8.0 9.0 9.0 8.0 3.0 7.0 4.0 5.0 5.0 2.0 10.0 3.0 9.0 3.0 6.0 7.0 6.0 9.0 7.0 9.0 8.0 5.0 9.0 6.0 5.0 4.0 10.0 9.0 4.0 2.0 10.0 6.0 5.0 1.0 5.0 6.0 1.0 5.0 3.0 4.0 10.0 1.0 3.0 0.0 2.0 1.0 9.0
53 6.0 5.0 5.0 8.0 10.0 1.0 3.0 2.0 7.0 9.0 5.0 8.0 5.0 4.0 1.0 5.0 3.0 1.0 2.0 9.0 4.0 2.0 8.0 5.0 6.0 10.0 10.0 1.0 9.0 3.0 8.0 4.0 9.0 9.0 7.0 8.0 4.0 9.0 7.0 10.0 8.0 3.0 1.0 4.0 2.0 1.0 6.0 2.0 1.0 7.0 1.0 2.0 0.0 2.0 6.0
54 6.0 6.0 6.0 3.0 10.0 10.0 10.0 9.0 2.0 7.0 4.0 6.0 4.0 1.0 9.0 5.0 6.0 2.0 6.0 9.0 3.0 5.0 4.0 6.0 8.0 9.0 7.0 4.0 8.0 2.0 9.0 6.0 7.0 10.0 5.0 4.0 9.0 10.0 6.0 6.0 8.0 9.0 8.0 3.0 4.0 5.0 8.0 6.0 9.0 6.0 9.0 1.0 2.0 0.0 6.0
55 10.0 2.0 5.0 4.0 5.0 5.0 1.0 4.0 5.0 3.0 10.0 2.0 2.0 2.0 9.0 6.0 9.0 10.0 2.0 9.0 10.0 8.0 10.0 2.0 7.0 2.0 10.0 10.0 10.0 10.0 3.0 8.0 5.0 9.0 8.0 3.0 9.0 10.0 8.0 4.0 10.0 9.0 3.0 5.0 2.0 5.0 2.0 2.0 10.0 3.0 8.0 9.0 6.0 6.0 0.0
