20
1 0.0 9.0 6.0 5.0 4.0 9.0 6.0 5.0 10.0 9.0 6.0 3.0 7.0 4.0 9.0 8.0 8.0 10.0 7.0 6.0
2 9.0 0.0 7.0 5.0 8.0 6.0 2.0 6.0 3.0 2.0 5.0 2.0 9.0 3.0 2.0 3.0 3.0 3.0 10.0 9.0
3 6.0 7.0 0.0 7.0 5.0 3.0 6.0 9.0 3.0 1.0 4.0 3.0 10.0 4.0 1.0 2.0 5.0 1.0 1.0 2.0
4 5.0 5.0 7.0 0.0 6.0 1.0 2.0 9.0 10.0 10.0 3.0 1.0 7.0 1.0 5.0 3.0 5.0 5.0 8.0 7.0
5 4.0 8.0 5.0 6.0 0.0 3.0 7.0 8.0 2.0 2.0 5.0 7.0 9.0 3.0 1.0 10.0 2.0 1.0 6.0 8.0
6 9.0 6.0 3.0 1.0 3.0 0.0 2.0 5.0 5.0 7.0 10.0 2.0 4.0 4.0 8.0 10.0 9.0 8.0 7.0 7.0
7 6.0 2.0 6.0 2.0 7.0 2.0 0.0 2.0 6.0 2.0 6.0 1.0 4.0 4.0 4.0 3.0 8.0 4.0 6.0 1.0
8 5.0 6.0 9.0 9.0 8.0 5.0 2.0 0.0 8.0 8.0 9.0 7.0 3.0 9.0 9.0 4.0 1.0 2.0 7.0 9.0
9 10.0 3.0 3.0 10.0 2.0 5.0 6.0 8.0 0.0 1.0 3.0 2.0 3.0 7.0 4.0 5.0 10.0 9.0 2.0 3.0
10 9.0 2.0 1.0 10.0 2.0 7.0 2.0 8.0 1.0 0.0 7.0 2.0 5.0 4.0 6.0 6.0 3.0 1.0 6.0 9.0
11 6.0 5.0 4.0 3.0 5.0 10.0 6.0 9.0 3.0 7.0 0.0 10.0 4.0 8.0 6.0 3.0 8.0 1.0 1.0 3.0
12 3.0 2.0 3.0 1.0 7.0 2.0 1.0 7.0 2.0 2.0 10.0 0.0 9.0 8.0 3.0 5.0 10.0 4.0 6.0 3.0
13 7.0 9.0 10.0 7.0 9.0 4.0 4.0 3.0 3.0 5.0 4.0 9.0 0.0 3.0 10.0 5.0 9.0 6.0 7.0 1.0
14 4.0 3.0 4.0 1.0 3.0 4.0 4.0 9.0 7.0 4.0 8.0 8.0 3.0 0.0 4.0 2.0 1.0 9.0 3.0 7.0
15 9.0 2.0 1.0 5.0 1.0 8.0 4.0 9.0 4.0 6.0 6.0 3.0 10.0 4.0 0.0 10.0 2.0 3.0 4.0 9.0
16 8.0 3.0 2.0 3.0 10.0 10.0 3.0 4.0 5.0 6.0 3.0 5.0 5.0 2.0 10.0 0.0 4.0 4.0 3.0 2.0
17 8.0 3.0 5.0 5.0 2.0 9.0 8.0 1.0 10.0 3.0 8.0 10.0 9.0 1.0 2.0 4.0 0.0 10.0 9.0 7.0
18 10.0 3.0 1.0 5.0 1.0 8.0 4.0 2.0 9.0 1.0 1.0 4.0 6.0 9.0 3.0 4.0 10.0 0.0 5.0 5.0
19 7.0 10.0 1.0 8.0 6.0 7.0 6.0 7.0 2.0 6.0 1.0 6.0 7.0 3.0 4.0 3.0 9.0 5.0 0.0 9.0
20 6.0 9.0 2.0 7.0 8.0 7.0 1.0 9.0 3.0 9.0 3.0 3.0 1.0 7.0 9.0 2.0 7.0 5.0 9.0 0.0
