60
1 0.0 4.0 3.0 9.0 1.0 9.0 7.0 10.0 7.0 9.0 3.0 4.0 10.0 6.0 5.0 8.0 5.0 9.0 7.0 2.0 10.0 5.0 6.0 1.0 6.0 3.0 4.0 4.0 10.0 1.0 4.0 10.0 1.0 2.0 2.0 6.0 3.0 9.0 9.0 10.0 5.0 3.0 6.0 2.0 4.0 6.0 5.0 5.0 10.0 9.0 9.0 6.0 5.0 2.0 5.0 5.0 9.0 7.0 2.0 8.0
2 4.0 0.0 7.0 2.0 2.0 8.0 6.0 10.0 2.0 5.0 10.0 1.0 3.0 10.0 3.0 10.0 8.0 5.0 3.0 5.0 6.0 9.0 10.0 10.0 2.0 7.0 3.0 3.0 7.0 4.0 10.0 7.0 3.0 6.0 5.0 6.0 9.0 3.0 3.0 5.0 4.0 8.0 6.0 5.0 8.0 9.0 10.0 5.0 7.0 7.0 2.0 9.0 2.0 10.0 3.0 9.0 1.0 1.0 6.0 6.0
3 3.0 7.0 0.0 10.0 5.0 10.0 5.0 1.0 5.0 4.0 5.0 8.0 3.0 10.0 7.0 10.0 9.0 1.0 6.0 3.0 6.0 5.0 10.0 3.0 1.0 7.0 10.0 5.0 2.0 4.0 4.0 10.0 6.0 3.0 5.0 8.0 9.0 4.0 4.0 3.0 1.0 4.0 5.0 8.0 1.0 1.0 4.0 7.0 4.0 7.0 5.0 3.0 6.0 1.0 8.0 8.0 4.0 9.0 4.0 9.0
4 9.0 2.0 10.0 0.0 3.0 4.0 8.0 8.0 9.0 4.0 10.0 7.0 7.0 5.0 2.0 2.0 3.0 1.0 1.0 8.0 1.0 1.0 8.0 9.0 8.0 4.0 1.0 7.0 7.0 3.0 2.0 3.0 7.0 7.0 10.0 6.0 2.0 10.0 6.0 8.0 6.0 4.0 5.0 6.0 5.0 1.0 8.0 4.0 5.0 5.0 2.0 1.0 10.0 9.0 8.0 1.0 3.0 4.0 6.0 8.0
5 1.0 2.0 5.0 3.0 0.0 10.0 6.0 5.0 7.0 2.0 5.0 1.0 2.0 8.0 3.0 2.0 2.0 7.0 3.0 7.0 7.0 2.0 8.0 3.0 6.0 7.0 8.0 3.0 8.0 8.0 6.0 4.0 10.0 9.0 3.0 1.0 2.0 2.0 6.0 1.0 2.0 7.0 6.0 7.0 9.0 2.0 6.0 3.0 5.0 2.0 4.0 1.0 3.0 2.0 7.0 2.0 3.0 6.0 2.0 6.0
6 9.0 8.0 10.0 4.0 10.0 0.0 5.0 5.0 4.0 10.0 3.0 1.0 5.0 5.0 7.0 4.0 2.0 2.0 3.0 6.0 2.0 2.0 3.0 6.0 8.0 7.0 4.0 7.0 1.0 7.0 9.0 3.0 3.0 5.0 4.0 3.0 4.0 5.0 8.0 1.0 5.0 1.0 6.0 7.0 1.0 1.0 6.0 8.0 8.0 8.0 6.0 6.0 8.0 1.0 9.0 7.0 7.0 6.0 10.0 7.0
7 7.0 6.0 5.0 8.0 6.0 5.0 0.0 2.0 2.0 9.0 9.0 8.0 3.0 8.0 2.0 1.0 4.0 6.0 3.0 8.0 8.0 2.0 8.0 1.0 2.0 8.0 2.0 7.0 7.0 7.0 7.0 8.0 7.0 5.0 9.0 6.0 10.0 8.0 3.0 5.0 1.0 1.0 9.0 5.0 9.0 4.0 10.0 8.0 4.0 4.0 5.0 5.0 9.0 1.0 7.0 5.0 1.0 6.0 3.0 7.0
8 10.0 10.0 1.0 8.0 5.0 5.0 2.0 0.0 2.0 5.0 7.0 8.0 6.0 3.0 8.0 10.0 1.0 4.0 10.0 3.0 7.0 10.0 3.0 8.0 4.0 8.0 1.0 2.0 6.0 2.0 10.0 10.0 4.0 3.0 8.0 6.0 4.0 8.0 6.0 5.0 4.0 1.0 2.0 7.0 2.0 8.0 4.0 9.0 9.0 5.0 10.0 9.0 3.0 4.0 3.0 1.0 9.0 6.0 9.0 1.0
9 7.0 2.0 5.0 9.0 7.0 4.0 2.0 2.0 0.0 10.0 2.0 9.0 5.0 6.0 9.0 4.0 4.0 8.0 6.0 3.0 3.0 7.0 3.0 4.0 5.0 3.0 10.0 7.0 4.0 10.0 6.0 7.0 8.0 3.0 7.0 2.0 6.0 4.0 1.0 1.0 4.0 8.0 4.0 3.0 9.0 6.0 4.0 3.0 4.0 6.0 6.0 2.0 1.0 2.0 4.0 9.0 5.0 8.0 10.0 5.0
10 9.0 5.0 4.0 4.0 2.0 10.0 9.0 5.0 10.0 0.0 5.0 10.0 6.0 4.0 4.0 8.0 7.0 4.0 4.0 10.0 9.0 9.0 8.0 2.0 2.0 10.0 6.0 2.0 4.0 9.0 4.0 3.0 7.0 8.0 1.0 9.0 3.0 8.0 3.0 5.0 8.0 6.0 2.0 4.0 6.0 9.0 10.0 8.0 4.0 7.0 8.0 8.0 9.0 7.0 1.0 1.0 10.0 4.0 9.0 5.0
11 3.0 10.0 5.0 10.0 5.0 3.0 9.0 7.0 2.0 5.0 0.0 5.0 3.0 6.0 1.0 2.0 5.0 5.0 8.0 2.0 10.0 5.0 2.0 5.0 4.0 10.0 8.0 9.0 6.0 6.0 4.0 5.0 6.0 8.0 7.0 4.0 4.0 8.0 1.0 9.0 1.0 6.0 2.0 6.0 4.0 1.0 7.0 10.0 5.0 9.0 2.0 9.0 6.0 7.0 3.0 9.0 6.0 8.0 9.0 4.0
12 4.0 1.0 8.0 7.0 1.0 1.0 8.0 8.0 9.0 10.0 5.0 0.0 9.0 4.0 5.0 4.0 5.0 8.0 1.0 4.0 5.0 5.0 6.0 10.0 7.0 7.0 3.0 4.0 3.0 10.0 4.0 7.0 9.0 3.0 8.0 7.0 6.0 9.0 8.0 10.0 1.0 3.0 4.0 7.0 10.0 4.0 10.0 7.0 9.0 7.0 1.0 9.0 9.0 2.0 5.0 2.0 1.0 7.0 2.0 7.0
13 10.0 3.0 3.0 7.0 2.0 5.0 3.0 6.0 5.0 6.0 3.0 9.0 0.0 9.0 4.0 5.0 10.0 4.0 8.0 7.0 3.0 5.0 6.0 10.0 7.0 2.0 7.0 7.0 9.0 10.0 4.0 7.0 10.0 8.0 3.0 7.0 3.0 3.0 2.0 4.0 7.0 4.0 6.0 7.0 8.0 4.0 4.0 3.0 2.0 3.0 10.0 4.0 8.0 7.0 9.0 9.0 10.0 5.0 3.0 9.0
14 6.0 10.0 10.0 5.0 8.0 5.0 8.0 3.0 6.0 4.0 6.0 4.0 9.0 0.0 5.0 1.0 5.0 4.0 3.0 6.0 10.0 6.0 10.0 5.0 4.0 6.0 9.0 4.0 7.0 7.0 3.0 7.0 10.0 8.0 6.0 8.0 6.0 1.0 3.0 4.0 10.0 5.0 1.0 2.0 5.0 6.0 4.0 3.0 6.0 7.0 10.0 7.0 10.0 5.0 1.0 5.0 3.0 7.0 10.0 3.0
15 5.0 3.0 7.0 2.0 3.0 7.0 2.0 8.0 9.0 4.0 1.0 5.0 4.0 5.0 0.0 10.0 5.0 7.0 4.0 6.0 5.0 9.0 2.0 2.0 3.0 5.0 6.0 7.0 6.0 2.0 1.0 6.0 10.0 8.0 9.0 3.0 10.0 4.0 7.0 3.0 7.0 9.0 5.0 9.0 5.0 7.0 1.0 10.0 6.0 8.0 4.0 3.0 3.0 9.0 7.0 9.0 1.0 2.0 3.0 3.0
16 8.0 10.0 10.0 2.0 2.0 4.0 1.0 10.0 4.0 8.0 2.0 4.0 5.0 1.0 10.0 0.0 6.0 9.0 5.0 1.0 5.0 2.0 9.0 3.0 1.0 2.0 3.0 5.0 6.0 10.0 9.0 4.0 7.0 5.0 2.0 6.0 5.0 5.0 2.0 7.0 10.0 1.0 2.0 10.0 9.0 2.0 4.0 2.0 8.0 4.0 4.0 8.0 6.0 7.0 3.0 8.0 5.0 7.0 9.0 10.0
17 5.0 8.0 9.0 3.0 2.0 2.0 4.0 1.0 4.0 7.0 5.0 5.0 10.0 5.0 5.0 6.0 0.0 7.0 3.0 2.0 10.0 4.0 2.0 10.0 4.0 1.0 6.0 2.0 6.0 8.0 2.0 2.0 10.0 9.0 8.0 3.0 7.0 1.0 6.0 10.0 4.0 6.0 10.0 9.0 7.0 5.0 5.0 2.0 9.0 9.0 9.0 7.0 4.0 10.0 6.0 8.0 10.0 7.0 8.0 3.0
18 9.0 5.0 1.0 1.0 7.0 2.0 6.0 4.0 8.0 4.0 5.0 8.0 4.0 4.0 7.0 9.0 7.0 0.0 3.0 3.0 4.0 7.0 10.0 5.0 3.0 2.0 5.0 7.0 7.0 10.0 3.0 8.0 6.0 2.0 8.0 10.0 8.0 4.0 10.0 1.0 7.0 9.0 10.0 1.0 3.0 2.0 1.0 7.0 2.0 3.0 4.0 3.0 1.0 2.0 1.0 5.0 2.0 1.0 5.0 3.0
19 7.0 3.0 6.0 1.0 3.0 3.0 3.0 10.0 6.0 4.0 8.0 1.0 8.0 3.0 4.0 5.0 3.0 3.0 0.0 3.0 4.0 5.0 7.0 8.0 9.0 3.0 6.0 5.0 7.0 9.0 3.0 5.0 2.0 9.0 5.0 3.0 4.0 1.0 3.0 4.0 6.0 3.0 4.0 1.0 9.0 3.0 5.0 9.0 5.0 4.0 7.0 3.0 5.0 8.0 7.0 5.0 3.0 1.0 4.0 4.0
20 2.0 5.0 3.0 8.0 7.0 6.0 8.0 3.0 3.0 10.0 2.0 4.0 7.0 6.0 6.0 1.0 2.0 3.0 3.0 0.0 9.0 3.0 9.0 9.0 2.0 8.0 10.0 8.0 2.0 1.0 10.0 3.0 3.0 4.0 5.0 10.0 7.0 5.0 7.0 1.0 2.0 8.0 6.0 7.0 6.0 8.0 9.0 8.0 9.0 4.0 4.0 7.0 9.0 10.0 2.0 6.0 7.0 8.0 8.0 1.0
21 10.0 6.0 6.0 1.0 7.0 2.0 8.0 7.0 3.0 9.0 10.0 5.0 3.0 10.0 5.0 5.0 10.0 4.0 4.0 9.0 0.0 9.0 2.0 4.0 7.0 2.0 8.0 2.0 7.0 6.0 6.0 2.0 1.0 5.0 1.0 4.0 4.0 10.0 10.0 10.0 5.0 3.0 7.0 9.0 5.0 6.0 5.0 5.0 3.0 2.0 10.0 6.0 3.0 5.0 5.0 8.0 2.0 8.0 1.0 3.0
22 5.0 9.0 5.0 1.0 2.0 2.0 2.0 10.0 7.0 9.0 5.0 5.0 5.0 6.0 9.0 2.0 4.0 7.0 5.0 3.0 9.0 0.0 5.0 1.0 1.0 10.0 7.0 5.0 6.0 2.0 9.0 6.0 6.0 8.0 9.0 8.0 10.0 6.0 2.0 3.0 5.0 3.0 7.0 10.0 7.0 9.0 2.0 7.0 6.0 7.0 5.0 5.0 8.0 6.0 2.0 2.0 9.0 2.0 8.0 4.0
23 6.0 10.0 10.0 8.0 8.0 3.0 8.0 3.0 3.0 8.0 2.0 6.0 6.0 10.0 2.0 9.0 2.0 10.0 7.0 9.0 2.0 5.0 0.0 7.0 10.0 8.0 10.0 1.0 6.0 5.0 3.0 4.0 9.0 10.0 8.0 5.0 5.0 2.0 1.0 10.0 3.0 10.0 2.0 2.0 3.0 9.0 2.0 4.0 3.0 5.0 7.0 8.0 7.0 8.0 5.0 7.0 3.0 6.0 1.0 6.0
24 1.0 10.0 3.0 9.0 3.0 6.0 1.0 8.0 4.0 2.0 5.0 10.0 10.0 5.0 2.0 3.0 10.0 5.0 8.0 9.0 4.0 1.0 7.0 0.0 7.0 7.0 10.0 1.0 3.0 10.0 4.0 3.0 1.0 1.0 1.0 8.0 5.0 6.0 5.0 6.0 10.0 2.0 7.0 7.0 5.0 3.0 1.0 9.0 8.0 6.0 1.0 5.0 7.0 5.0 1.0 2.0 4.0 2.0 1.0 10.0
25 6.0 2.0 1.0 8.0 6.0 8.0 2.0 4.0 5.0 2.0 4.0 7.0 7.0 4.0 3.0 1.0 4.0 3.0 9.0 2.0 7.0 1.0 10.0 7.0 0.0 3.0 2.0 2.0 7.0 1.0 1.0 9.0 10.0 6.0 3.0 2.0 3.0 8.0 10.0 8.0 4.0 9.0 10.0 10.0 2.0 7.0 4.0 6.0 5.0 3.0 8.0 4.0 2.0 10.0 7.0 1.0 6.0 8.0 4.0 5.0
26 3.0 7.0 7.0 4.0 7.0 7.0 8.0 8.0 3.0 10.0 10.0 7.0 2.0 6.0 5.0 2.0 1.0 2.0 3.0 8.0 2.0 10.0 8.0 7.0 3.0 0.0 8.0 7.0 9.0 2.0 7.0 7.0 9.0 6.0 2.0 1.0 7.0 7.0 2.0 7.0 3.0 9.0 10.0 9.0 1.0 9.0 5.0 9.0 2.0 6.0 5.0 3.0 4.0 8.0 5.0 6.0 1.0 3.0 1.0 7.0
27 4.0 3.0 10.0 1.0 8.0 4.0 2.0 1.0 10.0 6.0 8.0 3.0 7.0 9.0 6.0 3.0 6.0 5.0 6.0 10.0 8.0 7.0 10.0 10.0 2.0 8.0 0.0 6.0 6.0 8.0 9.0 8.0 4.0 6.0 3.0 8.0 2.0 5.0 7.0 1.0 10.0 3.0 1.0 7.0 4.0 4.0 2.0 3.0 5.0 7.0 9.0 10.0 9.0 2.0 6.0 2.0 4.0 8.0 5.0 10.0
28 4.0 3.0 5.0 7.0 3.0 7.0 7.0 2.0 7.0 2.0 9.0 4.0 7.0 4.0 7.0 5.0 2.0 7.0 5.0 8.0 2.0 5.0 1.0 1.0 2.0 7.0 6.0 0.0 1.0 7.0 10.0 2.0 3.0 6.0 5.0 9.0 2.0 6.0 7.0 5.0 7.0 5.0 4.0 7.0 1.0 2.0 1.0 3.0 7.0 10.0 2.0 10.0 8.0 6.0 4.0 10.0 4.0 9.0 5.0 6.0
29 10.0 7.0 2.0 7.0 8.0 1.0 7.0 6.0 4.0 4.0 6.0 3.0 9.0 7.0 6.0 6.0 6.0 7.0 7.0 2.0 7.0 6.0 6.0 3.0 7.0 9.0 6.0 1.0 0.0 1.0 6.0 10.0 2.0 1.0 7.0 3.0 5.0 3.0 10.0 9.0 8.0 7.0 10.0 9.0 6.0 2.0 7.0 8.0 6.0 3.0 1.0 2.0 8.0 5.0 8.0 7.0 8.0 10.0 5.0 7.0
30 1.0 4.0 4.0 3.0 8.0 7.0 7.0 2.0 10.0 9.0 6.0 10.0 10.0 7.0 2.0 10.0 8.0 10.0 9.0 1.0 6.0 2.0 5.0 10.0 1.0 2.0 8.0 7.0 1.0 0.0 9.0 2.0 1.0 2.0 4.0 4.0 2.0 9.0 1.0 10.0 10.0 8.0 8.0 8.0 4.0 2.0 8.0 4.0 6.0 7.0 6.0 10.0 7.0 6.0 2.0 7.0 9.0 5.0 2.0 9.0
31 4.0 10.0 4.0 2.0 6.0 9.0 7.0 10.0 6.0 4.0 4.0 4.0 4.0 3.0 1.0 9.0 2.0 3.0 3.0 10.0 6.0 9.0 3.0 4.0 1.0 7.0 9.0 10.0 6.0 9.0 0.0 2.0 8.0 3.0 1.0 2.0 10.0 7.0 2.0 7.0 6.0 8.0 6.0 3.0 8.0 8.0 6.0 5.0 6.0 6.0 6.0 6.0 7.0 2.0 7.0 1.0 6.0 2.0 6.0 1.0
32 10.0 7.0 10.0 3.0 4.0 3.0 8.0 10.0 7.0 3.0 5.0 7.0 7.0 7.0 6.0 4.0 2.0 8.0 5.0 3.0 2.0 6.0 4.0 3.0 9.0 7.0 8.0 2.0 10.0 2.0 2.0 0.0 6.0 9.0 7.0 3.0 9.0 6.0 3.0 8.0 6.0 1.0 1.0 10.0 6.0 6.0 2.0 7.0 7.0 4.0 3.0 5.0 10.0 4.0 6.0 6.0 10.0 4.0 9.0 10.0
33 1.0 3.0 6.0 7.0 10.0 3.0 7.0 4.0 8.0 7.0 6.0 9.0 10.0 10.0 10.0 7.0 10.0 6.0 2.0 3.0 1.0 6.0 9.0 1.0 10.0 9.0 4.0 3.0 2.0 1.0 8.0 6.0 0.0 8.0 5.0 5.0 2.0 6.0 5.0 10.0 3.0 4.0 5.0 8.0 5.0 6.0 2.0 9.0 5.0 3.0 1.0 3.0 6.0 7.0 6.0 4.0 3.0 5.0 1.0 6.0
34 2.0 6.0 3.0 7.0 9.0 5.0 5.0 3.0 3.0 8.0 8.0 3.0 8.0 8.0 8.0 5.0 9.0 2.0 9.0 4.0 5.0 8.0 10.0 1.0 6.0 6.0 6.0 6.0 1.0 2.0 3.0 9.0 8.0 0.0 1.0 7.0 8.0 3.0 5.0 4.0 9.0 9.0 5.0 6.0 1.0 3.0 7.0 10.0 7.0 6.0 6.0 6.0 8.0 6.0 10.0 9.0 1.0 6.0 3.0 9.0
35 2.0 5.0 5.0 10.0 3.0 4.0 9.0 8.0 7.0 1.0 7.0 8.0 3.0 6.0 9.0 2.0 8.0 8.0 5.0 5.0 1.0 9.0 8.0 1.0 3.0 2.0 3.0 5.0 7.0 4.0 1.0 7.0 5.0 1.0 0.0 7.0 5.0 8.0 9.0 2.0 8.0 1.0 5.0 6.0 10.0 7.0 1.0 6.0 4.0 2.0 1.0 7.0 4.0 8.0 3.0 10.0 1.0 5.0 4.0 2.0
36 6.0 6.0 8.0 6.0 1.0 3.0 6.0 6.0 2.0 9.0 4.0 7.0 7.0 8.0 3.0 6.0 3.0 10.0 3.0 10.0 4.0 8.0 5.0 8.0 2.0 1.0 8.0 9.0 3.0 4.0 2.0 3.0 5.0 7.0 7.0 0.0 6.0 4.0 5.0 9.0 2.0 1.0 1.0 9.0 2.0 3.0 10.0 8.0 5.0 3.0 2.0 5.0 1.0 10.0 3.0 5.0 3.0 9.0 5.0 4.0
37 3.0 9.0 9.0 2.0 2.0 4.0 10.0 4.0 6.0 3.0 4.0 6.0 3.0 6.0 10.0 5.0 7.0 8.0 4.0 7.0 4.0 10.0 5.0 5.0 3.0 7.0 2.0 2.0 5.0 2.0 10.0 9.0 2.0 8.0 5.0 6.0 0.0 7.0 8.0 6.0 1.0 10.0 4.0 7.0 10.0 6.0 7.0 3.0 9.0 5.0 8.0 1.0 5.0 8.0 10.0 4.0 6.0 10.0 4.0 6.0
38 9.0 3.0 4.0 10.0 2.0 5.0 8.0 8.0 4.0 8.0 8.0 9.0 3.0 1.0 4.0 5.0 1.0 4.0 1.0 5.0 10.0 6.0 2.0 6.0 8.0 7.0 5.0 6.0 3.0 9.0 7.0 6.0 6.0 3.0 8.0 4.0 7.0 0.0 5.0 7.0 7.0 8.0 2.0 6.0 10.0 5.0 5.0 10.0 8.0 8.0 2.0 8.0 5.0 1.0 3.0 3.0 10.0 9.0 5.0 6.0
39 9.0 3.0 4.0 6.0 6.0 8.0 3.0 6.0 1.0 3.0 1.0 8.0 2.0 3.0 7.0 2.0 6.0 10.0 3.0 7.0 10.0 2.0 1.0 5.0 10.0 2.0 7.0 7.0 10.0 1.0 2.0 3.0 5.0 5.0 9.0 5.0 8.0 5.0 0.0 1.0 9.0 7.0 10.0 4.0 3.0 8.0 3.0 2.0 9.0 6.0 8.0 2.0 1.0 8.0 1.0 6.0 9.0 5.0 10.0 5.0
40 10.0 5.0 3.0 8.0 1.0 1.0 5.0 5.0 1.0 5.0 9.0 10.0 4.0 4.0 3.0 7.0 10.0 1.0 4.0 1.0 10.0 3.0 10.0 6.0 8.0 7.0 1.0 5.0 9.0 10.0 7.0 8.0 10.0 4.0 2.0 9.0 6.0 7.0 1.0 0.0 10.0 8.0 4.0 1.0 9.0 5.0 7.0 6.0 8.0 8.0 2.0 1.0 9.0 6.0 5.0 10.0 2.0 7.0 2.0 8.0
41 5.0 4.0 1.0 6.0 2.0 5.0 1.0 4.0 4.0 8.0 1.0 1.0 7.0 10.0 7.0 10.0 4.0 7.0 6.0 2.0 5.0 5.0 3.0 10.0 4.0 3.0 10.0 7.0 8.0 10.0 6.0 6.0 3.0 9.0 8.0 2.0 1.0 7.0 9.0 10.0 0.0 6.0 10.0 7.0 6.0 4.0 9.0 10.0 3.0 1.0 8.0 8.0 3.0 1.0 9.0 8.0 2.0 8.0 7.0 3.0
42 3.0 8.0 4.0 4.0 7.0 1.0 1.0 1.0 8.0 6.0 6.0 3.0 4.0 5.0 9.0 1.0 6.0 9.0 3.0 8.0 3.0 3.0 10.0 2.0 9.0 9.0 3.0 5.0 7.0 8.0 8.0 1.0 4.0 9.0 1.0 1.0 10.0 8.0 7.0 8.0 6.0 0.0 6.0 6.0 4.0 10.0 5.0 7.0 7.0 10.0 3.0 10.0 9.0 9.0 3.0 8.0 4.0 8.0 4.0 8.0
43 6.0 6.0 5.0 5.0 6.0 6.0 9.0 2.0 4.0 2.0 2.0 4.0 6.0 1.0 5.0 2.0 10.0 10.0 4.0 6.0 7.0 7.0 2.0 7.0 10.0 10.0 1.0 4.0 10.0 8.0 6.0 1.0 5.0 5.0 5.0 1.0 4.0 2.0 10.0 4.0 10.0 6.0 0.0 8.0 10.0 6.0 6.0 5.0 7.0 8.0 10.0 7.0 10.0 3.0 9.0 1.0 1.0 1.0 9.0 10.0
44 2.0 5.0 8.0 6.0 7.0 7.0 5.0 7.0 3.0 4.0 6.0 7.0 7.0 2.0 9.0 10.0 9.0 1.0 1.0 7.0 9.0 10.0 2.0 7.0 10.0 9.0 7.0 7.0 9.0 8.0 3.0 10.0 8.0 6.0 6.0 9.0 7.0 6.0 4.0 1.0 7.0 6.0 8.0 0.0 6.0 5.0 10.0 2.0 3.0 7.0 4.0 10.0 6.0 10.0 1.0 3.0 6.0 7.0 10.0 6.0
45 4.0 8.0 1.0 5.0 9.0 1.0 9.0 2.0 9.0 6.0 4.0 10.0 8.0 5.0 5.0 9.0 7.0 3.0 9.0 6.0 5.0 7.0 3.0 5.0 2.0 1.0 4.0 1.0 6.0 4.0 8.0 6.0 5.0 1.0 10.0 2.0 10.0 10.0 3.0 9.0 6.0 4.0 10.0 6.0 0.0 4.0 3.0 7.0 9.0 10.0 3.0 10.0 9.0 10.0 2.0 5.0 9.0 7.0 9.0 2.0
46 6.0 9.0 1.0 1.0 2.0 1.0 4.0 8.0 6.0 9.0 1.0 4.0 4.0 6.0 7.0 2.0 5.0 2.0 3.0 8.0 6.0 9.0 9.0 3.0 7.0 9.0 4.0 2.0 2.0 2.0 8.0 6.0 6.0 3.0 7.0 3.0 6.0 5.0 8.0 5.0 4.0 10.0 6.0 5.0 4.0 0.0 9.0 2.0 4.0 9.0 8.0 4.0 3.0 5.0 7.0 1.0 8.0 1.0 9.0 7.0
47 5.0 10.0 4.0 8.0 6.0 6.0 10.0 4.0 4.0 10.0 7.0 10.0 4.0 4.0 1.0 4.0 5.0 1.0 5.0 9.0 5.0 2.0 2.0 1.0 4.0 5.0 2.0 1.0 7.0 8.0 6.0 2.0 2.0 7.0 1.0 10.0 7.0 5.0 3.0 7.0 9.0 5.0 6.0 10.0 3.0 9.0 0.0 9.0 6.0 2.0 5.0 2.0 3.0 1.0 7.0 2.0 3.0 7.0 4.0 1.0
48 5.0 5.0 7.0 4.0 3.0 8.0 8.0 9.0 3.0 8.0 10.0 7.0 3.0 3.0 10.0 2.0 2.0 7.0 9.0 8.0 5.0 7.0 4.0 9.0 6.0 9.0 3.0 3.0 8.0 4.0 5.0 7.0 9.0 10.0 6.0 8.0 3.0 10.0 2.0 6.0 10.0 7.0 5.0 2.0 7.0 2.0 9.0 0.0 3.0 6.0 6.0 10.0 5.0 7.0 10.0 3.0 9.0 6.0 5.0 1.0
49 10.0 7.0 4.0 5.0 5.0 8.0 4.0 9.0 4.0 4.0 5.0 9.0 2.0 6.0 6.0 8.0 9.0 2.0 5.0 9.0 3.0 6.0 3.0 8.0 5.0 2.0 5.0 7.0 6.0 6.0 6.0 7.0 5.0 7.0 4.0 5.0 9.0 8.0 9.0 8.0 3.0 7.0 7.0 3.0 9.0 4.0 6.0 3.0 0.0 1.0 8.0 6.0 3.0 1.0 4.0 6.0 5.0 2.0 3.0 2.0
50 9.0 7.0 7.0 5.0 2.0 8.0 4.0 5.0 6.0 7.0 9.0 7.0 3.0 7.0 8.0 4.0 9.0 3.0 4.0 4.0 2.0 7.0 5.0 6.0 3.0 6.0 7.0 10.0 3.0 7.0 6.0 4.0 3.0 6.0 2.0 3.0 5.0 8.0 6.0 8.0 1.0 10.0 8.0 7.0 10.0 9.0 2.0 6.0 1.0 0.0 8.0 1.0 5.0 1.0 4.0 4.0 5.0 2.0 4.0 4.0
51 9.0 2.0 5.0 2.0 4.0 6.0 5.0 10.0 6.0 8.0 2.0 1.0 10.0 10.0 4.0 4.0 9.0 4.0 7.0 4.0 10.0 5.0 7.0 1.0 8.0 5.0 9.0 2.0 1.0 6.0 6.0 3.0 1.0 6.0 1.0 2.0 8.0 2.0 8.0 2.0 8.0 3.0 10.0 4.0 3.0 8.0 5.0 6.0 8.0 8.0 0.0 4.0 4.0 7.0 1.0 2.0 10.0 2.0 9.0 7.0
52 6.0 9.0 3.0 1.0 1.0 6.0 5.0 9.0 2.0 8.0 9.0 9.0 4.0 7.0 3.0 8.0 7.0 3.0 3.0 7.0 6.0 5.0 8.0 5.0 4.0 3.0 10.0 10.0 2.0 10.0 6.0 5.0 3.0 6.0 7.0 5.0 1.0 8.0 2.0 1.0 8.0 10.0 7.0 10.0 10.0 4.0 2.0 10.0 6.0 1.0 4.0 0.0 9.0 8.0 9.0 7.0 7.0 8.0 10.0 3.0
53 5.0 2.0 6.0 10.0 3.0 8.0 9.0 3.0 1.0 9.0 6.0 9.0 8.0 10.0 3.0 6.0 4.0 1.0 5.0 9.0 3.0 8.0 7.0 7.0 2.0 4.0 9.0 8.0 8.0 7.0 7.0 10.0 6.0 8.0 4.0 1.0 5.0 5.0 1.0 9.0 3.0 9.0 10.0 6.0 9.0 3.0 3.0 5.0 3.0 5.0 4.0 9.0 0.0 3.0 1.0 1.0 7.0 8.0 4.0 10.0
54 2.0 10.0 1.0 9.0 2.0 1.0 1.0 4.0 2.0 7.0 7.0 2.0 7.0 5.0 9.0 7.0 10.0 2.0 8.0 10.0 5.0 6.0 8.0 5.0 10.0 8.0 2.0 6.0 5.0 6.0 2.0 4.0 7.0 6.0 8.0 10.0 8.0 1.0 8.0 6.0 1.0 9.0 3.0 10.0 10.0 5.0 1.0 7.0 1.0 1.0 7.0 8.0 3.0 0.0 7.0 9.0 10.0 7.0 4.0 4.0
55 5.0 3.0 8.0 8.0 7.0 9.0 7.0 3.0 4.0 1.0 3.0 5.0 9.0 1.0 7.0 3.0 6.0 1.0 7.0 2.0 5.0 2.0 5.0 1.0 7.0 5.0 6.0 4.0 8.0 2.0 7.0 6.0 6.0 10.0 3.0 3.0 10.0 3.0 1.0 5.0 9.0 3.0 9.0 1.0 2.0 7.0 7.0 10.0 4.0 4.0 1.0 9.0 1.0 7.0 0.0 1.0 7.0 8.0 8.0 8.0
56 5.0 9.0 8.0 1.0 2.0 7.0 5.0 1.0 9.0 1.0 9.0 2.0 9.0 5.0 9.0 8.0 8.0 5.0 5.0 6.0 8.0 2.0 7.0 2.0 1.0 6.0 2.0 10.0 7.0 7.0 1.0 6.0 4.0 9.0 10.0 5.0 4.0 3.0 6.0 10.0 8.0 8.0 1.0 3.0 5.0 1.0 2.0 3.0 6.0 4.0 2.0 7.0 1.0 9.0 1.0 0.0 3.0 8.0 1.0 1.0
57 9.0 1.0 4.0 3.0 3.0 7.0 1.0 9.0 5.0 10.0 6.0 1.0 10.0 3.0 1.0 5.0 10.0 2.0 3.0 7.0 2.0 9.0 3.0 4.0 6.0 1.0 4.0 4.0 8.0 9.0 6.0 10.0 3.0 1.0 1.0 3.0 6.0 10.0 9.0 2.0 2.0 4.0 1.0 6.0 9.0 8.0 3.0 9.0 5.0 5.0 10.0 7.0 7.0 10.0 7.0 3.0 0.0 1.0 6.0 4.0
58 7.0 1.0 9.0 4.0 6.0 6.0 6.0 6.0 8.0 4.0 8.0 7.0 5.0 7.0 2.0 7.0 7.0 1.0 1.0 8.0 8.0 2.0 6.0 2.0 8.0 3.0 8.0 9.0 10.0 5.0 2.0 4.0 5.0 6.0 5.0 9.0 10.0 9.0 5.0 7.0 8.0 8.0 1.0 7.0 7.0 1.0 7.0 6.0 2.0 2.0 2.0 8.0 8.0 7.0 8.0 8.0 1.0 0.0 8.0 6.0
59 2.0 6.0 4.0 6.0 2.0 10.0 3.0 9.0 10.0 9.0 9.0 2.0 3.0 10.0 3.0 9.0 8.0 5.0 4.0 8.0 1.0 8.0 1.0 1.0 4.0 1.0 5.0 5.0 5.0 2.0 6.0 9.0 1.0 3.0 4.0 5.0 4.0 5.0 10.0 2.0 7.0 4.0 9.0 10.0 9.0 9.0 4.0 5.0 3.0 4.0 9.0 10.0 4.0 4.0 8.0 1.0 6.0 8.0 0.0 6.0
60 8.0 6.0 9.0 8.0 6.0 7.0 7.0 1.0 5.0 5.0 4.0 7.0 9.0 3.0 3.0 10.0 3.0 3.0 4.0 1.0 3.0 4.0 6.0 10.0 5.0 7.0 10.0 6.0 7.0 9.0 1.0 10.0 6.0 9.0 2.0 4.0 6.0 6.0 5.0 8.0 3.0 8.0 10.0 6.0 2.0 7.0 1.0 1.0 2.0 4.0 7.0 3.0 10.0 4.0 8.0 1.0 4.0 6.0 6.0 0.0
