35
1 0.0 10.0 3.0 9.0 10.0 8.0 1.0 1.0 4.0 9.0 10.0 8.0 8.0 9.0 4.0 5.0 2.0 3.0 2.0 5.0 5.0 8.0 6.0 2.0 1.0 4.0 6.0 2.0 3.0 3.0 10.0 5.0 3.0 2.0 2.0
2 10.0 0.0 8.0 9.0 1.0 6.0 6.0 2.0 5.0 10.0 1.0 6.0 5.0 3.0 10.0 1.0 8.0 3.0 6.0 2.0 7.0 2.0 7.0 2.0 7.0 2.0 10.0 1.0 2.0 10.0 2.0 1.0 4.0 7.0 8.0
3 3.0 8.0 0.0 10.0 10.0 6.0 10.0 7.0 9.0 2.0 1.0 8.0 4.0 10.0 2.0 6.0 1.0 4.0 4.0 1.0 3.0 3.0 3.0 2.0 2.0 1.0 9.0 10.0 6.0 3.0 8.0 7.0 8.0 7.0 2.0
4 9.0 9.0 10.0 0.0 10.0 10.0 2.0 4.0 8.0 5.0 5.0 3.0 6.0 5.0 7.0 7.0 5.0 5.0 4.0 5.0 1.0 6.0 4.0 7.0 1.0 5.0 9.0 1.0 2.0 1.0 3.0 5.0 2.0 8.0 7.0
5 10.0 1.0 10.0 10.0 0.0 6.0 5.0 1.0 8.0 7.0 6.0 6.0 3.0 1.0 3.0 9.0 1.0 3.0 9.0 5.0 3.0 4.0 10.0 2.0 8.0 9.0 2.0 4.0 5.0 7.0 8.0 2.0 5.0 4.0 6.0
6 8.0 6.0 6.0 10.0 6.0 0.0 2.0 9.0 5.0 10.0 4.0 5.0 4.0 4.0 9.0 5.0 1.0 7.0 1.0 7.0 1.0 8.0 5.0 5.0 2.0 6.0 2.0 1.0 8.0 5.0 7.0 9.0 7.0 4.0 6.0
7 1.0 6.0 10.0 2.0 5.0 2.0 0.0 9.0 3.0 4.0 6.0 5.0 3.0 5.0 7.0 5.0 9.0 6.0 3.0 10.0 1.0 8.0 7.0 7.0 9.0 9.0 6.0 7.0 10.0 8.0 1.0 9.0 7.0 9.0 6.0
8 1.0 2.0 7.0 4.0 1.0 9.0 9.0 0.0 3.0 8.0 5.0 1.0 3.0 7.0 5.0 10.0 7.0 10.0 8.0 7.0 3.0 2.0 3.0 10.0 7.0 4.0 5.0 10.0 6.0 3.0 7.0 10.0 6.0 1.0 4.0
9 4.0 5.0 9.0 8.0 8.0 5.0 3.0 3.0 0.0 3.0 6.0 3.0 5.0 4.0 9.0 9.0 3.0 9.0 9.0 5.0 4.0 5.0 1.0 7.0 9.0 4.0 10.0 6.0 7.0 3.0 9.0 4.0 9.0 3.0 6.0
10 9.0 10.0 2.0 5.0 7.0 10.0 4.0 8.0 3.0 0.0 4.0 8.0 10.0 10.0 3.0 1.0 1.0 1.0 6.0 9.0 9.0 6.0 5.0 3.0 7.0 10.0 5.0 6.0 8.0 8.0 3.0 4.0 10.0 6.0 1.0
11 10.0 1.0 1.0 5.0 6.0 4.0 6.0 5.0 6.0 4.0 0.0 1.0 5.0 8.0 7.0 8.0 9.0 6.0 6.0 6.0 10.0 7.0 2.0 3.0 2.0 7.0 5.0 8.0 4.0 7.0 7.0 6.0 4.0 9.0 2.0
12 8.0 6.0 8.0 3.0 6.0 5.0 5.0 1.0 3.0 8.0 1.0 0.0 8.0 9.0 5.0 5.0 2.0 1.0 2.0 4.0 5.0 8.0 10.0 8.0 2.0 2.0 10.0 1.0 1.0 10.0 2.0 5.0 5.0 9.0 10.0
13 8.0 5.0 4.0 6.0 3.0 4.0 3.0 3.0 5.0 10.0 5.0 8.0 0.0 2.0 10.0 9.0 6.0 3.0 4.0 5.0 1.0 8.0 6.0 4.0 3.0 9.0 3.0 5.0 8.0 6.0 3.0 5.0 4.0 5.0 9.0
14 9.0 3.0 10.0 5.0 1.0 4.0 5.0 7.0 4.0 10.0 8.0 9.0 2.0 0.0 5.0 8.0 2.0 6.0 6.0 8.0 7.0 5.0 1.0 8.0 8.0 10.0 7.0 3.0 8.0 5.0 1.0 9.0 1.0 5.0 9.0
15 4.0 10.0 2.0 7.0 3.0 9.0 7.0 5.0 9.0 3.0 7.0 5.0 10.0 5.0 0.0 7.0 7.0 5.0 2.0 3.0 10.0 5.0 9.0 6.0 2.0 10.0 4.0 10.0 6.0 2.0 9.0 9.0 5.0 1.0 9.0
16 5.0 1.0 6.0 7.0 9.0 5.0 5.0 10.0 9.0 1.0 8.0 5.0 9.0 8.0 7.0 0.0 2.0 8.0 9.0 10.0 1.0 3.0 1.0 5.0 2.0 9.0 7.0 9.0 2.0 10.0 10.0 7.0 10.0 8.0 10.0
17 2.0 8.0 1.0 5.0 1.0 1.0 9.0 7.0 3.0 1.0 9.0 2.0 6.0 2.0 7.0 2.0 0.0 5.0 10.0 10.0 7.0 2.0 4.0 3.0 5.0 9.0 4.0 5.0 5.0 10.0 6.0 8.0 10.0 5.0 10.0
18 3.0 3.0 4.0 5.0 3.0 7.0 6.0 10.0 9.0 1.0 6.0 1.0 3.0 6.0 5.0 8.0 5.0 0.0 3.0 3.0 6.0 7.0 5.0 9.0 7.0 1.0 10.0 10.0 6.0 6.0 4.0 7.0 6.0 2.0 8.0
19 2.0 6.0 4.0 4.0 9.0 1.0 3.0 8.0 9.0 6.0 6.0 2.0 4.0 6.0 2.0 9.0 10.0 3.0 0.0 4.0 4.0 7.0 1.0 8.0 9.0 8.0 8.0 4.0 9.0 8.0 5.0 3.0 1.0 9.0 3.0
20 5.0 2.0 1.0 5.0 5.0 7.0 10.0 7.0 5.0 9.0 6.0 4.0 5.0 8.0 3.0 10.0 10.0 3.0 4.0 0.0 3.0 7.0 8.0 9.0 9.0 2.0 9.0 5.0 1.0 1.0 5.0 5.0 7.0 2.0 8.0
21 5.0 7.0 3.0 1.0 3.0 1.0 1.0 3.0 4.0 9.0 10.0 5.0 1.0 7.0 10.0 1.0 7.0 6.0 4.0 3.0 0.0 9.0 2.0 9.0 4.0 6.0 9.0 9.0 9.0 8.0 7.0 8.0 3.0 5.0 5.0
22 8.0 2.0 3.0 6.0 4.0 8.0 8.0 2.0 5.0 6.0 7.0 8.0 8.0 5.0 5.0 3.0 2.0 7.0 7.0 7.0 9.0 0.0 8.0 2.0 6.0 8.0 5.0 10.0 1.0 8.0 1.0 5.0 1.0 7.0 4.0
23 6.0 7.0 3.0 4.0 10.0 5.0 7.0 3.0 1.0 5.0 2.0 10.0 6.0 1.0 9.0 1.0 4.0 5.0 1.0 8.0 2.0 8.0 0.0 1.0 6.0 6.0 3.0 3.0 4.0 2.0 1.0 4.0 3.0 5.0 7.0
24 2.0 2.0 2.0 7.0 2.0 5.0 7.0 10.0 7.0 3.0 3.0 8.0 4.0 8.0 6.0 5.0 3.0 9.0 8.0 9.0 9.0 2.0 1.0 0.0 5.0 6.0 5.0 4.0 1.0 2.0 3.0 6.0 2.0 8.0 9.0
25 1.0 7.0 2.0 1.0 8.0 2.0 9.0 7.0 9.0 7.0 2.0 2.0 3.0 8.0 2.0 2.0 5.0 7.0 9.0 9.0 4.0 6.0 6.0 5.0 0.0 5.0 10.0 1.0 9.0 2.0 7.0 8.0 3.0 5.0 6.0
26 4.0 2.0 1.0 5.0 9.0 6.0 9.0 4.0 4.0 10.0 7.0 2.0 9.0 10.0 10.0 9.0 9.0 1.0 8.0 2.0 6.0 8.0 6.0 6.0 5.0 0.0 1.0 4.0 6.0 10.0 4.0 8.0 8.0 8.0 3.0
27 6.0 10.0 9.0 9.0 2.0 2.0 6.0 5.0 10.0 5.0 5.0 10.0 3.0 7.0 4.0 7.0 4.0 10.0 8.0 9.0 9.0 5.0 3.0 5.0 10.0 1.0 0.0 3.0 1.0 4.0 3.0 6.0 6.0 5.0 5.0
28 2.0 1.0 10.0 1.0 4.0 1.0 7.0 10.0 6.0 6.0 8.0 1.0 5.0 3.0 10.0 9.0 5.0 10.0 4.0 5.0 9.0 10.0 3.0 4.0 1.0 4.0 3.0 0.0 8.0 5.0 8.0 5.0 3.0 2.0 7.0
29 3.0 2.0 6.0 2.0 5.0 8.0 10.0 6.0 7.0 8.0 4.0 1.0 8.0 8.0 6.0 2.0 5.0 6.0 9.0 1.0 9.0 1.0 4.0 1.0 9.0 6.0 1.0 8.0 0.0 1.0 3.0 4.0 4.0 9.0 9.0
30 3.0 10.0 3.0 1.0 7.0 5.0 8.0 3.0 3.0 8.0 7.0 10.0 6.0 5.0 2.0 10.0 10.0 6.0 8.0 1.0 8.0 8.0 2.0 2.0 2.0 10.0 4.0 5.0 1.0 0.0 1.0 4.0 10.0 7.0 2.0
31 10.0 2.0 8.0 3.0 8.0 7.0 1.0 7.0 9.0 3.0 7.0 2.0 3.0 1.0 9.0 10.0 6.0 4.0 5.0 5.0 7.0 1.0 1.0 3.0 7.0 4.0 3.0 8.0 3.0 1.0 0.0 3.0 9.0 9.0 10.0
32 5.0 1.0 7.0 5.0 2.0 9.0 9.0 10.0 4.0 4.0 6.0 5.0 5.0 9.0 9.0 7.0 8.0 7.0 3.0 5.0 8.0 5.0 4.0 6.0 8.0 8.0 6.0 5.0 4.0 4.0 3.0 0.0 7.0 3.0 4.0
33 3.0 4.0 8.0 2.0 5.0 7.0 7.0 6.0 9.0 10.0 4.0 5.0 4.0 1.0 5.0 10.0 10.0 6.0 1.0 7.0 3.0 1.0 3.0 2.0 3.0 8.0 6.0 3.0 4.0 10.0 9.0 7.0 0.0 7.0 3.0
34 2.0 7.0 7.0 8.0 4.0 4.0 9.0 1.0 3.0 6.0 9.0 9.0 5.0 5.0 1.0 8.0 5.0 2.0 9.0 2.0 5.0 7.0 5.0 8.0 5.0 8.0 5.0 2.0 9.0 7.0 9.0 3.0 7.0 0.0 3.0
35 2.0 8.0 2.0 7.0 6.0 6.0 6.0 4.0 6.0 1.0 2.0 10.0 9.0 9.0 9.0 10.0 10.0 8.0 3.0 8.0 5.0 4.0 7.0 9.0 6.0 3.0 5.0 7.0 9.0 2.0 10.0 4.0 3.0 3.0 0.0
