20
1 0.0 1.0 7.0 7.0 1.0 2.0 4.0 7.0 2.0 3.0 10.0 5.0 4.0 8.0 10.0 10.0 3.0 3.0 4.0 8.0
2 1.0 0.0 5.0 6.0 5.0 4.0 3.0 6.0 8.0 5.0 8.0 1.0 10.0 9.0 6.0 6.0 2.0 3.0 9.0 6.0
3 7.0 5.0 0.0 7.0 10.0 9.0 9.0 6.0 2.0 6.0 3.0 3.0 10.0 1.0 6.0 3.0 1.0 2.0 7.0 1.0
4 7.0 6.0 7.0 0.0 9.0 6.0 6.0 1.0 9.0 3.0 1.0 6.0 8.0 6.0 6.0 4.0 7.0 6.0 9.0 4.0
5 1.0 5.0 10.0 9.0 0.0 1.0 10.0 2.0 8.0 6.0 6.0 8.0 1.0 2.0 10.0 10.0 7.0 5.0 2.0 7.0
6 2.0 4.0 9.0 6.0 1.0 0.0 2.0 6.0 10.0 8.0 4.0 2.0 9.0 8.0 8.0 1.0 8.0 5.0 4.0 1.0
7 4.0 3.0 9.0 6.0 10.0 2.0 0.0 3.0 4.0 2.0 3.0 8.0 9.0 3.0 4.0 7.0 3.0 6.0 10.0 10.0
8 7.0 6.0 6.0 1.0 2.0 6.0 3.0 0.0 4.0 7.0 3.0 5.0 6.0 1.0 6.0 3.0 9.0 6.0 10.0 3.0
9 2.0 8.0 2.0 9.0 8.0 10.0 4.0 4.0 0.0 7.0 10.0 7.0 6.0 5.0 3.0 5.0 1.0 7.0 5.0 1.0
10 3.0 5.0 6.0 3.0 6.0 8.0 2.0 7.0 7.0 0.0 6.0 4.0 8.0 5.0 6.0 2.0 1.0 5.0 9.0 1.0
11 10.0 8.0 3.0 1.0 6.0 4.0 3.0 3.0 10.0 6.0 0.0 2.0 2.0 2.0 6.0 2.0 3.0 10.0 3.0 1.0
12 5.0 1.0 3.0 6.0 8.0 2.0 8.0 5.0 7.0 4.0 2.0 0.0 3.0 6.0 8.0 7.0 5.0 7.0 6.0 6.0
13 4.0 10.0 10.0 8.0 1.0 9.0 9.0 6.0 6.0 8.0 2.0 3.0 0.0 8.0 6.0 2.0 9.0 5.0 9.0 5.0
14 8.0 9.0 1.0 6.0 2.0 8.0 3.0 1.0 5.0 5.0 2.0 6.0 8.0 0.0 6.0 6.0 2.0 4.0 2.0 4.0
15 10.0 6.0 6.0 6.0 10.0 8.0 4.0 6.0 3.0 6.0 6.0 8.0 6.0 6.0 0.0 7.0 6.0 9.0 4.0 7.0
16 10.0 6.0 3.0 4.0 10.0 1.0 7.0 3.0 5.0 2.0 2.0 7.0 2.0 6.0 7.0 0.0 10.0 5.0 8.0 4.0
17 3.0 2.0 1.0 7.0 7.0 8.0 3.0 9.0 1.0 1.0 3.0 5.0 9.0 2.0 6.0 10.0 0.0 6.0 6.0 4.0
18 3.0 3.0 2.0 6.0 5.0 5.0 6.0 6.0 7.0 5.0 10.0 7.0 5.0 4.0 9.0 5.0 6.0 0.0 10.0 5.0
19 4.0 9.0 7.0 9.0 2.0 4.0 10.0 10.0 5.0 9.0 3.0 6.0 9.0 2.0 4.0 8.0 6.0 10.0 0.0 7.0
20 8.0 6.0 1.0 4.0 7.0 1.0 10.0 3.0 1.0 1.0 1.0 6.0 5.0 4.0 7.0 4.0 4.0 5.0 7.0 0.0
