55
1 0.0 2.0 1.0 5.0 2.0 9.0 6.0 6.0 10.0 7.0 8.0 1.0 3.0 6.0 7.0 1.0 8.0 5.0 10.0 1.0 4.0 10.0 8.0 4.0 7.0 2.0 10.0 8.0 4.0 1.0 1.0 9.0 1.0 2.0 1.0 2.0 8.0 3.0 3.0 2.0 2.0 4.0 8.0 3.0 4.0 9.0 5.0 5.0 4.0 8.0 1.0 10.0 3.0 5.0 6.0
2 2.0 0.0 3.0 5.0 7.0 10.0 8.0 3.0 4.0 3.0 9.0 7.0 2.0 10.0 3.0 6.0 5.0 4.0 5.0 5.0 10.0 9.0 2.0 7.0 3.0 6.0 9.0 6.0 4.0 7.0 4.0 7.0 5.0 10.0 4.0 6.0 6.0 6.0 10.0 6.0 4.0 5.0 4.0 6.0 3.0 1.0 3.0 1.0 4.0 3.0 2.0 8.0 3.0 7.0 1.0
3 1.0 3.0 0.0 10.0 7.0 5.0 2.0 7.0 6.0 5.0 5.0 2.0 8.0 3.0 6.0 2.0 1.0 6.0 2.0 4.0 7.0 10.0 4.0 2.0 7.0 2.0 4.0 2.0 10.0 9.0 9.0 9.0 7.0 3.0 3.0 3.0 1.0 5.0 1.0 9.0 9.0 8.0 8.0 9.0 6.0 8.0 5.0 2.0 4.0 1.0 4.0 7.0 2.0 3.0 1.0
4 5.0 5.0 10.0 0.0 6.0 6.0 5.0 7.0 8.0 2.0 8.0 10.0 6.0 1.0 9.0 5.0 3.0 7.0 8.0 1.0 9.0 6.0 5.0 4.0 1.0 1.0 7.0 1.0 4.0 6.0 5.0 1.0 9.0 4.0 5.0 2.0 4.0 6.0 8.0 9.0 9.0 10.0 3.0 4.0 2.0 8.0 9.0 5.0 1.0 1.0 1.0 5.0 7.0 8.0 2.0
5 2.0 7.0 7.0 6.0 0.0 9.0 3.0 6.0 9.0 1.0 3.0 2.0 4.0 4.0 1.0 2.0 7.0 10.0 6.0 9.0 10.0 7.0 7.0 7.0 6.0 9.0 3.0 1.0 8.0 7.0 3.0 5.0 9.0 4.0 9.0 5.0 4.0 8.0 9.0 4.0 10.0 10.0 2.0 5.0 1.0 9.0 4.0 3.0 7.0 5.0 3.0 2.0 7.0 7.0 8.0
6 9.0 10.0 5.0 6.0 9.0 0.0 3.0 2.0 5.0 6.0 5.0 8.0 9.0 7.0 3.0 6.0 5.0 2.0 5.0 9.0 3.0 5.0 10.0 5.0 7.0 8.0 1.0 3.0 8.0 10.0 7.0 7.0 5.0 10.0 3.0 4.0 10.0 9.0 9.0 7.0 10.0 3.0 2.0 9.0 5.0 7.0 8.0 5.0 9.0 9.0 5.0 1.0 9.0 1.0 6.0
7 6.0 8.0 2.0 5.0 3.0 3.0 0.0 2.0 5.0 7.0 1.0 3.0 3.0 4.0 10.0 9.0 8.0 7.0 8.0 1.0 8.0 7.0 2.0 2.0 1.0 9.0 7.0 2.0 2.0 4.0 1.0 7.0 2.0 7.0 9.0 3.0 2.0 2.0 7.0 10.0 2.0 9.0 7.0 4.0 8.0 8.0 1.0 1.0 5.0 6.0 4.0 5.0 1.0 6.0 3.0
8 6.0 3.0 7.0 7.0 6.0 2.0 2.0 0.0 9.0 7.0 5.0 1.0 9.0 9.0 8.0 10.0 7.0 7.0 4.0 8.0 7.0 9.0 5.0 2.0 7.0 8.0 7.0 4.0 7.0 3.0 5.0 8.0 10.0 10.0 2.0 6.0 2.0 2.0 5.0 1.0 5.0 6.0 8.0 9.0 1.0 5.0 2.0 1.0 8.0 8.0 10.0 4.0 1.0 2.0 5.0
9 10.0 4.0 6.0 8.0 9.0 5.0 5.0 9.0 0.0 2.0 8.0 7.0 3.0 1.0 7.0 6.0 2.0 8.0 4.0 3.0 6.0 1.0 10.0 2.0 9.0 2.0 1.0 5.0 6.0 1.0 6.0 4.0 5.0 3.0 6.0 8.0 1.0 6.0 10.0 9.0 9.0 9.0 1.0 7.0 7.0 8.0 5.0 2.0 6.0 3.0 6.0 10.0 7.0 10.0 4.0
10 7.0 3.0 5.0 2.0 1.0 6.0 7.0 7.0 2.0 0.0 7.0 4.0 8.0 4.0 10.0 8.0 6.0 7.0 5.0 7.0 10.0 4.0 9.0 9.0 5.0 8.0 3.0 2.0 10.0 6.0 4.0 8.0 4.0 9.0 4.0 9.0 1.0 9.0 7.0 5.0 6.0 3.0 4.0 9.0 4.0 9.0 6.0 7.0 4.0 2.0 9.0 9.0 4.0 1.0 10.0
11 8.0 9.0 5.0 8.0 3.0 5.0 1.0 5.0 8.0 7.0 0.0 7.0 1.0 10.0 10.0 8.0 4.0 9.0 5.0 5.0 4.0 7.0 10.0 10.0 7.0 7.0 8.0 7.0 2.0 7.0 6.0 2.0 7.0 2.0 5.0 8.0 5.0 2.0 2.0 3.0 4.0 3.0 10.0 7.0 8.0 3.0 9.0 3.0 2.0 8.0 2.0 2.0 2.0 10.0 9.0
12 1.0 7.0 2.0 10.0 2.0 8.0 3.0 1.0 7.0 4.0 7.0 0.0 9.0 6.0 4.0 3.0 9.0 4.0 4.0 9.0 9.0 10.0 2.0 10.0 4.0 1.0 10.0 9.0 1.0 8.0 7.0 8.0 7.0 1.0 9.0 10.0 8.0 1.0 7.0 1.0 9.0 7.0 1.0 2.0 4.0 2.0 8.0 4.0 4.0 2.0 10.0 3.0 1.0 8.0 3.0
13 3.0 2.0 8.0 6.0 4.0 9.0 3.0 9.0 3.0 8.0 1.0 9.0 0.0 8.0 8.0 3.0 3.0 6.0 6.0 9.0 9.0 4.0 9.0 10.0 1.0 8.0 10.0 6.0 4.0 5.0 1.0 3.0 6.0 7.0 7.0 2.0 2.0 9.0 8.0 6.0 7.0 2.0 2.0 9.0 4.0 5.0 7.0 10.0 9.0 9.0 6.0 4.0 4.0 10.0 3.0
14 6.0 10.0 3.0 1.0 4.0 7.0 4.0 9.0 1.0 4.0 10.0 6.0 8.0 0.0 1.0 9.0 9.0 3.0 9.0 8.0 10.0 9.0 9.0 5.0 9.0 9.0 2.0 4.0 9.0 4.0 9.0 4.0 3.0 7.0 2.0 5.0 5.0 3.0 1.0 2.0 6.0 8.0 6.0 1.0 8.0 10.0 4.0 10.0 3.0 3.0 6.0 6.0 4.0 8.0 6.0
15 7.0 3.0 6.0 9.0 1.0 3.0 10.0 8.0 7.0 10.0 10.0 4.0 8.0 1.0 0.0 7.0 8.0 8.0 9.0 2.0 9.0 10.0 7.0 3.0 2.0 7.0 5.0 3.0 4.0 2.0 9.0 10.0 3.0 4.0 9.0 4.0 5.0 10.0 9.0 9.0 10.0 4.0 4.0 1.0 2.0 9.0 9.0 6.0 3.0 6.0 5.0 2.0 5.0 5.0 6.0
16 1.0 6.0 2.0 5.0 2.0 6.0 9.0 10.0 6.0 8.0 8.0 3.0 3.0 9.0 7.0 0.0 1.0 5.0 3.0 6.0 9.0 6.0 1.0 8.0 5.0 2.0 5.0 5.0 3.0 6.0 10.0 5.0 4.0 10.0 2.0 5.0 9.0 9.0 3.0 4.0 2.0 4.0 6.0 7.0 5.0 8.0 3.0 5.0 10.0 4.0 9.0 7.0 7.0 4.0 9.0
17 8.0 5.0 1.0 3.0 7.0 5.0 8.0 7.0 2.0 6.0 4.0 9.0 3.0 9.0 8.0 1.0 0.0 2.0 2.0 8.0 3.0 10.0 8.0 5.0 10.0 9.0 10.0 2.0 2.0 7.0 5.0 8.0 5.0 1.0 10.0 7.0 4.0 2.0 2.0 5.0 1.0 6.0 6.0 5.0 6.0 6.0 4.0 9.0 5.0 2.0 1.0 6.0 10.0 9.0 1.0
18 5.0 4.0 6.0 7.0 10.0 2.0 7.0 7.0 8.0 7.0 9.0 4.0 6.0 3.0 8.0 5.0 2.0 0.0 8.0 4.0 7.0 7.0 2.0 1.0 6.0 4.0 2.0 4.0 2.0 4.0 3.0 1.0 10.0 5.0 8.0 4.0 9.0 5.0 3.0 4.0 9.0 7.0 8.0 6.0 10.0 9.0 4.0 1.0 7.0 6.0 4.0 2.0 6.0 8.0 6.0
19 10.0 5.0 2.0 8.0 6.0 5.0 8.0 4.0 4.0 5.0 5.0 4.0 6.0 9.0 9.0 3.0 2.0 8.0 0.0 5.0 2.0 10.0 4.0 9.0 8.0 6.0 9.0 2.0 10.0 6.0 10.0 4.0 9.0 4.0 3.0 1.0 9.0 9.0 10.0 4.0 1.0 5.0 1.0 6.0 10.0 5.0 5.0 7.0 4.0 4.0 5.0 1.0 2.0 1.0 3.0
20 1.0 5.0 4.0 1.0 9.0 9.0 1.0 8.0 3.0 7.0 5.0 9.0 9.0 8.0 2.0 6.0 8.0 4.0 5.0 0.0 1.0 6.0 5.0 2.0 6.0 9.0 4.0 1.0 10.0 4.0 7.0 7.0 10.0 10.0 3.0 10.0 6.0 3.0 3.0 8.0 6.0 7.0 5.0 2.0 7.0 8.0 4.0 7.0 4.0 9.0 3.0 10.0 5.0 7.0 6.0
21 4.0 10.0 7.0 9.0 10.0 3.0 8.0 7.0 6.0 10.0 4.0 9.0 9.0 10.0 9.0 9.0 3.0 7.0 2.0 1.0 0.0 10.0 4.0 2.0 1.0 1.0 10.0 9.0 2.0 9.0 2.0 10.0 2.0 7.0 4.0 8.0 10.0 1.0 6.0 1.0 6.0 4.0 7.0 10.0 8.0 10.0 9.0 1.0 10.0 9.0 8.0 5.0 4.0 6.0 6.0
22 10.0 9.0 10.0 6.0 7.0 5.0 7.0 9.0 1.0 4.0 7.0 10.0 4.0 9.0 10.0 6.0 10.0 7.0 10.0 6.0 10.0 0.0 5.0 4.0 3.0 9.0 9.0 3.0 1.0 10.0 2.0 5.0 5.0 9.0 1.0 10.0 9.0 9.0 8.0 6.0 8.0 10.0 8.0 1.0 5.0 5.0 7.0 7.0 8.0 9.0 2.0 2.0 1.0 8.0 5.0
23 8.0 2.0 4.0 5.0 7.0 10.0 2.0 5.0 10.0 9.0 10.0 2.0 9.0 9.0 7.0 1.0 8.0 2.0 4.0 5.0 4.0 5.0 0.0 10.0 6.0 5.0 9.0 8.0 10.0 1.0 4.0 2.0 5.0 1.0 1.0 8.0 1.0 6.0 5.0 5.0 6.0 10.0 7.0 6.0 4.0 6.0 9.0 9.0 10.0 2.0 9.0 3.0 5.0 3.0 3.0
24 4.0 7.0 2.0 4.0 7.0 5.0 2.0 2.0 2.0 9.0 10.0 10.0 10.0 5.0 3.0 8.0 5.0 1.0 9.0 2.0 2.0 4.0 10.0 0.0 7.0 2.0 5.0 7.0 9.0 2.0 8.0 8.0 4.0 1.0 5.0 8.0 10.0 2.0 7.0 2.0 4.0 10.0 4.0 10.0 6.0 5.0 6.0 8.0 7.0 9.0 1.0 10.0 4.0 4.0 5.0
25 7.0 3.0 7.0 1.0 6.0 7.0 1.0 7.0 9.0 5.0 7.0 4.0 1.0 9.0 2.0 5.0 10.0 6.0 8.0 6.0 1.0 3.0 6.0 7.0 0.0 7.0 3.0 10.0 3.0 2.0 8.0 4.0 6.0 2.0 8.0 6.0 4.0 2.0 7.0 4.0 8.0 4.0 1.0 5.0 5.0 5.0 6.0 10.0 3.0 5.0 6.0 7.0 6.0 3.0 6.0
26 2.0 6.0 2.0 1.0 9.0 8.0 9.0 8.0 2.0 8.0 7.0 1.0 8.0 9.0 7.0 2.0 9.0 4.0 6.0 9.0 1.0 9.0 5.0 2.0 7.0 0.0 5.0 3.0 2.0 5.0 3.0 2.0 7.0 2.0 3.0 4.0 9.0 1.0 1.0 2.0 7.0 8.0 1.0 3.0 4.0 6.0 4.0 9.0 3.0 9.0 10.0 6.0 10.0 9.0 6.0
27 10.0 9.0 4.0 7.0 3.0 1.0 7.0 7.0 1.0 3.0 8.0 10.0 10.0 2.0 5.0 5.0 10.0 2.0 9.0 4.0 10.0 9.0 9.0 5.0 3.0 5.0 0.0 4.0 2.0 7.0 10.0 3.0 3.0 8.0 10.0 4.0 5.0 8.0 6.0 6.0 1.0 9.0 3.0 9.0 2.0 2.0 5.0 4.0 8.0 9.0 5.0 7.0 4.0 9.0 6.0
28 8.0 6.0 2.0 1.0 1.0 3.0 2.0 4.0 5.0 2.0 7.0 9.0 6.0 4.0 3.0 5.0 2.0 4.0 2.0 1.0 9.0 3.0 8.0 7.0 10.0 3.0 4.0 0.0 1.0 9.0 3.0 9.0 3.0 4.0 1.0 7.0 9.0 10.0 10.0 4.0 8.0 8.0 5.0 7.0 8.0 10.0 9.0 3.0 8.0 8.0 10.0 1.0 3.0 6.0 6.0
29 4.0 4.0 10.0 4.0 8.0 8.0 2.0 7.0 6.0 10.0 2.0 1.0 4.0 9.0 4.0 3.0 2.0 2.0 10.0 10.0 2.0 1.0 10.0 9.0 3.0 2.0 2.0 1.0 0.0 4.0 6.0 9.0 8.0 3.0 1.0 3.0 7.0 2.0 4.0 5.0 6.0 3.0 7.0 5.0 4.0 4.0 9.0 2.0 2.0 10.0 5.0 10.0 9.0 3.0 6.0
30 1.0 7.0 9.0 6.0 7.0 10.0 4.0 3.0 1.0 6.0 7.0 8.0 5.0 4.0 2.0 6.0 7.0 4.0 6.0 4.0 9.0 10.0 1.0 2.0 2.0 5.0 7.0 9.0 4.0 0.0 7.0 9.0 8.0 1.0 5.0 3.0 2.0 3.0 10.0 8.0 1.0 1.0 10.0 7.0 8.0 9.0 2.0 6.0 5.0 8.0 8.0 2.0 8.0 8.0 4.0
31 1.0 4.0 9.0 5.0 3.0 7.0 1.0 5.0 6.0 4.0 6.0 7.0 1.0 9.0 9.0 10.0 5.0 3.0 10.0 7.0 2.0 2.0 4.0 8.0 8.0 3.0 10.0 3.0 6.0 7.0 0.0 5.0 5.0 8.0 2.0 4.0 8.0 2.0 8.0 5.0 6.0 5.0 9.0 4.0 7.0 1.0 5.0 6.0 5.0 7.0 5.0 5.0 6.0 7.0 6.0
32 9.0 7.0 9.0 1.0 5.0 7.0 7.0 8.0 4.0 8.0 2.0 8.0 3.0 4.0 10.0 5.0 8.0 1.0 4.0 7.0 10.0 5.0 2.0 8.0 4.0 2.0 3.0 9.0 9.0 9.0 5.0 0.0 2.0 3.0 8.0 5.0 9.0 7.0 10.0 2.0 6.0 1.0 9.0 1.0 10.0 7.0 3.0 7.0 7.0 7.0 4.0 10.0 3.0 10.0 3.0
33 1.0 5.0 7.0 9.0 9.0 5.0 2.0 10.0 5.0 4.0 7.0 7.0 6.0 3.0 3.0 4.0 5.0 10.0 9.0 10.0 2.0 5.0 5.0 4.0 6.0 7.0 3.0 3.0 8.0 8.0 5.0 2.0 0.0 2.0 7.0 10.0 7.0 5.0 10.0 3.0 7.0 1.0 9.0 6.0 3.0 3.0 3.0 2.0 10.0 1.0 7.0 4.0 4.0 10.0 5.0
34 2.0 10.0 3.0 4.0 4.0 10.0 7.0 10.0 3.0 9.0 2.0 1.0 7.0 7.0 4.0 10.0 1.0 5.0 4.0 10.0 7.0 9.0 1.0 1.0 2.0 2.0 8.0 4.0 3.0 1.0 8.0 3.0 2.0 0.0 9.0 6.0 9.0 4.0 7.0 8.0 7.0 7.0 6.0 7.0 6.0 4.0 5.0 2.0 5.0 1.0 4.0 4.0 8.0 10.0 3.0
35 1.0 4.0 3.0 5.0 9.0 3.0 9.0 2.0 6.0 4.0 5.0 9.0 7.0 2.0 9.0 2.0 10.0 8.0 3.0 3.0 4.0 1.0 1.0 5.0 8.0 3.0 10.0 1.0 1.0 5.0 2.0 8.0 7.0 9.0 0.0 6.0 6.0 6.0 10.0 7.0 2.0 10.0 7.0 7.0 7.0 5.0 10.0 4.0 5.0 7.0 2.0 6.0 4.0 4.0 9.0
36 2.0 6.0 3.0 2.0 5.0 4.0 3.0 6.0 8.0 9.0 8.0 10.0 2.0 5.0 4.0 5.0 7.0 4.0 1.0 10.0 8.0 10.0 8.0 8.0 6.0 4.0 4.0 7.0 3.0 3.0 4.0 5.0 10.0 6.0 6.0 0.0 6.0 3.0 8.0 7.0 6.0 1.0 6.0 3.0 9.0 8.0 9.0 5.0 7.0 7.0 4.0 5.0 1.0 1.0 10.0
37 8.0 6.0 1.0 4.0 4.0 10.0 2.0 2.0 1.0 1.0 5.0 8.0 2.0 5.0 5.0 9.0 4.0 9.0 9.0 6.0 10.0 9.0 1.0 10.0 4.0 9.0 5.0 9.0 7.0 2.0 8.0 9.0 7.0 9.0 6.0 6.0 0.0 10.0 3.0 6.0 8.0 5.0 3.0 3.0 9.0 8.0 10.0 10.0 1.0 2.0 9.0 2.0 10.0 4.0 9.0
38 3.0 6.0 5.0 6.0 8.0 9.0 2.0 2.0 6.0 9.0 2.0 1.0 9.0 3.0 10.0 9.0 2.0 5.0 9.0 3.0 1.0 9.0 6.0 2.0 2.0 1.0 8.0 10.0 2.0 3.0 2.0 7.0 5.0 4.0 6.0 3.0 10.0 0.0 10.0 10.0 7.0 1.0 8.0 3.0 8.0 8.0 1.0 10.0 6.0 6.0 2.0 3.0 7.0 6.0 7.0
39 3.0 10.0 1.0 8.0 9.0 9.0 7.0 5.0 10.0 7.0 2.0 7.0 8.0 1.0 9.0 3.0 2.0 3.0 10.0 3.0 6.0 8.0 5.0 7.0 7.0 1.0 6.0 10.0 4.0 10.0 8.0 10.0 10.0 7.0 10.0 8.0 3.0 10.0 0.0 9.0 6.0 9.0 9.0 1.0 7.0 3.0 10.0 2.0 7.0 4.0 3.0 7.0 3.0 5.0 6.0
40 2.0 6.0 9.0 9.0 4.0 7.0 10.0 1.0 9.0 5.0 3.0 1.0 6.0 2.0 9.0 4.0 5.0 4.0 4.0 8.0 1.0 6.0 5.0 2.0 4.0 2.0 6.0 4.0 5.0 8.0 5.0 2.0 3.0 8.0 7.0 7.0 6.0 10.0 9.0 0.0 1.0 1.0 10.0 5.0 10.0 1.0 5.0 1.0 7.0 1.0 9.0 5.0 8.0 3.0 3.0
41 2.0 4.0 9.0 9.0 10.0 10.0 2.0 5.0 9.0 6.0 4.0 9.0 7.0 6.0 10.0 2.0 1.0 9.0 1.0 6.0 6.0 8.0 6.0 4.0 8.0 7.0 1.0 8.0 6.0 1.0 6.0 6.0 7.0 7.0 2.0 6.0 8.0 7.0 6.0 1.0 0.0 6.0 10.0 6.0 8.0 3.0 2.0 10.0 4.0 4.0 3.0 3.0 1.0 4.0 1.0
42 4.0 5.0 8.0 10.0 10.0 3.0 9.0 6.0 9.0 3.0 3.0 7.0 2.0 8.0 4.0 4.0 6.0 7.0 5.0 7.0 4.0 10.0 10.0 10.0 4.0 8.0 9.0 8.0 3.0 1.0 5.0 1.0 1.0 7.0 10.0 1.0 5.0 1.0 9.0 1.0 6.0 0.0 9.0 5.0 8.0 9.0 1.0 9.0 3.0 5.0 5.0 8.0 5.0 7.0 10.0
43 8.0 4.0 8.0 3.0 2.0 2.0 7.0 8.0 1.0 4.0 10.0 1.0 2.0 6.0 4.0 6.0 6.0 8.0 1.0 5.0 7.0 8.0 7.0 4.0 1.0 1.0 3.0 5.0 7.0 10.0 9.0 9.0 9.0 6.0 7.0 6.0 3.0 8.0 9.0 10.0 10.0 9.0 0.0 2.0 3.0 3.0 8.0 9.0 3.0 7.0 9.0 4.0 4.0 4.0 9.0
44 3.0 6.0 9.0 4.0 5.0 9.0 4.0 9.0 7.0 9.0 7.0 2.0 9.0 1.0 1.0 7.0 5.0 6.0 6.0 2.0 10.0 1.0 6.0 10.0 5.0 3.0 9.0 7.0 5.0 7.0 4.0 1.0 6.0 7.0 7.0 3.0 3.0 3.0 1.0 5.0 6.0 5.0 2.0 0.0 8.0 5.0 6.0 4.0 1.0 9.0 5.0 10.0 4.0 1.0 10.0
45 4.0 3.0 6.0 2.0 1.0 5.0 8.0 1.0 7.0 4.0 8.0 4.0 4.0 8.0 2.0 5.0 6.0 10.0 10.0 7.0 8.0 5.0 4.0 6.0 5.0 4.0 2.0 8.0 4.0 8.0 7.0 10.0 3.0 6.0 7.0 9.0 9.0 8.0 7.0 10.0 8.0 8.0 3.0 8.0 0.0 8.0 9.0 9.0 5.0 2.0 3.0 7.0 4.0 8.0 6.0
46 9.0 1.0 8.0 8.0 9.0 7.0 8.0 5.0 8.0 9.0 3.0 2.0 5.0 10.0 9.0 8.0 6.0 9.0 5.0 8.0 10.0 5.0 6.0 5.0 5.0 6.0 2.0 10.0 4.0 9.0 1.0 7.0 3.0 4.0 5.0 8.0 8.0 8.0 3.0 1.0 3.0 9.0 3.0 5.0 8.0 0.0 8.0 10.0 7.0 2.0 2.0 5.0 2.0 2.0 6.0
47 5.0 3.0 5.0 9.0 4.0 8.0 1.0 2.0 5.0 6.0 9.0 8.0 7.0 4.0 9.0 3.0 4.0 4.0 5.0 4.0 9.0 7.0 9.0 6.0 6.0 4.0 5.0 9.0 9.0 2.0 5.0 3.0 3.0 5.0 10.0 9.0 10.0 1.0 10.0 5.0 2.0 1.0 8.0 6.0 9.0 8.0 0.0 6.0 1.0 5.0 8.0 4.0 7.0 1.0 6.0
48 5.0 1.0 2.0 5.0 3.0 5.0 1.0 1.0 2.0 7.0 3.0 4.0 10.0 10.0 6.0 5.0 9.0 1.0 7.0 7.0 1.0 7.0 9.0 8.0 10.0 9.0 4.0 3.0 2.0 6.0 6.0 7.0 2.0 2.0 4.0 5.0 10.0 10.0 2.0 1.0 10.0 9.0 9.0 4.0 9.0 10.0 6.0 0.0 5.0 8.0 3.0 4.0 5.0 2.0 10.0
49 4.0 4.0 4.0 1.0 7.0 9.0 5.0 8.0 6.0 4.0 2.0 4.0 9.0 3.0 3.0 10.0 5.0 7.0 4.0 4.0 10.0 8.0 10.0 7.0 3.0 3.0 8.0 8.0 2.0 5.0 5.0 7.0 10.0 5.0 5.0 7.0 1.0 6.0 7.0 7.0 4.0 3.0 3.0 1.0 5.0 7.0 1.0 5.0 0.0 8.0 4.0 10.0 2.0 5.0 8.0
50 8.0 3.0 1.0 1.0 5.0 9.0 6.0 8.0 3.0 2.0 8.0 2.0 9.0 3.0 6.0 4.0 2.0 6.0 4.0 9.0 9.0 9.0 2.0 9.0 5.0 9.0 9.0 8.0 10.0 8.0 7.0 7.0 1.0 1.0 7.0 7.0 2.0 6.0 4.0 1.0 4.0 5.0 7.0 9.0 2.0 2.0 5.0 8.0 8.0 0.0 6.0 9.0 10.0 9.0 6.0
51 1.0 2.0 4.0 1.0 3.0 5.0 4.0 10.0 6.0 9.0 2.0 10.0 6.0 6.0 5.0 9.0 1.0 4.0 5.0 3.0 8.0 2.0 9.0 1.0 6.0 10.0 5.0 10.0 5.0 8.0 5.0 4.0 7.0 4.0 2.0 4.0 9.0 2.0 3.0 9.0 3.0 5.0 9.0 5.0 3.0 2.0 8.0 3.0 4.0 6.0 0.0 1.0 7.0 5.0 9.0
52 10.0 8.0 7.0 5.0 2.0 1.0 5.0 4.0 10.0 9.0 2.0 3.0 4.0 6.0 2.0 7.0 6.0 2.0 1.0 10.0 5.0 2.0 3.0 10.0 7.0 6.0 7.0 1.0 10.0 2.0 5.0 10.0 4.0 4.0 6.0 5.0 2.0 3.0 7.0 5.0 3.0 8.0 4.0 10.0 7.0 5.0 4.0 4.0 10.0 9.0 1.0 0.0 2.0 5.0 3.0
53 3.0 3.0 2.0 7.0 7.0 9.0 1.0 1.0 7.0 4.0 2.0 1.0 4.0 4.0 5.0 7.0 10.0 6.0 2.0 5.0 4.0 1.0 5.0 4.0 6.0 10.0 4.0 3.0 9.0 8.0 6.0 3.0 4.0 8.0 4.0 1.0 10.0 7.0 3.0 8.0 1.0 5.0 4.0 4.0 4.0 2.0 7.0 5.0 2.0 10.0 7.0 2.0 0.0 5.0 5.0
54 5.0 7.0 3.0 8.0 7.0 1.0 6.0 2.0 10.0 1.0 10.0 8.0 10.0 8.0 5.0 4.0 9.0 8.0 1.0 7.0 6.0 8.0 3.0 4.0 3.0 9.0 9.0 6.0 3.0 8.0 7.0 10.0 10.0 10.0 4.0 1.0 4.0 6.0 5.0 3.0 4.0 7.0 4.0 1.0 8.0 2.0 1.0 2.0 5.0 9.0 5.0 5.0 5.0 0.0 3.0
55 6.0 1.0 1.0 2.0 8.0 6.0 3.0 5.0 4.0 10.0 9.0 3.0 3.0 6.0 6.0 9.0 1.0 6.0 3.0 6.0 6.0 5.0 3.0 5.0 6.0 6.0 6.0 6.0 6.0 4.0 6.0 3.0 5.0 3.0 9.0 10.0 9.0 7.0 6.0 3.0 1.0 10.0 9.0 10.0 6.0 6.0 6.0 10.0 8.0 6.0 9.0 3.0 5.0 3.0 0.0
