55
1 0.0 1.0 2.0 5.0 2.0 4.0 9.0 10.0 10.0 9.0 10.0 2.0 3.0 10.0 5.0 5.0 3.0 1.0 7.0 1.0 8.0 1.0 10.0 2.0 9.0 3.0 6.0 1.0 10.0 10.0 5.0 7.0 1.0 5.0 3.0 10.0 4.0 2.0 2.0 8.0 1.0 8.0 8.0 7.0 7.0 10.0 3.0 8.0 6.0 4.0 2.0 10.0 6.0 10.0 3.0
2 1.0 0.0 1.0 3.0 5.0 6.0 4.0 5.0 1.0 3.0 1.0 1.0 10.0 2.0 2.0 7.0 4.0 5.0 2.0 2.0 6.0 5.0 6.0 5.0 5.0 8.0 8.0 10.0 7.0 1.0 5.0 10.0 5.0 2.0 6.0 6.0 7.0 7.0 4.0 8.0 7.0 1.0 4.0 10.0 7.0 7.0 7.0 7.0 4.0 10.0 7.0 7.0 5.0 8.0 5.0
3 2.0 1.0 0.0 5.0 5.0 8.0 6.0 3.0 7.0 4.0 2.0 4.0 10.0 8.0 7.0 8.0 4.0 1.0 4.0 5.0 6.0 8.0 9.0 5.0 7.0 4.0 2.0 3.0 7.0 7.0 8.0 5.0 10.0 9.0 6.0 1.0 1.0 5.0 9.0 4.0 2.0 9.0 8.0 10.0 9.0 9.0 8.0 4.0 7.0 3.0 10.0 10.0 2.0 9.0 4.0
4 5.0 3.0 5.0 0.0 2.0 4.0 3.0 1.0 4.0 3.0 9.0 2.0 10.0 8.0 4.0 1.0 7.0 8.0 5.0 2.0 9.0 6.0 10.0 1.0 3.0 2.0 6.0 4.0 6.0 7.0 4.0 5.0 4.0 9.0 9.0 5.0 6.0 2.0 8.0 8.0 10.0 8.0 9.0 1.0 4.0 4.0 10.0 6.0 7.0 10.0 7.0 6.0 7.0 8.0 2.0
5 2.0 5.0 5.0 2.0 0.0 5.0 3.0 8.0 2.0 6.0 6.0 1.0 5.0 7.0 7.0 10.0 6.0 2.0 8.0 7.0 8.0 6.0 3.0 1.0 8.0 3.0 10.0 7.0 1.0 8.0 7.0 6.0 6.0 2.0 8.0 10.0 8.0 1.0 7.0 1.0 5.0 2.0 5.0 1.0 5.0 4.0 2.0 3.0 6.0 9.0 6.0 7.0 6.0 8.0 7.0
6 4.0 6.0 8.0 4.0 5.0 0.0 9.0 9.0 2.0 7.0 7.0 10.0 4.0 5.0 2.0 7.0 1.0 7.0 6.0 8.0 10.0 6.0 9.0 2.0 2.0 2.0 3.0 10.0 6.0 7.0 5.0 7.0 6.0 4.0 10.0 7.0 10.0 7.0 1.0 9.0 8.0 3.0 9.0 1.0 6.0 8.0 8.0 10.0 7.0 5.0 4.0 1.0 8.0 5.0 3.0
7 9.0 4.0 6.0 3.0 3.0 9.0 0.0 3.0 4.0 1.0 1.0 7.0 9.0 7.0 1.0 3.0 9.0 8.0 8.0 9.0 6.0 2.0 4.0 10.0 6.0 8.0 2.0 6.0 6.0 2.0 4.0 5.0 1.0 5.0 9.0 5.0 8.0 10.0 10.0 6.0 8.0 4.0 7.0 10.0 5.0 10.0 8.0 9.0 8.0 7.0 9.0 1.0 2.0 3.0 10.0
8 10.0 5.0 3.0 1.0 8.0 9.0 3.0 0.0 2.0 4.0 5.0 10.0 4.0 1.0 8.0 10.0 8.0 8.0 4.0 2.0 2.0 10.0 10.0 2.0 5.0 2.0 2.0 10.0 5.0 9.0 10.0 2.0 7.0 8.0 2.0 7.0 8.0 8.0 7.0 3.0 2.0 8.0 6.0 3.0 3.0 10.0 3.0 6.0 9.0 4.0 9.0 8.0 9.0 5.0 1.0
9 10.0 1.0 7.0 4.0 2.0 2.0 4.0 2.0 0.0 9.0 10.0 4.0 8.0 4.0 6.0 9.0 8.0 9.0 2.0 3.0 10.0 8.0 1.0 7.0 7.0 4.0 5.0 2.0 3.0 7.0 9.0 8.0 6.0 10.0 2.0 9.0 6.0 4.0 4.0 7.0 6.0 1.0 7.0 6.0 10.0 8.0 4.0 5.0 6.0 9.0 9.0 2.0 8.0 2.0 2.0
10 9.0 3.0 4.0 3.0 6.0 7.0 1.0 4.0 9.0 0.0 10.0 3.0 10.0 10.0 5.0 4.0 1.0 9.0 1.0 4.0 9.0 3.0 2.0 3.0 2.0 2.0 2.0 2.0 7.0 6.0 6.0 5.0 2.0 6.0 6.0 5.0 8.0 10.0 8.0 9.0 6.0 2.0 4.0 4.0 3.0 7.0 2.0 10.0 7.0 1.0 1.0 3.0 2.0 6.0 9.0
11 10.0 1.0 2.0 9.0 6.0 7.0 1.0 5.0 10.0 10.0 0.0 4.0 7.0 5.0 8.0 1.0 10.0 10.0 2.0 10.0 2.0 4.0 2.0 8.0 1.0 3.0 9.0 6.0 1.0 5.0 2.0 5.0 10.0 7.0 9.0 7.0 4.0 8.0 9.0 7.0 10.0 1.0 10.0 10.0 1.0 7.0 3.0 8.0 9.0 2.0 6.0 3.0 6.0 4.0 10.0
12 2.0 1.0 4.0 2.0 1.0 10.0 7.0 10.0 4.0 3.0 4.0 0.0 4.0 2.0 10.0 7.0 9.0 8.0 8.0 3.0 2.0 9.0 1.0 8.0 5.0 5.0 2.0 3.0 3.0 4.0 6.0 6.0 4.0 9.0 1.0 6.0 10.0 10.0 1.0 1.0 3.0 3.0 8.0 9.0 1.0 6.0 7.0 6.0 7.0 4.0 9.0 1.0 2.0 2.0 2.0
13 3.0 10.0 10.0 10.0 5.0 4.0 9.0 4.0 8.0 10.0 7.0 4.0 0.0 6.0 5.0 4.0 1.0 7.0 1.0 6.0 7.0 8.0 7.0 5.0 3.0 2.0 2.0 3.0 3.0 2.0 6.0 10.0 9.0 7.0 7.0 2.0 9.0 8.0 8.0 7.0 7.0 7.0 6.0 5.0 2.0 2.0 6.0 9.0 4.0 5.0 10.0 3.0 2.0 1.0 2.0
14 10.0 2.0 8.0 8.0 7.0 5.0 7.0 1.0 4.0 10.0 5.0 2.0 6.0 0.0 8.0 1.0 3.0 2.0 5.0 8.0 1.0 8.0 9.0 2.0 6.0 6.0 10.0 4.0 2.0 7.0 4.0 7.0 1.0 9.0 1.0 8.0 5.0 10.0 8.0 10.0 7.0 1.0 1.0 8.0 1.0 2.0 7.0 8.0 5.0 9.0 7.0 10.0 9.0 10.0 5.0
15 5.0 2.0 7.0 4.0 7.0 2.0 1.0 8.0 6.0 5.0 8.0 10.0 5.0 8.0 0.0 5.0 2.0 10.0 10.0 9.0 6.0 10.0 2.0 9.0 8.0 10.0 3.0 3.0 10.0 4.0 1.0 3.0 4.0 7.0 1.0 10.0 5.0 10.0 6.0 8.0 5.0 1.0 3.0 5.0 10.0 2.0 1.0 3.0 4.0 1.0 4.0 10.0 3.0 9.0 3.0
16 5.0 7.0 8.0 1.0 10.0 7.0 3.0 10.0 9.0 4.0 1.0 7.0 4.0 1.0 5.0 0.0 10.0 7.0 1.0 6.0 5.0 10.0 10.0 7.0 3.0 5.0 1.0 3.0 1.0 9.0 3.0 8.0 8.0 7.0 2.0 6.0 8.0 6.0 1.0 7.0 10.0 8.0 7.0 2.0 5.0 6.0 9.0 9.0 9.0 3.0 8.0 8.0 8.0 9.0 4.0
17 3.0 4.0 4.0 7.0 6.0 1.0 9.0 8.0 8.0 1.0 10.0 9.0 1.0 3.0 2.0 10.0 0.0 1.0 9.0 3.0 8.0 5.0 1.0 8.0 9.0 4.0 2.0 10.0 7.0 3.0 3.0 1.0 9.0 1.0 6.0 8.0 9.0 4.0 1.0 4.0 5.0 1.0 3.0 2.0 5.0 3.0 10.0 7.0 5.0 6.0 7.0 10.0 10.0 9.0 1.0
18 1.0 5.0 1.0 8.0 2.0 7.0 8.0 8.0 9.0 9.0 10.0 8.0 7.0 2.0 10.0 7.0 1.0 0.0 6.0 2.0 5.0 10.0 4.0 5.0 6.0 1.0 6.0 2.0 2.0 3.0 9.0 6.0 5.0 10.0 10.0 6.0 7.0 9.0 7.0 6.0 3.0 2.0 10.0 6.0 5.0 8.0 8.0 6.0 1.0 9.0 7.0 2.0 1.0 10.0 1.0
19 7.0 2.0 4.0 5.0 8.0 6.0 8.0 4.0 2.0 1.0 2.0 8.0 1.0 5.0 10.0 1.0 9.0 6.0 0.0 1.0 7.0 6.0 3.0 5.0 7.0 3.0 2.0 8.0 7.0 3.0 4.0 10.0 9.0 10.0 8.0 3.0 10.0 1.0 4.0 9.0 9.0 6.0 4.0 1.0 10.0 5.0 6.0 10.0 5.0 1.0 4.0 3.0 10.0 3.0 3.0
20 1.0 2.0 5.0 2.0 7.0 8.0 9.0 2.0 3.0 4.0 10.0 3.0 6.0 8.0 9.0 6.0 3.0 2.0 1.0 0.0 1.0 10.0 10.0 4.0 10.0 1.0 2.0 2.0 6.0 4.0 3.0 7.0 7.0 6.0 7.0 3.0 7.0 8.0 1.0 8.0 4.0 1.0 8.0 1.0 8.0 1.0 6.0 3.0 9.0 7.0 8.0 10.0 5.0 5.0 4.0
21 8.0 6.0 6.0 9.0 8.0 10.0 6.0 2.0 10.0 9.0 2.0 2.0 7.0 1.0 6.0 5.0 8.0 5.0 7.0 1.0 0.0 6.0 6.0 9.0 3.0 9.0 6.0 3.0 4.0 5.0 7.0 4.0 6.0 2.0 8.0 1.0 2.0 9.0 1.0 3.0 8.0 2.0 3.0 8.0 5.0 10.0 7.0 10.0 10.0 1.0 2.0 2.0 2.0 6.0 6.0
22 1.0 5.0 8.0 6.0 6.0 6.0 2.0 10.0 8.0 3.0 4.0 9.0 8.0 8.0 10.0 10.0 5.0 10.0 6.0 10.0 6.0 0.0 1.0 1.0 3.0 10.0 6.0 6.0 10.0 5.0 6.0 9.0 3.0 10.0 2.0 3.0 1.0 4.0 3.0 2.0 9.0 5.0 4.0 6.0 8.0 3.0 1.0 8.0 10.0 5.0 9.0 10.0 4.0 1.0 5.0
23 10.0 6.0 9.0 10.0 3.0 9.0 4.0 10.0 1.0 2.0 2.0 1.0 7.0 9.0 2.0 10.0 1.0 4.0 3.0 10.0 6.0 1.0 0.0 7.0 9.0 1.0 10.0 3.0 9.0 1.0 9.0 8.0 6.0 1.0 4.0 6.0 1.0 1.0 7.0 2.0 10.0 5.0 7.0 2.0 2.0 10.0 1.0 7.0 6.0 7.0 9.0 3.0 9.0 1.0 10.0
24 2.0 5.0 5.0 1.0 1.0 2.0 10.0 2.0 7.0 3.0 8.0 8.0 5.0 2.0 9.0 7.0 8.0 5.0 5.0 4.0 9.0 1.0 7.0 0.0 7.0 9.0 10.0 4.0 3.0 3.0 1.0 7.0 7.0 9.0 6.0 9.0 4.0 8.0 8.0 4.0 9.0 10.0 5.0 7.0 4.0 7.0 4.0 1.0 7.0 10.0 6.0 3.0 1.0 8.0 5.0
25 9.0 5.0 7.0 3.0 8.0 2.0 6.0 5.0 7.0 2.0 1.0 5.0 3.0 6.0 8.0 3.0 9.0 6.0 7.0 10.0 3.0 3.0 9.0 7.0 0.0 10.0 4.0 7.0 6.0 3.0 9.0 10.0 1.0 7.0 10.0 5.0 9.0 8.0 6.0 1.0 5.0 1.0 4.0 8.0 1.0 1.0 9.0 9.0 4.0 4.0 8.0 3.0 7.0 7.0 7.0
26 3.0 8.0 4.0 2.0 3.0 2.0 8.0 2.0 4.0 2.0 3.0 5.0 2.0 6.0 10.0 5.0 4.0 1.0 3.0 1.0 9.0 10.0 1.0 9.0 10.0 0.0 4.0 5.0 10.0 8.0 7.0 6.0 2.0 1.0 2.0 2.0 4.0 6.0 5.0 9.0 10.0 5.0 6.0 6.0 10.0 2.0 10.0 7.0 9.0 9.0 9.0 9.0 10.0 3.0 2.0
27 6.0 8.0 2.0 6.0 10.0 3.0 2.0 2.0 5.0 2.0 9.0 2.0 2.0 10.0 3.0 1.0 2.0 6.0 2.0 2.0 6.0 6.0 10.0 10.0 4.0 4.0 0.0 5.0 10.0 8.0 2.0 8.0 5.0 4.0 8.0 3.0 7.0 10.0 5.0 3.0 8.0 8.0 7.0 2.0 1.0 10.0 8.0 7.0 7.0 8.0 2.0 3.0 10.0 9.0 3.0
28 1.0 10.0 3.0 4.0 7.0 10.0 6.0 10.0 2.0 2.0 6.0 3.0 3.0 4.0 3.0 3.0 10.0 2.0 8.0 2.0 3.0 6.0 3.0 4.0 7.0 5.0 5.0 0.0 2.0 2.0 6.0 10.0 10.0 7.0 4.0 10.0 5.0 10.0 2.0 6.0 7.0 3.0 8.0 6.0 1.0 4.0 5.0 2.0 6.0 2.0 7.0 6.0 4.0 2.0 7.0
29 10.0 7.0 7.0 6.0 1.0 6.0 6.0 5.0 3.0 7.0 1.0 3.0 3.0 2.0 10.0 1.0 7.0 2.0 7.0 6.0 4.0 10.0 9.0 3.0 6.0 10.0 10.0 2.0 0.0 8.0 3.0 6.0 5.0 6.0 10.0 1.0 5.0 10.0 7.0 2.0 10.0 4.0 3.0 5.0 8.0 7.0 2.0 5.0 6.0 7.0 5.0 5.0 4.0 1.0 8.0
30 10.0 1.0 7.0 7.0 8.0 7.0 2.0 9.0 7.0 6.0 5.0 4.0 2.0 7.0 4.0 9.0 3.0 3.0 3.0 4.0 5.0 5.0 1.0 3.0 3.0 8.0 8.0 2.0 8.0 0.0 4.0 9.0 6.0 7.0 10.0 1.0 9.0 9.0 2.0 7.0 6.0 7.0 2.0 3.0 3.0 7.0 1.0 2.0 2.0 4.0 6.0 5.0 9.0 1.0 5.0
31 5.0 5.0 8.0 4.0 7.0 5.0 4.0 10.0 9.0 6.0 2.0 6.0 6.0 4.0 1.0 3.0 3.0 9.0 4.0 3.0 7.0 6.0 9.0 1.0 9.0 7.0 2.0 6.0 3.0 4.0 0.0 2.0 4.0 5.0 1.0 5.0 1.0 5.0 2.0 3.0 6.0 6.0 6.0 10.0 6.0 3.0 4.0 1.0 1.0 6.0 3.0 1.0 1.0 5.0 2.0
32 7.0 10.0 5.0 5.0 6.0 7.0 5.0 2.0 8.0 5.0 5.0 6.0 10.0 7.0 3.0 8.0 1.0 6.0 10.0 7.0 4.0 9.0 8.0 7.0 10.0 6.0 8.0 10.0 6.0 9.0 2.0 0.0 8.0 9.0 4.0 5.0 8.0 5.0 8.0 3.0 9.0 9.0 9.0 3.0 10.0 1.0 5.0 7.0 6.0 8.0 8.0 7.0 1.0 5.0 9.0
33 1.0 5.0 10.0 4.0 6.0 6.0 1.0 7.0 6.0 2.0 10.0 4.0 9.0 1.0 4.0 8.0 9.0 5.0 9.0 7.0 6.0 3.0 6.0 7.0 1.0 2.0 5.0 10.0 5.0 6.0 4.0 8.0 0.0 3.0 5.0 6.0 5.0 10.0 4.0 5.0 7.0 2.0 8.0 8.0 7.0 6.0 9.0 9.0 5.0 3.0 10.0 1.0 6.0 4.0 5.0
34 5.0 2.0 9.0 9.0 2.0 4.0 5.0 8.0 10.0 6.0 7.0 9.0 7.0 9.0 7.0 7.0 1.0 10.0 10.0 6.0 2.0 10.0 1.0 9.0 7.0 1.0 4.0 7.0 6.0 7.0 5.0 9.0 3.0 0.0 7.0 9.0 1.0 6.0 6.0 2.0 10.0 3.0 1.0 3.0 10.0 9.0 6.0 5.0 4.0 7.0 6.0 2.0 8.0 4.0 4.0
35 3.0 6.0 6.0 9.0 8.0 10.0 9.0 2.0 2.0 6.0 9.0 1.0 7.0 1.0 1.0 2.0 6.0 10.0 8.0 7.0 8.0 2.0 4.0 6.0 10.0 2.0 8.0 4.0 10.0 10.0 1.0 4.0 5.0 7.0 0.0 1.0 9.0 7.0 5.0 5.0 4.0 7.0 1.0 7.0 9.0 8.0 8.0 2.0 4.0 10.0 3.0 2.0 6.0 1.0 7.0
36 10.0 6.0 1.0 5.0 10.0 7.0 5.0 7.0 9.0 5.0 7.0 6.0 2.0 8.0 10.0 6.0 8.0 6.0 3.0 3.0 1.0 3.0 6.0 9.0 5.0 2.0 3.0 10.0 1.0 1.0 5.0 5.0 6.0 9.0 1.0 0.0 6.0 4.0 9.0 4.0 7.0 8.0 5.0 5.0 7.0 6.0 9.0 5.0 10.0 5.0 1.0 4.0 3.0 8.0 2.0
37 4.0 7.0 1.0 6.0 8.0 10.0 8.0 8.0 6.0 8.0 4.0 10.0 9.0 5.0 5.0 8.0 9.0 7.0 10.0 7.0 2.0 1.0 1.0 4.0 9.0 4.0 7.0 5.0 5.0 9.0 1.0 8.0 5.0 1.0 9.0 6.0 0.0 4.0 1.0 1.0 4.0 2.0 7.0 8.0 4.0 10.0 7.0 8.0 5.0 8.0 7.0 10.0 8.0 10.0 7.0
38 2.0 7.0 5.0 2.0 1.0 7.0 10.0 8.0 4.0 10.0 8.0 10.0 8.0 10.0 10.0 6.0 4.0 9.0 1.0 8.0 9.0 4.0 1.0 8.0 8.0 6.0 10.0 10.0 10.0 9.0 5.0 5.0 10.0 6.0 7.0 4.0 4.0 0.0 8.0 5.0 6.0 8.0 7.0 4.0 9.0 6.0 4.0 7.0 2.0 8.0 2.0 2.0 9.0 4.0 8.0
39 2.0 4.0 9.0 8.0 7.0 1.0 10.0 7.0 4.0 8.0 9.0 1.0 8.0 8.0 6.0 1.0 1.0 7.0 4.0 1.0 1.0 3.0 7.0 8.0 6.0 5.0 5.0 2.0 7.0 2.0 2.0 8.0 4.0 6.0 5.0 9.0 1.0 8.0 0.0 5.0 1.0 4.0 7.0 6.0 2.0 5.0 7.0 3.0 8.0 2.0 9.0 5.0 10.0 9.0 3.0
40 8.0 8.0 4.0 8.0 1.0 9.0 6.0 3.0 7.0 9.0 7.0 1.0 7.0 10.0 8.0 7.0 4.0 6.0 9.0 8.0 3.0 2.0 2.0 4.0 1.0 9.0 3.0 6.0 2.0 7.0 3.0 3.0 5.0 2.0 5.0 4.0 1.0 5.0 5.0 0.0 5.0 1.0 1.0 7.0 3.0 2.0 5.0 3.0 7.0 7.0 9.0 4.0 2.0 1.0 7.0
41 1.0 7.0 2.0 10.0 5.0 8.0 8.0 2.0 6.0 6.0 10.0 3.0 7.0 7.0 5.0 10.0 5.0 3.0 9.0 4.0 8.0 9.0 10.0 9.0 5.0 10.0 8.0 7.0 10.0 6.0 6.0 9.0 7.0 10.0 4.0 7.0 4.0 6.0 1.0 5.0 0.0 5.0 5.0 9.0 2.0 4.0 1.0 5.0 10.0 8.0 6.0 5.0 3.0 2.0 3.0
42 8.0 1.0 9.0 8.0 2.0 3.0 4.0 8.0 1.0 2.0 1.0 3.0 7.0 1.0 1.0 8.0 1.0 2.0 6.0 1.0 2.0 5.0 5.0 10.0 1.0 5.0 8.0 3.0 4.0 7.0 6.0 9.0 2.0 3.0 7.0 8.0 2.0 8.0 4.0 1.0 5.0 0.0 9.0 4.0 7.0 4.0 5.0 6.0 3.0 5.0 10.0 5.0 1.0 2.0 9.0
43 8.0 4.0 8.0 9.0 5.0 9.0 7.0 6.0 7.0 4.0 10.0 8.0 6.0 1.0 3.0 7.0 3.0 10.0 4.0 8.0 3.0 4.0 7.0 5.0 4.0 6.0 7.0 8.0 3.0 2.0 6.0 9.0 8.0 1.0 1.0 5.0 7.0 7.0 7.0 1.0 5.0 9.0 0.0 10.0 2.0 2.0 3.0 3.0 5.0 2.0 10.0 4.0 1.0 2.0 8.0
44 7.0 10.0 10.0 1.0 1.0 1.0 10.0 3.0 6.0 4.0 10.0 9.0 5.0 8.0 5.0 2.0 2.0 6.0 1.0 1.0 8.0 6.0 2.0 7.0 8.0 6.0 2.0 6.0 5.0 3.0 10.0 3.0 8.0 3.0 7.0 5.0 8.0 4.0 6.0 7.0 9.0 4.0 10.0 0.0 10.0 6.0 10.0 1.0 7.0 8.0 1.0 3.0 9.0 4.0 10.0
45 7.0 7.0 9.0 4.0 5.0 6.0 5.0 3.0 10.0 3.0 1.0 1.0 2.0 1.0 10.0 5.0 5.0 5.0 10.0 8.0 5.0 8.0 2.0 4.0 1.0 10.0 1.0 1.0 8.0 3.0 6.0 10.0 7.0 10.0 9.0 7.0 4.0 9.0 2.0 3.0 2.0 7.0 2.0 10.0 0.0 3.0 2.0 3.0 8.0 3.0 2.0 8.0 10.0 3.0 8.0
46 10.0 7.0 9.0 4.0 4.0 8.0 10.0 10.0 8.0 7.0 7.0 6.0 2.0 2.0 2.0 6.0 3.0 8.0 5.0 1.0 10.0 3.0 10.0 7.0 1.0 2.0 10.0 4.0 7.0 7.0 3.0 1.0 6.0 9.0 8.0 6.0 10.0 6.0 5.0 2.0 4.0 4.0 2.0 6.0 3.0 0.0 5.0 4.0 6.0 9.0 3.0 8.0 7.0 4.0 7.0
47 3.0 7.0 8.0 10.0 2.0 8.0 8.0 3.0 4.0 2.0 3.0 7.0 6.0 7.0 1.0 9.0 10.0 8.0 6.0 6.0 7.0 1.0 1.0 4.0 9.0 10.0 8.0 5.0 2.0 1.0 4.0 5.0 9.0 6.0 8.0 9.0 7.0 4.0 7.0 5.0 1.0 5.0 3.0 10.0 2.0 5.0 0.0 10.0 2.0 3.0 6.0 3.0 8.0 1.0 10.0
48 8.0 7.0 4.0 6.0 3.0 10.0 9.0 6.0 5.0 10.0 8.0 6.0 9.0 8.0 3.0 9.0 7.0 6.0 10.0 3.0 10.0 8.0 7.0 1.0 9.0 7.0 7.0 2.0 5.0 2.0 1.0 7.0 9.0 5.0 2.0 5.0 8.0 7.0 3.0 3.0 5.0 6.0 3.0 1.0 3.0 4.0 10.0 0.0 8.0 3.0 1.0 1.0 2.0 10.0 4.0
49 6.0 4.0 7.0 7.0 6.0 7.0 8.0 9.0 6.0 7.0 9.0 7.0 4.0 5.0 4.0 9.0 5.0 1.0 5.0 9.0 10.0 10.0 6.0 7.0 4.0 9.0 7.0 6.0 6.0 2.0 1.0 6.0 5.0 4.0 4.0 10.0 5.0 2.0 8.0 7.0 10.0 3.0 5.0 7.0 8.0 6.0 2.0 8.0 0.0 2.0 8.0 6.0 3.0 7.0 7.0
50 4.0 10.0 3.0 10.0 9.0 5.0 7.0 4.0 9.0 1.0 2.0 4.0 5.0 9.0 1.0 3.0 6.0 9.0 1.0 7.0 1.0 5.0 7.0 10.0 4.0 9.0 8.0 2.0 7.0 4.0 6.0 8.0 3.0 7.0 10.0 5.0 8.0 8.0 2.0 7.0 8.0 5.0 2.0 8.0 3.0 9.0 3.0 3.0 2.0 0.0 5.0 5.0 10.0 7.0 2.0
51 2.0 7.0 10.0 7.0 6.0 4.0 9.0 9.0 9.0 1.0 6.0 9.0 10.0 7.0 4.0 8.0 7.0 7.0 4.0 8.0 2.0 9.0 9.0 6.0 8.0 9.0 2.0 7.0 5.0 6.0 3.0 8.0 10.0 6.0 3.0 1.0 7.0 2.0 9.0 9.0 6.0 10.0 10.0 1.0 2.0 3.0 6.0 1.0 8.0 5.0 0.0 9.0 8.0 7.0 10.0
52 10.0 7.0 10.0 6.0 7.0 1.0 1.0 8.0 2.0 3.0 3.0 1.0 3.0 10.0 10.0 8.0 10.0 2.0 3.0 10.0 2.0 10.0 3.0 3.0 3.0 9.0 3.0 6.0 5.0 5.0 1.0 7.0 1.0 2.0 2.0 4.0 10.0 2.0 5.0 4.0 5.0 5.0 4.0 3.0 8.0 8.0 3.0 1.0 6.0 5.0 9.0 0.0 5.0 2.0 8.0
53 6.0 5.0 2.0 7.0 6.0 8.0 2.0 9.0 8.0 2.0 6.0 2.0 2.0 9.0 3.0 8.0 10.0 1.0 10.0 5.0 2.0 4.0 9.0 1.0 7.0 10.0 10.0 4.0 4.0 9.0 1.0 1.0 6.0 8.0 6.0 3.0 8.0 9.0 10.0 2.0 3.0 1.0 1.0 9.0 10.0 7.0 8.0 2.0 3.0 10.0 8.0 5.0 0.0 1.0 1.0
54 10.0 8.0 9.0 8.0 8.0 5.0 3.0 5.0 2.0 6.0 4.0 2.0 1.0 10.0 9.0 9.0 9.0 10.0 3.0 5.0 6.0 1.0 1.0 8.0 7.0 3.0 9.0 2.0 1.0 1.0 5.0 5.0 4.0 4.0 1.0 8.0 10.0 4.0 9.0 1.0 2.0 2.0 2.0 4.0 3.0 4.0 1.0 10.0 7.0 7.0 7.0 2.0 1.0 0.0 2.0
55 3.0 5.0 4.0 2.0 7.0 3.0 10.0 1.0 2.0 9.0 10.0 2.0 2.0 5.0 3.0 4.0 1.0 1.0 3.0 4.0 6.0 5.0 10.0 5.0 7.0 2.0 3.0 7.0 8.0 5.0 2.0 9.0 5.0 4.0 7.0 2.0 7.0 8.0 3.0 7.0 3.0 9.0 8.0 10.0 8.0 7.0 10.0 4.0 7.0 2.0 10.0 8.0 1.0 2.0 0.0
