45
1 0.0 2.0 9.0 2.0 2.0 2.0 9.0 9.0 3.0 8.0 2.0 8.0 6.0 2.0 3.0 10.0 1.0 5.0 10.0 4.0 9.0 6.0 1.0 9.0 1.0 1.0 5.0 10.0 3.0 9.0 9.0 1.0 5.0 5.0 5.0 10.0 5.0 7.0 4.0 4.0 9.0 3.0 2.0 8.0 6.0
2 2.0 0.0 6.0 2.0 3.0 4.0 5.0 3.0 4.0 7.0 9.0 8.0 6.0 3.0 1.0 9.0 8.0 1.0 8.0 3.0 9.0 4.0 5.0 1.0 1.0 7.0 1.0 6.0 9.0 10.0 2.0 4.0 6.0 1.0 6.0 7.0 3.0 2.0 6.0 1.0 6.0 5.0 2.0 1.0 9.0
3 9.0 6.0 0.0 6.0 5.0 7.0 6.0 2.0 8.0 1.0 8.0 9.0 7.0 9.0 4.0 6.0 9.0 2.0 10.0 8.0 7.0 8.0 9.0 6.0 1.0 8.0 5.0 1.0 8.0 9.0 2.0 9.0 8.0 10.0 8.0 5.0 9.0 2.0 9.0 7.0 7.0 7.0 1.0 2.0 1.0
4 2.0 2.0 6.0 0.0 3.0 9.0 4.0 1.0 6.0 7.0 4.0 1.0 6.0 6.0 3.0 10.0 9.0 2.0 6.0 1.0 6.0 4.0 3.0 6.0 8.0 2.0 8.0 7.0 10.0 8.0 6.0 7.0 1.0 2.0 8.0 3.0 2.0 6.0 1.0 3.0 1.0 9.0 9.0 10.0 6.0
5 2.0 3.0 5.0 3.0 0.0 1.0 9.0 2.0 1.0 6.0 6.0 4.0 5.0 5.0 4.0 10.0 5.0 2.0 3.0 8.0 1.0 10.0 8.0 9.0 4.0 6.0 4.0 10.0 6.0 6.0 8.0 1.0 7.0 3.0 7.0 4.0 9.0 8.0 1.0 1.0 10.0 7.0 4.0 8.0 10.0
6 2.0 4.0 7.0 9.0 1.0 0.0 10.0 9.0 6.0 5.0 2.0 5.0 9.0 4.0 8.0 3.0 4.0 2.0 1.0 2.0 2.0 5.0 5.0 2.0 9.0 10.0 10.0 4.0 5.0 1.0 9.0 3.0 1.0 9.0 1.0 9.0 2.0 4.0 4.0 9.0 5.0 5.0 3.0 9.0 6.0
7 9.0 5.0 6.0 4.0 9.0 10.0 0.0 5.0 9.0 6.0 1.0 4.0 1.0 8.0 4.0 9.0 7.0 8.0 8.0 2.0 4.0 1.0 9.0 9.0 7.0 4.0 6.0 7.0 1.0 4.0 2.0 10.0 3.0 7.0 4.0 5.0 1.0 5.0 8.0 9.0 9.0 8.0 1.0 2.0 10.0
8 9.0 3.0 2.0 1.0 2.0 9.0 5.0 0.0 7.0 4.0 6.0 6.0 7.0 8.0 9.0 6.0 7.0 10.0 8.0 10.0 9.0 8.0 8.0 5.0 1.0 1.0 7.0 4.0 5.0 4.0 7.0 4.0 10.0 1.0 4.0 9.0 9.0 3.0 2.0 3.0 3.0 1.0 3.0 4.0 8.0
9 3.0 4.0 8.0 6.0 1.0 6.0 9.0 7.0 0.0 6.0 1.0 2.0 2.0 2.0 1.0 3.0 8.0 10.0 5.0 6.0 6.0 2.0 6.0 7.0 4.0 9.0 3.0 8.0 2.0 6.0 7.0 7.0 9.0 6.0 10.0 9.0 6.0 8.0 10.0 3.0 2.0 8.0 6.0 10.0 6.0
10 8.0 7.0 1.0 7.0 6.0 5.0 6.0 4.0 6.0 0.0 10.0 3.0 7.0 7.0 1.0 2.0 4.0 5.0 9.0 3.0 8.0 8.0 3.0 7.0 4.0 4.0 3.0 10.0 9.0 8.0 2.0 9.0 9.0 4.0 1.0 3.0 3.0 8.0 4.0 3.0 5.0 7.0 6.0 8.0 10.0
11 2.0 9.0 8.0 4.0 6.0 2.0 1.0 6.0 1.0 10.0 0.0 7.0 6.0 8.0 4.0 5.0 10.0 10.0 1.0 8.0 1.0 8.0 2.0 1.0 1.0 8.0 3.0 5.0 10.0 4.0 9.0 3.0 4.0 10.0 5.0 3.0 5.0 10.0 2.0 6.0 5.0 4.0 8.0 7.0 1.0
12 8.0 8.0 9.0 1.0 4.0 5.0 4.0 6.0 2.0 3.0 7.0 0.0 1.0 3.0 1.0 9.0 1.0 2.0 10.0 2.0 4.0 10.0 7.0 5.0 10.0 2.0 10.0 8.0 3.0 5.0 2.0 2.0 5.0 4.0 5.0 4.0 4.0 5.0 1.0 8.0 5.0 6.0 3.0 3.0 6.0
13 6.0 6.0 7.0 6.0 5.0 9.0 1.0 7.0 2.0 7.0 6.0 1.0 0.0 4.0 1.0 3.0 5.0 6.0 5.0 9.0 3.0 8.0 8.0 4.0 5.0 3.0 9.0 7.0 9.0 7.0 8.0 9.0 2.0 2.0 1.0 8.0 2.0 2.0 8.0 7.0 9.0 9.0 10.0 4.0 10.0
14 2.0 3.0 9.0 6.0 5.0 4.0 8.0 8.0 2.0 7.0 8.0 3.0 4.0 0.0 6.0 3.0 5.0 3.0 9.0 1.0 9.0 1.0 4.0 5.0 5.0 4.0 5.0 3.0 4.0 10.0 6.0 3.0 10.0 4.0 8.0 3.0 3.0 6.0 3.0 4.0 10.0 10.0 3.0 9.0 2.0
15 3.0 1.0 4.0 3.0 4.0 8.0 4.0 9.0 1.0 1.0 4.0 1.0 1.0 6.0 0.0 10.0 6.0 1.0 7.0 1.0 3.0 9.0 8.0 8.0 9.0 8.0 8.0 5.0 4.0 7.0 8.0 2.0 10.0 7.0 4.0 8.0 10.0 1.0 5.0 9.0 8.0 10.0 8.0 5.0 10.0
16 10.0 9.0 6.0 10.0 10.0 3.0 9.0 6.0 3.0 2.0 5.0 9.0 3.0 3.0 10.0 0.0 1.0 3.0 7.0 10.0 10.0 4.0 3.0 3.0 8.0 1.0 2.0 4.0 9.0 3.0 3.0 8.0 3.0 5.0 1.0 3.0 4.0 4.0 10.0 2.0 3.0 3.0 10.0 7.0 7.0
17 1.0 8.0 9.0 9.0 5.0 4.0 7.0 7.0 8.0 4.0 10.0 1.0 5.0 5.0 6.0 1.0 0.0 9.0 5.0 1.0 2.0 10.0 4.0 8.0 2.0 9.0 3.0 5.0 9.0 4.0 8.0 2.0 9.0 4.0 5.0 8.0 2.0 4.0 3.0 7.0 4.0 3.0 6.0 2.0 2.0
18 5.0 1.0 2.0 2.0 2.0 2.0 8.0 10.0 10.0 5.0 10.0 2.0 6.0 3.0 1.0 3.0 9.0 0.0 10.0 9.0 8.0 9.0 1.0 1.0 4.0 8.0 10.0 7.0 5.0 6.0 3.0 9.0 7.0 7.0 2.0 8.0 4.0 6.0 8.0 6.0 3.0 1.0 5.0 1.0 10.0
19 10.0 8.0 10.0 6.0 3.0 1.0 8.0 8.0 5.0 9.0 1.0 10.0 5.0 9.0 7.0 7.0 5.0 10.0 0.0 1.0 8.0 3.0 7.0 3.0 5.0 4.0 5.0 10.0 3.0 10.0 10.0 9.0 5.0 5.0 10.0 5.0 9.0 4.0 10.0 8.0 1.0 5.0 3.0 8.0 6.0
20 4.0 3.0 8.0 1.0 8.0 2.0 2.0 10.0 6.0 3.0 8.0 2.0 9.0 1.0 1.0 10.0 1.0 9.0 1.0 0.0 2.0 8.0 2.0 1.0 4.0 2.0 10.0 7.0 4.0 3.0 2.0 2.0 1.0 3.0 8.0 6.0 6.0 8.0 10.0 4.0 3.0 7.0 8.0 8.0 8.0
21 9.0 9.0 7.0 6.0 1.0 2.0 4.0 9.0 6.0 8.0 1.0 4.0 3.0 9.0 3.0 10.0 2.0 8.0 8.0 2.0 0.0 7.0 5.0 9.0 10.0 9.0 2.0 1.0 10.0 2.0 2.0 4.0 1.0 6.0 5.0 7.0 2.0 8.0 8.0 7.0 10.0 5.0 7.0 8.0 8.0
22 6.0 4.0 8.0 4.0 10.0 5.0 1.0 8.0 2.0 8.0 8.0 10.0 8.0 1.0 9.0 4.0 10.0 9.0 3.0 8.0 7.0 0.0 10.0 1.0 5.0 5.0 1.0 4.0 2.0 6.0 1.0 4.0 3.0 9.0 2.0 7.0 1.0 7.0 10.0 8.0 8.0 3.0 1.0 1.0 4.0
23 1.0 5.0 9.0 3.0 8.0 5.0 9.0 8.0 6.0 3.0 2.0 7.0 8.0 4.0 8.0 3.0 4.0 1.0 7.0 2.0 5.0 10.0 0.0 9.0 2.0 4.0 9.0 2.0 10.0 9.0 1.0 9.0 4.0 5.0 9.0 6.0 3.0 4.0 2.0 1.0 1.0 8.0 3.0 8.0 5.0
24 9.0 1.0 6.0 6.0 9.0 2.0 9.0 5.0 7.0 7.0 1.0 5.0 4.0 5.0 8.0 3.0 8.0 1.0 3.0 1.0 9.0 1.0 9.0 0.0 4.0 9.0 2.0 6.0 10.0 5.0 5.0 7.0 8.0 8.0 9.0 2.0 3.0 8.0 2.0 8.0 2.0 1.0 6.0 10.0 7.0
25 1.0 1.0 1.0 8.0 4.0 9.0 7.0 1.0 4.0 4.0 1.0 10.0 5.0 5.0 9.0 8.0 2.0 4.0 5.0 4.0 10.0 5.0 2.0 4.0 0.0 7.0 10.0 5.0 9.0 6.0 7.0 2.0 7.0 9.0 4.0 2.0 2.0 2.0 10.0 2.0 8.0 3.0 2.0 9.0 6.0
26 1.0 7.0 8.0 2.0 6.0 10.0 4.0 1.0 9.0 4.0 8.0 2.0 3.0 4.0 8.0 1.0 9.0 8.0 4.0 2.0 9.0 5.0 4.0 9.0 7.0 0.0 3.0 10.0 6.0 2.0 1.0 2.0 6.0 7.0 5.0 2.0 5.0 5.0 3.0 8.0 3.0 7.0 3.0 6.0 5.0
27 5.0 1.0 5.0 8.0 4.0 10.0 6.0 7.0 3.0 3.0 3.0 10.0 9.0 5.0 8.0 2.0 3.0 10.0 5.0 10.0 2.0 1.0 9.0 2.0 10.0 3.0 0.0 9.0 3.0 3.0 2.0 4.0 1.0 3.0 4.0 4.0 4.0 4.0 4.0 5.0 5.0 2.0 5.0 10.0 5.0
28 10.0 6.0 1.0 7.0 10.0 4.0 7.0 4.0 8.0 10.0 5.0 8.0 7.0 3.0 5.0 4.0 5.0 7.0 10.0 7.0 1.0 4.0 2.0 6.0 5.0 10.0 9.0 0.0 3.0 7.0 4.0 6.0 10.0 10.0 9.0 10.0 9.0 9.0 9.0 10.0 7.0 6.0 5.0 2.0 5.0
29 3.0 9.0 8.0 10.0 6.0 5.0 1.0 5.0 2.0 9.0 10.0 3.0 9.0 4.0 4.0 9.0 9.0 5.0 3.0 4.0 10.0 2.0 10.0 10.0 9.0 6.0 3.0 3.0 0.0 8.0 3.0 7.0 6.0 8.0 4.0 2.0 1.0 7.0 5.0 9.0 3.0 10.0 8.0 4.0 8.0
30 9.0 10.0 9.0 8.0 6.0 1.0 4.0 4.0 6.0 8.0 4.0 5.0 7.0 10.0 7.0 3.0 4.0 6.0 10.0 3.0 2.0 6.0 9.0 5.0 6.0 2.0 3.0 7.0 8.0 0.0 2.0 1.0 1.0 4.0 6.0 4.0 1.0 3.0 10.0 8.0 5.0 3.0 5.0 6.0 6.0
31 9.0 2.0 2.0 6.0 8.0 9.0 2.0 7.0 7.0 2.0 9.0 2.0 8.0 6.0 8.0 3.0 8.0 3.0 10.0 2.0 2.0 1.0 1.0 5.0 7.0 1.0 2.0 4.0 3.0 2.0 0.0 9.0 4.0 9.0 8.0 10.0 2.0 5.0 9.0 7.0 3.0 4.0 4.0 2.0 7.0
32 1.0 4.0 9.0 7.0 1.0 3.0 10.0 4.0 7.0 9.0 3.0 2.0 9.0 3.0 2.0 8.0 2.0 9.0 9.0 2.0 4.0 4.0 9.0 7.0 2.0 2.0 4.0 6.0 7.0 1.0 9.0 0.0 4.0 9.0 9.0 6.0 9.0 5.0 1.0 1.0 3.0 4.0 6.0 8.0 3.0
33 5.0 6.0 8.0 1.0 7.0 1.0 3.0 10.0 9.0 9.0 4.0 5.0 2.0 10.0 10.0 3.0 9.0 7.0 5.0 1.0 1.0 3.0 4.0 8.0 7.0 6.0 1.0 10.0 6.0 1.0 4.0 4.0 0.0 5.0 7.0 4.0 6.0 10.0 5.0 10.0 7.0 4.0 4.0 7.0 3.0
34 5.0 1.0 10.0 2.0 3.0 9.0 7.0 1.0 6.0 4.0 10.0 4.0 2.0 4.0 7.0 5.0 4.0 7.0 5.0 3.0 6.0 9.0 5.0 8.0 9.0 7.0 3.0 10.0 8.0 4.0 9.0 9.0 5.0 0.0 7.0 4.0 4.0 6.0 3.0 2.0 9.0 5.0 8.0 8.0 7.0
35 5.0 6.0 8.0 8.0 7.0 1.0 4.0 4.0 10.0 1.0 5.0 5.0 1.0 8.0 4.0 1.0 5.0 2.0 10.0 8.0 5.0 2.0 9.0 9.0 4.0 5.0 4.0 9.0 4.0 6.0 8.0 9.0 7.0 7.0 0.0 4.0 4.0 9.0 9.0 3.0 5.0 4.0 9.0 4.0 1.0
36 10.0 7.0 5.0 3.0 4.0 9.0 5.0 9.0 9.0 3.0 3.0 4.0 8.0 3.0 8.0 3.0 8.0 8.0 5.0 6.0 7.0 7.0 6.0 2.0 2.0 2.0 4.0 10.0 2.0 4.0 10.0 6.0 4.0 4.0 4.0 0.0 7.0 4.0 8.0 6.0 7.0 7.0 5.0 5.0 2.0
37 5.0 3.0 9.0 2.0 9.0 2.0 1.0 9.0 6.0 3.0 5.0 4.0 2.0 3.0 10.0 4.0 2.0 4.0 9.0 6.0 2.0 1.0 3.0 3.0 2.0 5.0 4.0 9.0 1.0 1.0 2.0 9.0 6.0 4.0 4.0 7.0 0.0 8.0 4.0 3.0 7.0 4.0 5.0 9.0 10.0
38 7.0 2.0 2.0 6.0 8.0 4.0 5.0 3.0 8.0 8.0 10.0 5.0 2.0 6.0 1.0 4.0 4.0 6.0 4.0 8.0 8.0 7.0 4.0 8.0 2.0 5.0 4.0 9.0 7.0 3.0 5.0 5.0 10.0 6.0 9.0 4.0 8.0 0.0 6.0 5.0 6.0 7.0 1.0 4.0 6.0
39 4.0 6.0 9.0 1.0 1.0 4.0 8.0 2.0 10.0 4.0 2.0 1.0 8.0 3.0 5.0 10.0 3.0 8.0 10.0 10.0 8.0 10.0 2.0 2.0 10.0 3.0 4.0 9.0 5.0 10.0 9.0 1.0 5.0 3.0 9.0 8.0 4.0 6.0 0.0 1.0 1.0 8.0 9.0 7.0 1.0
40 4.0 1.0 7.0 3.0 1.0 9.0 9.0 3.0 3.0 3.0 6.0 8.0 7.0 4.0 9.0 2.0 7.0 6.0 8.0 4.0 7.0 8.0 1.0 8.0 2.0 8.0 5.0 10.0 9.0 8.0 7.0 1.0 10.0 2.0 3.0 6.0 3.0 5.0 1.0 0.0 3.0 3.0 7.0 2.0 2.0
41 9.0 6.0 7.0 1.0 10.0 5.0 9.0 3.0 2.0 5.0 5.0 5.0 9.0 10.0 8.0 3.0 4.0 3.0 1.0 3.0 10.0 8.0 1.0 2.0 8.0 3.0 5.0 7.0 3.0 5.0 3.0 3.0 7.0 9.0 5.0 7.0 7.0 6.0 1.0 3.0 0.0 4.0 7.0 10.0 7.0
42 3.0 5.0 7.0 9.0 7.0 5.0 8.0 1.0 8.0 7.0 4.0 6.0 9.0 10.0 10.0 3.0 3.0 1.0 5.0 7.0 5.0 3.0 8.0 1.0 3.0 7.0 2.0 6.0 10.0 3.0 4.0 4.0 4.0 5.0 4.0 7.0 4.0 7.0 8.0 3.0 4.0 0.0 7.0 6.0 2.0
43 2.0 2.0 1.0 9.0 4.0 3.0 1.0 3.0 6.0 6.0 8.0 3.0 10.0 3.0 8.0 10.0 6.0 5.0 3.0 8.0 7.0 1.0 3.0 6.0 2.0 3.0 5.0 5.0 8.0 5.0 4.0 6.0 4.0 8.0 9.0 5.0 5.0 1.0 9.0 7.0 7.0 7.0 0.0 7.0 7.0
44 8.0 1.0 2.0 10.0 8.0 9.0 2.0 4.0 10.0 8.0 7.0 3.0 4.0 9.0 5.0 7.0 2.0 1.0 8.0 8.0 8.0 1.0 8.0 10.0 9.0 6.0 10.0 2.0 4.0 6.0 2.0 8.0 7.0 8.0 4.0 5.0 9.0 4.0 7.0 2.0 10.0 6.0 7.0 0.0 4.0
45 6.0 9.0 1.0 6.0 10.0 6.0 10.0 8.0 6.0 10.0 1.0 6.0 10.0 2.0 10.0 7.0 2.0 10.0 6.0 8.0 8.0 4.0 5.0 7.0 6.0 5.0 5.0 5.0 8.0 6.0 7.0 3.0 3.0 7.0 1.0 2.0 10.0 6.0 1.0 2.0 7.0 2.0 7.0 4.0 0.0
