32
1 0.0454142277 0.0137363054 0.0203306337 0.0387249035 0.0398116497 0.0190233882 0.0451058782 0.0370186637 0.0382533506 0.0266653671 0.0318716025 0.0258244037 0.0526978609 0.0426746632 0.0183516775 0.0240475371 0.0151378887 0.01824947 0.035747347 0.0328319396 0.031255121 0.0436284114 0.0460670933 0.0375431205 0.0360405554 0.0186582279 0.0311218641 0.0234321366 0.0582035101 0.0226153483 0.0059635229 0.0239523307 
2 0.0137363054 0.0415698875 0.0345089658 0.0654051415 0.0430459323 0.0083291034 0.0425235046 0.0195862263 0.0401862508 0.0408743598 0.0369539769 0.0275573204 0.0308838674 0.0376240745 0.0293050435 0.0209707698 0.0646224359 0.0247229511 0.0146056031 0.0215080931 0.0180979578 0.0161815712 0.0135463879 0.0627625147 0.0123922691 0.0305333789 0.0335228724 0.0249402702 0.0298392327 0.054299706 0.0359212293 0.0094427969 
3 0.0203306337 0.0345089658 0.0503330823 0.0418874601 0.041426638 0.0409452267 0.025551209 0.0174995677 0.041590562 0.0126952026 0.0453543924 0.0037484717 0.03520371 0.0270523472 0.0191411718 0.022652852 0.0413603469 0.04670009 0.029720502 0.0301552932 0.0041569764 0.0396913904 0.0150457602 0.0255734299 0.0375219894 0.0479407694 0.0355173575 0.0223674651 0.0259334253 0.0341842051 0.0339092555 0.0503002505 
4 0.0387249035 0.0654051415 0.0418874601 0.0153410958 0.0187348025 0.0298057227 0.0084910074 0.0210390054 0.0205890624 0.029031158 0.0422716706 0.0385260103 0.0354080294 0.0135634751 0.0312510179 0.023966461 0.0228843106 0.0219538617 0.01689126 0.0248467562 0.0554195504 0.0536977193 0.0421385571 0.0309405024 0.0318866627 0.0299223122 0.0203779789 0.0558109055 0.021422663 0.0275638501 0.0385997768 0.0316073093 
5 0.0398116497 0.0430459323 0.041426638 0.0187348025 0.0325178642 0.0409479136 0.0591429768 0.0246648206 0.0288056651 0.0374489138 0.0172716569 0.0556677231 0.0217306168 0.0289427311 0.0420703731 0.0305952266 0.012606097 0.0193982479 0.0487205342 0.0153797571 0.0436591628 0.0406601122 0.0228393169 0.0263943021 0.0386815716 0.0214686505 0.0228171791 0.0253183062 0.02131092 0.0334597565 0.0184131555 0.0260474261 
6 0.0190233882 0.0083291034 0.0409452267 0.0298057227 0.0409479136 0.0427107347 0.0278273518 0.0553799407 0.0079842958 0.0305787612 0.0408418368 0.0319963368 0.0400015658 0.0286417561 0.0280122836 0.0148671161 0.0407525317 0.0382942854 0.0360040724 0.0423864629 0.0163086886 0.0467983617 0.0280929967 0.0217028519 0.0295888125 0.0325711919 0.0217273331 0.0379280676 0.0182058157 0.0510995472 0.0190028848 0.0316427621 
7 0.0451058782 0.0425235046 0.025551209 0.0084910074 0.0591429768 0.0278273518 0.0465447155 0.0410940278 0.0253342652 0.0312975702 0.0253621192 0.0252926972 0.042012752 0.0034806105 0.0277813894 0.0731459236 0.0159338633 0.0387188462 0.0312999462 0.0135807843 0.0436990198 0.0288360939 0.0512035057 0.0221014043 0.0149232627 0.0245613895 0.0239183694 0.0388073146 0.0219490229 0.0326469255 0.0279569481 0.0198753051 
8 0.0370186637 0.0195862263 0.0174995677 0.0210390054 0.0246648206 0.0553799407 0.0410940278 0.0348287773 0.0105512145 0.0600520004 0.0337103063 0.033524649 0.0244766554 0.0322455225 0.0232078975 0.019780217 0.0389299979 0.0246823399 0.0240442317 0.0308258453 0.046736683 0.0336852341 0.0340914161 0.0361760604 0.024327765 0.0300835193 0.0280515904 0.0385024322 0.0391257771 0.0428391857 0.0133590234 0.0258794065 
9 0.0382533506 0.0401862508 0.041590562 0.0205890624 0.0288056651 0.0079842958 0.0253342652 0.0105512145 0.0667472124 0.0295554216 0.0320011486 0.0183382339 0.0503380502 0.0213949183 0.0366979137 0.0117868333 0.0437879407 0.0581781575 0.0303028405 0.031133579 0.0404795573 0.0216032761 0.0221306863 0.0261565137 0.019859243 0.0372332278 0.0345959617 0.0131748305 0.0263348118 0.0294840093 0.0461004708 0.0392904954 
10 0.0266653671 0.0408743598 0.0126952026 0.029031158 0.0374489138 0.0305787612 0.0312975702 0.0600520004 0.0295554216 0.0482919657 0.0273055326 0.0333103926 0.0224319671 0.0245409454 0.0090425623 0.0259862081 0.0238485295 0.0395864823 0.025473556 0.02678321 0.060515988 0.0150662449 0.0590693815 0.0384466982 0.0411303282 0.0296006094 0.0312679539 0.0201027609 0.0244600818 0.0232796622 0.031496929 0.0207632557 
11 0.0318716025 0.0369539769 0.0453543924 0.0422716706 0.0172716569 0.0408418368 0.0253621192 0.0337103063 0.0320011486 0.0273055326 0.0383480913 0.0291477623 0.0526542503 0.0206040828 0.0451538497 0.0344350415 0.0322850026 0.0405886251 0.02149484 0.0154559451 0.0142304602 0.0323899062 0.0051692468 0.0266986054 0.0250162184 0.0421323133 0.0178152833 0.0279223203 0.0293584938 0.0435601596 0.0354898689 0.0371053903 
12 0.0258244037 0.0275573204 0.0037484717 0.0385260103 0.0556677231 0.0319963368 0.0252926972 0.033524649 0.0183382339 0.0333103926 0.0291477623 0.0422941435 0.0187131687 0.034899869 0.0199392904 0.0252561431 0.0105267937 0.0099528716 0.0323754764 0.0654659772 0.041874988 0.0160238655 0.0400987194 0.035073926 0.0178961895 0.0547491892 0.0419492593 0.0460114184 0.022525045 0.0288205263 0.0492347465 0.023384392 
13 0.0526978609 0.0308838674 0.03520371 0.0354080294 0.0217306168 0.0400015658 0.042012752 0.0244766554 0.0503380502 0.0224319671 0.0526542503 0.0187131687 0.0143402338 0.0179940721 0.0370782285 0.0082424999 0.0408618307 0.0308434302 0.0442115906 0.0585168259 0.0384572498 0.0211635843 0.0336178509 0.0253788099 0.0416736672 0.0080107612 0.0253419339 0.0117719717 0.0375293216 0.0123646336 0.0440918432 0.0219571671 
14 0.0426746632 0.0376240745 0.0270523472 0.0135634751 0.0289427311 0.0286417561 0.0034806105 0.0322455225 0.0213949183 0.0245409454 0.0206040828 0.034899869 0.0179940721 0.0300602925 0.0390514461 0.0211103268 0.0455920539 0.0161573714 0.0433220494 0.0734555608 0.011942441 0.0279989206 0.0346784106 0.0490115648 0.0434385342 0.0427498002 0.036848065 0.0099933804 0.0473123893 0.0250264012 0.0501603581 0.0184315659 
15 0.0183516775 0.0293050435 0.0191411718 0.0312510179 0.0420703731 0.0280122836 0.0277813894 0.0232078975 0.0366979137 0.0090425623 0.0451538497 0.0199392904 0.0370782285 0.0390514461 0.0152492219 0.039121182 0.0420934165 0.033932285 0.0227028068 0.0273175305 0.0357382114 0.0282588562 0.0502404311 0.0418853353 0.0410445699 0.0382315116 0.0629159866 0.0322970573 0.0228292979 0.0140188495 0.0093608536 0.0366784517 
16 0.0240475371 0.0209707698 0.022652852 0.023966461 0.0305952266 0.0148671161 0.0731459236 0.019780217 0.0117868333 0.0259862081 0.0344350415 0.0252561431 0.0082424999 0.0211103268 0.039121182 0.0612545454 0.0229209399 0.0413287883 0.0235997195 0.0209588766 0.0530562751 0.0329881804 0.0289664637 0.0162032264 0.0527801644 0.0461274858 0.0207813148 0.0318014174 0.0301708603 0.029481115 0.0478069477 0.0438093413 
17 0.0151378887 0.0646224359 0.0413603469 0.0228843106 0.012606097 0.0407525317 0.0159338633 0.0389299979 0.0437879407 0.0238485295 0.0322850026 0.0105267937 0.0408618307 0.0455920539 0.0420934165 0.0229209399 0.009919436 0.0134798813 0.0317303823 0.0071305136 0.0290790826 0.038366951 0.0500314316 0.0206424942 0.0214776921 0.0113989251 0.021668574 0.0413789097 0.0488784463 0.0566355743 0.0566453755 0.027392351 
18 0.01824947 0.0247229511 0.04670009 0.0219538617 0.0193982479 0.0382942854 0.0387188462 0.0246823399 0.0581781575 0.0395864823 0.0405886251 0.0099528716 0.0308434302 0.0161573714 0.033932285 0.0413287883 0.0134798813 0.0320466498 0.025566598 0.0369299302 0.0367910442 0.0513151685 0.0330121444 0.0155968726 0.0172586551 0.0518353874 0.0601020371 0.0175104009 0.0237695091 0.0396700793 0.0160781437 0.0257493948 
19 0.035747347 0.0146056031 0.029720502 0.01689126 0.0487205342 0.0360040724 0.0312999462 0.0240442317 0.0303028405 0.025473556 0.02149484 0.0323754764 0.0442115906 0.0433220494 0.0227028068 0.0235997195 0.0317303823 0.025566598 0.0311011515 0.0440707083 0.0282458513 0.0176264341 0.0344829376 0.0427362156 0.0516511502 0.0275323123 0.0147181476 0.0210809605 0.0570902931 0.0478497675 0.0220334591 0.0219672548 
20 0.0328319396 0.0215080931 0.0301552932 0.0248467562 0.0153797571 0.0423864629 0.0135807843 0.0308258453 0.031133579 0.02678321 0.0154559451 0.0654659772 0.0585168259 0.0734555608 0.0273175305 0.0209588766 0.0071305136 0.0369299302 0.0440707083 0.0535454863 0.0331122024 0.0169994385 0.0232779524 0.0131450624 0.01951607 0.0427234131 0.0214506323 0.0370691541 0.0079891907 0.0350381862 0.0188845387 0.0585150839 
21 0.031255121 0.0180979578 0.0041569764 0.0554195504 0.0436591628 0.0163086886 0.0436990198 0.046736683 0.0404795573 0.060515988 0.0142304602 0.041874988 0.0384572498 0.011942441 0.0357382114 0.0530562751 0.0290790826 0.0367910442 0.0282458513 0.0331122024 0.0070626197 0.02186702 0.0169830323 0.0259290247 0.0286778862 0.0329202501 0.0135367523 0.0468889107 0.0466780199 0.0051799864 0.038331426 0.0330885606 
22 0.0436284114 0.0161815712 0.0396913904 0.0536977193 0.0406601122 0.0467983617 0.0288360939 0.0336852341 0.0216032761 0.0150662449 0.0323899062 0.0160238655 0.0211635843 0.0279989206 0.0282588562 0.0329881804 0.038366951 0.0513151685 0.0176264341 0.0169994385 0.02186702 0.019476891 0.0300131844 0.0651138279 0.011759741 0.0431927203 0.0158282613 0.0451572742 0.0486530833 0.0314311084 0.0237583858 0.0207687821 
23 0.0460670933 0.0135463879 0.0150457602 0.0421385571 0.0228393169 0.0280929967 0.0512035057 0.0340914161 0.0221306863 0.0590693815 0.0051692468 0.0400987194 0.0336178509 0.0346784106 0.0502404311 0.0289664637 0.0500314316 0.0330121444 0.0344829376 0.0232779524 0.0169830323 0.0300131844 0.0344359687 0.0027693543 0.0309924263 0.0221895819 0.0189891234 0.0359051072 0.0292236681 0.0328834962 0.0320006242 0.0458137428 
24 0.0375431205 0.0627625147 0.0255734299 0.0309405024 0.0263943021 0.0217028519 0.0221014043 0.0361760604 0.0261565137 0.0384466982 0.0266986054 0.035073926 0.0253788099 0.0490115648 0.0418853353 0.0162032264 0.0206424942 0.0155968726 0.0427362156 0.0131450624 0.0259290247 0.0651138279 0.0027693543 0.0232440104 0.0427780132 0.0255507425 0.0282080956 0.0560161732 0.0288619238 0.0312574145 0.019738117 0.0363637922 
25 0.0360405554 0.0123922691 0.0375219894 0.0318866627 0.0386815716 0.0295888125 0.0149232627 0.024327765 0.019859243 0.0411303282 0.0250162184 0.0178961895 0.0416736672 0.0434385342 0.0410445699 0.0527801644 0.0214776921 0.0172586551 0.0516511502 0.01951607 0.0286778862 0.011759741 0.0309924263 0.0427780132 0.0443176866 0.0407113528 0.03364766 0.0234923217 0.0548352329 0.021945137 0.0204094139 0.0283277576 
26 0.0186582279 0.0305333789 0.0479407694 0.0299223122 0.0214686505 0.0325711919 0.0245613895 0.0300835193 0.0372332278 0.0296006094 0.0421323133 0.0547491892 0.0080107612 0.0427498002 0.0382315116 0.0461274858 0.0113989251 0.0518353874 0.0275323123 0.0427234131 0.0329202501 0.0431927203 0.0221895819 0.0255507425 0.0407113528 0.0227709539 0.0204321393 0.0176019355 0.015975268 0.0209763144 0.031188612 0.0384257531 
27 0.0311218641 0.0335228724 0.0355173575 0.0203779789 0.0228171791 0.0217273331 0.0239183694 0.0280515904 0.0345959617 0.0312679539 0.0178152833 0.0419492593 0.0253419339 0.036848065 0.0629159866 0.0207813148 0.021668574 0.0601020371 0.0147181476 0.0214506323 0.0135367523 0.0158282613 0.0189891234 0.0282080956 0.03364766 0.0204321393 0.0890356282 0.0321254829 0.032927836 0.0169542911 0.0504055142 0.0413995212 
28 0.0234321366 0.0249402702 0.0223674651 0.0558109055 0.0253183062 0.0379280676 0.0388073146 0.0385024322 0.0131748305 0.0201027609 0.0279223203 0.0460114184 0.0117719717 0.0099933804 0.0322970573 0.0318014174 0.0413789097 0.0175104009 0.0210809605 0.0370691541 0.0468889107 0.0451572742 0.0359051072 0.0560161732 0.0234923217 0.0176019355 0.0321254829 0.0317547159 0.0172292259 0.030998388 0.036161992 0.0494469926 
29 0.0582035101 0.0298392327 0.0259334253 0.021422663 0.02131092 0.0182058157 0.0219490229 0.0391257771 0.0263348118 0.0244600818 0.0293584938 0.022525045 0.0375293216 0.0473123893 0.0228292979 0.0301708603 0.0488784463 0.0237695091 0.0570902931 0.0079891907 0.0466780199 0.0486530833 0.0292236681 0.0288619238 0.0548352329 0.015975268 0.032927836 0.0172292259 0.0175143423 0.0314072552 0.0226074202 0.0398486168 
30 0.0226153483 0.054299706 0.0341842051 0.0275638501 0.0334597565 0.0510995472 0.0326469255 0.0428391857 0.0294840093 0.0232796622 0.0435601596 0.0288205263 0.0123646336 0.0250264012 0.0140188495 0.029481115 0.0566355743 0.0396700793 0.0478497675 0.0350381862 0.0051799864 0.0314311084 0.0328834962 0.0312574145 0.021945137 0.0209763144 0.0169542911 0.030998388 0.0314072552 0.0373198631 0.0262150985 0.029494159 
31 0.0059635229 0.0359212293 0.0339092555 0.0385997768 0.0184131555 0.0190028848 0.0279569481 0.0133590234 0.0461004708 0.031496929 0.0354898689 0.0492347465 0.0440918432 0.0501603581 0.0093608536 0.0478069477 0.0566453755 0.0160781437 0.0220334591 0.0188845387 0.038331426 0.0237583858 0.0320006242 0.019738117 0.0204094139 0.031188612 0.0504055142 0.036161992 0.0226074202 0.0262150985 0.0450413816 0.0336326836 
32 0.0239523307 0.0094427969 0.0503002505 0.0316073093 0.0260474261 0.0316427621 0.0198753051 0.0258794065 0.0392904954 0.0207632557 0.0371053903 0.023384392 0.0219571671 0.0184315659 0.0366784517 0.0438093413 0.027392351 0.0257493948 0.0219672548 0.0585150839 0.0330885606 0.0207687821 0.0458137428 0.0363637922 0.0283277576 0.0384257531 0.0413995212 0.0494469926 0.0398486168 0.029494159 0.0336326836 0.0095979072 
