20
1 0.0 0.0493312902 0.0371584452 0.0206411071 0.0155012609 0.0490440782 0.0650288221 0.0471386045 0.0854865252 0.0550778142 0.0518264557 0.0572036977 0.0454957176 0.0607075331 0.0703447821 0.0740527272 0.0352447295 0.0422579228 0.0564111882 0.0820472983
2 0.0493312902 0.0 0.0678453971 0.0531304468 0.0388651054 0.055753968 0.0108293544 0.0253984347 0.0710675553 0.0489751307 0.0328740232 0.0895143599 0.0300955748 0.0457698643 0.054996412 0.0443864134 0.0511482941 0.069746319 0.0984393323 0.0618327244
3 0.0371584452 0.0678453971 0.0 0.0668356885 0.0529092455 0.0961610348 0.0810723508 0.0327723223 0.0179770198 0.0659286113 0.0392642872 0.0706865753 0.0757474188 0.0215657428 0.0141262204 0.0461247058 0.0252225568 0.0622812342 0.0639708319 0.0623503112
4 0.0206411071 0.0531304468 0.0668356885 0.0 0.0596275058 0.0923312675 0.0418778396 0.0082801257 0.0432973735 0.0406488396 0.0465848254 0.0656245208 0.050536583 0.0601639806 0.0719759524 0.0526620019 0.0620808835 0.0463308669 0.0568496652 0.0605205262
5 0.0155012609 0.0388651054 0.0529092455 0.0596275058 0.0 0.0249935923 0.0747709226 0.0884695713 0.0704537014 0.0242243542 0.0587326335 0.0844314316 0.0268983452 0.0804568505 0.0813886152 0.0491093571 0.0319102559 0.0443173101 0.0538717476 0.0390681936
6 0.0490440782 0.055753968 0.0961610348 0.0923312675 0.0249935923 0.0 0.0522314871 0.0519616951 0.0128035376 0.0436468007 0.0744727958 0.0392327404 0.0468361904 0.0349290637 0.0556988501 0.0280552512 0.0666271404 0.0442145689 0.0502973184 0.0807086192
7 0.0650288221 0.0108293544 0.0810723508 0.0418778396 0.0747709226 0.0522314871 0.0 0.0543072187 0.0648504142 0.0522720319 0.0489454118 0.0285383277 0.0544231092 0.0438149358 0.0761145897 0.0628701687 0.0496821141 0.0637481887 0.0337504613 0.0408722515
8 0.0471386045 0.0253984347 0.0327723223 0.0082801257 0.0884695713 0.0519616951 0.0543072187 0.0 0.0381518925 0.0668585393 0.0638049749 0.0430987798 0.0899907801 0.0430250398 0.0627741139 0.0893279395 0.0302640333 0.0478933115 0.0890960869 0.0273865364
9 0.0854865252 0.0710675553 0.0179770198 0.0432973735 0.0704537014 0.0128035376 0.0648504142 0.0381518925 0.0 0.0518563326 0.0715835425 0.0244729644 0.0529432153 0.0497390094 0.0486149528 0.0320080359 0.0807556032 0.0469384967 0.0861042125 0.0508956154
10 0.0550778142 0.0489751307 0.0659286113 0.0406488396 0.0242243542 0.0436468007 0.0522720319 0.0668585393 0.0518563326 0.0 0.0375969411 0.051062679 0.0417885769 0.0650757152 0.0481975182 0.0525556069 0.066560741 0.0587317757 0.061014929 0.0679270625
11 0.0518264557 0.0328740232 0.0392642872 0.0465848254 0.0587326335 0.0744727958 0.0489454118 0.0638049749 0.0715835425 0.0375969411 0.0 0.0378601211 0.0563464849 0.0438458616 0.0467975164 0.0579212955 0.0602715127 0.0644328596 0.0301008034 0.0767376538
12 0.0572036977 0.0895143599 0.0706865753 0.0656245208 0.0844314316 0.0392327404 0.0285383277 0.0430987798 0.0244729644 0.051062679 0.0378601211 0.0 0.0258527279 0.0796660182 0.0546477317 0.042995522 0.0725765641 0.0620445563 0.055641904 0.0148487783
13 0.0454957176 0.0300955748 0.0757474188 0.050536583 0.0268983452 0.0468361904 0.0544231092 0.0899907801 0.0529432153 0.0417885769 0.0563464849 0.0258527279 0.0 0.0839518589 0.0279841894 0.0632236641 0.0696642609 0.0726350815 0.0295968451 0.055989376
14 0.0607075331 0.0457698643 0.0215657428 0.0601639806 0.0804568505 0.0349290637 0.0438149358 0.0430250398 0.0497390094 0.0650757152 0.0438458616 0.0796660182 0.0839518589 0.0 0.0669334287 0.0666892276 0.0340085706 0.0134753274 0.0520448317 0.0541371398
15 0.0703447821 0.054996412 0.0141262204 0.0719759524 0.0813886152 0.0556988501 0.0761145897 0.0627741139 0.0486149528 0.0481975182 0.0467975164 0.0546477317 0.0279841894 0.0669334287 0.0 0.0608578729 0.0521720781 0.070397394 0.0265852986 0.0093924833
16 0.0740527272 0.0443864134 0.0461247058 0.0526620019 0.0491093571 0.0280552512 0.0628701687 0.0893279395 0.0320080359 0.0525556069 0.0579212955 0.042995522 0.0632236641 0.0666892276 0.0608578729 0.0 0.0730698025 0.0341346055 0.0285389695 0.0414168327
17 0.0352447295 0.0511482941 0.0252225568 0.0620808835 0.0319102559 0.0666271404 0.0496821141 0.0302640333 0.0807556032 0.066560741 0.0602715127 0.0725765641 0.0696642609 0.0340085706 0.0521720781 0.0730698025 0.0 0.0291933894 0.0263031897 0.0832442797
18 0.0422579228 0.069746319 0.0622812342 0.0463308669 0.0443173101 0.0442145689 0.0637481887 0.0478933115 0.0469384967 0.0587317757 0.0644328596 0.0620445563 0.0726350815 0.0134753274 0.070397394 0.0341346055 0.0291933894 0.0 0.0689924291 0.0582343624
19 0.0564111882 0.0984393323 0.0639708319 0.0568496652 0.0538717476 0.0502973184 0.0337504613 0.0890960869 0.0861042125 0.061014929 0.0301008034 0.055641904 0.0295968451 0.0520448317 0.0265852986 0.0285389695 0.0263031897 0.0689924291 0.0 0.0323899553
20 0.0820472983 0.0618327244 0.0623503112 0.0605205262 0.0390681936 0.0807086192 0.0408722515 0.0273865364 0.0508956154 0.0679270625 0.0767376538 0.0148487783 0.055989376 0.0541371398 0.0093924833 0.0414168327 0.0832442797 0.0582343624 0.0323899553 0.0
