40
1 0.0 4.0 6.0 1.0 2.0 6.0 7.0 7.0 1.0 10.0 10.0 2.0 8.0 7.0 10.0 8.0 4.0 8.0 7.0 3.0 4.0 3.0 6.0 7.0 10.0 1.0 6.0 7.0 10.0 6.0 2.0 2.0 4.0 1.0 4.0 9.0 7.0 10.0 10.0 6.0
2 4.0 0.0 3.0 5.0 8.0 3.0 1.0 1.0 4.0 3.0 3.0 5.0 2.0 10.0 6.0 6.0 5.0 5.0 4.0 8.0 6.0 10.0 7.0 4.0 1.0 4.0 6.0 9.0 8.0 4.0 9.0 9.0 10.0 8.0 7.0 9.0 1.0 8.0 2.0 8.0
3 6.0 3.0 0.0 3.0 5.0 8.0 1.0 3.0 4.0 2.0 6.0 7.0 8.0 6.0 2.0 10.0 2.0 10.0 2.0 1.0 6.0 6.0 1.0 1.0 9.0 4.0 4.0 9.0 2.0 3.0 3.0 5.0 10.0 1.0 5.0 6.0 9.0 10.0 4.0 8.0
4 1.0 5.0 3.0 0.0 9.0 9.0 4.0 5.0 3.0 5.0 2.0 1.0 3.0 9.0 6.0 3.0 9.0 1.0 5.0 9.0 2.0 4.0 5.0 7.0 10.0 10.0 2.0 2.0 6.0 10.0 8.0 8.0 5.0 4.0 1.0 3.0 7.0 6.0 7.0 2.0
5 2.0 8.0 5.0 9.0 0.0 3.0 1.0 7.0 2.0 1.0 3.0 2.0 3.0 7.0 3.0 1.0 3.0 6.0 7.0 3.0 4.0 8.0 1.0 6.0 1.0 2.0 4.0 4.0 7.0 2.0 6.0 5.0 2.0 6.0 7.0 4.0 1.0 7.0 1.0 6.0
6 6.0 3.0 8.0 9.0 3.0 0.0 5.0 8.0 2.0 8.0 10.0 10.0 3.0 1.0 6.0 8.0 5.0 4.0 7.0 7.0 4.0 9.0 6.0 10.0 7.0 8.0 2.0 8.0 10.0 10.0 5.0 3.0 6.0 4.0 8.0 1.0 9.0 5.0 9.0 4.0
7 7.0 1.0 1.0 4.0 1.0 5.0 0.0 1.0 5.0 10.0 5.0 4.0 3.0 6.0 8.0 6.0 2.0 7.0 1.0 6.0 6.0 5.0 7.0 9.0 2.0 4.0 7.0 1.0 3.0 1.0 2.0 2.0 2.0 2.0 4.0 9.0 7.0 6.0 5.0 5.0
8 7.0 1.0 3.0 5.0 7.0 8.0 1.0 0.0 4.0 6.0 7.0 4.0 9.0 9.0 9.0 10.0 6.0 1.0 9.0 10.0 1.0 5.0 1.0 1.0 1.0 4.0 10.0 10.0 3.0 6.0 2.0 2.0 1.0 4.0 7.0 1.0 10.0 10.0 2.0 9.0
9 1.0 4.0 4.0 3.0 2.0 2.0 5.0 4.0 0.0 3.0 8.0 6.0 3.0 3.0 6.0 9.0 1.0 3.0 1.0 10.0 4.0 5.0 4.0 4.0 1.0 2.0 6.0 7.0 8.0 7.0 7.0 1.0 2.0 9.0 7.0 5.0 9.0 4.0 6.0 6.0
10 10.0 3.0 2.0 5.0 1.0 8.0 10.0 6.0 3.0 0.0 7.0 3.0 4.0 1.0 4.0 1.0 4.0 3.0 2.0 4.0 1.0 10.0 1.0 1.0 4.0 1.0 1.0 1.0 2.0 2.0 9.0 1.0 3.0 6.0 4.0 6.0 2.0 3.0 5.0 10.0
11 10.0 3.0 6.0 2.0 3.0 10.0 5.0 7.0 8.0 7.0 0.0 5.0 5.0 3.0 5.0 7.0 10.0 9.0 9.0 9.0 8.0 7.0 6.0 3.0 3.0 4.0 7.0 4.0 5.0 1.0 1.0 4.0 9.0 2.0 4.0 6.0 5.0 10.0 7.0 2.0
12 2.0 5.0 7.0 1.0 2.0 10.0 4.0 4.0 6.0 3.0 5.0 0.0 5.0 8.0 8.0 8.0 6.0 8.0 4.0 1.0 4.0 3.0 1.0 7.0 4.0 1.0 4.0 6.0 7.0 10.0 2.0 5.0 6.0 6.0 7.0 10.0 10.0 2.0 7.0 9.0
13 8.0 2.0 8.0 3.0 3.0 3.0 3.0 9.0 3.0 4.0 5.0 5.0 0.0 8.0 1.0 7.0 3.0 8.0 6.0 7.0 1.0 5.0 5.0 4.0 3.0 10.0 2.0 8.0 1.0 8.0 6.0 8.0 2.0 10.0 1.0 5.0 6.0 3.0 3.0 3.0
14 7.0 10.0 6.0 9.0 7.0 1.0 6.0 9.0 3.0 1.0 3.0 8.0 8.0 0.0 2.0 9.0 2.0 10.0 7.0 10.0 1.0 8.0 9.0 9.0 8.0 7.0 3.0 9.0 3.0 2.0 10.0 1.0 4.0 10.0 10.0 3.0 4.0 3.0 4.0 1.0
15 10.0 6.0 2.0 6.0 3.0 6.0 8.0 9.0 6.0 4.0 5.0 8.0 1.0 2.0 0.0 1.0 8.0 9.0 3.0 4.0 6.0 5.0 6.0 9.0 5.0 4.0 9.0 5.0 10.0 10.0 2.0 8.0 8.0 1.0 4.0 1.0 6.0 8.0 6.0 10.0
16 8.0 6.0 10.0 3.0 1.0 8.0 6.0 10.0 9.0 1.0 7.0 8.0 7.0 9.0 1.0 0.0 2.0 8.0 8.0 3.0 3.0 1.0 6.0 7.0 9.0 4.0 3.0 3.0 10.0 2.0 7.0 7.0 3.0 6.0 4.0 5.0 4.0 8.0 5.0 3.0
17 4.0 5.0 2.0 9.0 3.0 5.0 2.0 6.0 1.0 4.0 10.0 6.0 3.0 2.0 8.0 2.0 0.0 4.0 10.0 6.0 10.0 10.0 10.0 1.0 4.0 9.0 1.0 7.0 3.0 7.0 10.0 8.0 1.0 1.0 4.0 5.0 4.0 4.0 8.0 8.0
18 8.0 5.0 10.0 1.0 6.0 4.0 7.0 1.0 3.0 3.0 9.0 8.0 8.0 10.0 9.0 8.0 4.0 0.0 7.0 10.0 1.0 5.0 9.0 4.0 7.0 8.0 4.0 3.0 2.0 8.0 8.0 2.0 6.0 4.0 5.0 6.0 9.0 4.0 2.0 7.0
19 7.0 4.0 2.0 5.0 7.0 7.0 1.0 9.0 1.0 2.0 9.0 4.0 6.0 7.0 3.0 8.0 10.0 7.0 0.0 8.0 1.0 1.0 4.0 2.0 5.0 2.0 4.0 9.0 3.0 2.0 8.0 8.0 6.0 1.0 9.0 1.0 1.0 6.0 1.0 4.0
20 3.0 8.0 1.0 9.0 3.0 7.0 6.0 10.0 10.0 4.0 9.0 1.0 7.0 10.0 4.0 3.0 6.0 10.0 8.0 0.0 5.0 2.0 4.0 10.0 1.0 2.0 5.0 1.0 5.0 8.0 4.0 7.0 10.0 9.0 5.0 7.0 6.0 4.0 3.0 7.0
21 4.0 6.0 6.0 2.0 4.0 4.0 6.0 1.0 4.0 1.0 8.0 4.0 1.0 1.0 6.0 3.0 10.0 1.0 1.0 5.0 0.0 1.0 7.0 2.0 9.0 3.0 6.0 1.0 7.0 9.0 10.0 1.0 5.0 3.0 10.0 2.0 5.0 9.0 1.0 5.0
22 3.0 10.0 6.0 4.0 8.0 9.0 5.0 5.0 5.0 10.0 7.0 3.0 5.0 8.0 5.0 1.0 10.0 5.0 1.0 2.0 1.0 0.0 7.0 8.0 5.0 4.0 3.0 8.0 10.0 10.0 8.0 8.0 10.0 3.0 2.0 6.0 5.0 7.0 4.0 1.0
23 6.0 7.0 1.0 5.0 1.0 6.0 7.0 1.0 4.0 1.0 6.0 1.0 5.0 9.0 6.0 6.0 10.0 9.0 4.0 4.0 7.0 7.0 0.0 8.0 1.0 10.0 8.0 8.0 5.0 1.0 1.0 5.0 3.0 9.0 9.0 4.0 3.0 2.0 5.0 3.0
24 7.0 4.0 1.0 7.0 6.0 10.0 9.0 1.0 4.0 1.0 3.0 7.0 4.0 9.0 9.0 7.0 1.0 4.0 2.0 10.0 2.0 8.0 8.0 0.0 6.0 1.0 2.0 7.0 7.0 6.0 10.0 2.0 8.0 7.0 3.0 2.0 8.0 6.0 8.0 10.0
25 10.0 1.0 9.0 10.0 1.0 7.0 2.0 1.0 1.0 4.0 3.0 4.0 3.0 8.0 5.0 9.0 4.0 7.0 5.0 1.0 9.0 5.0 1.0 6.0 0.0 10.0 5.0 6.0 8.0 3.0 3.0 10.0 6.0 3.0 5.0 1.0 8.0 8.0 1.0 7.0
26 1.0 4.0 4.0 10.0 2.0 8.0 4.0 4.0 2.0 1.0 4.0 1.0 10.0 7.0 4.0 4.0 9.0 8.0 2.0 2.0 3.0 4.0 10.0 1.0 10.0 0.0 7.0 10.0 9.0 10.0 4.0 7.0 1.0 4.0 6.0 4.0 10.0 8.0 10.0 10.0
27 6.0 6.0 4.0 2.0 4.0 2.0 7.0 10.0 6.0 1.0 7.0 4.0 2.0 3.0 9.0 3.0 1.0 4.0 4.0 5.0 6.0 3.0 8.0 2.0 5.0 7.0 0.0 10.0 5.0 10.0 9.0 7.0 4.0 2.0 1.0 3.0 5.0 8.0 9.0 6.0
28 7.0 9.0 9.0 2.0 4.0 8.0 1.0 10.0 7.0 1.0 4.0 6.0 8.0 9.0 5.0 3.0 7.0 3.0 9.0 1.0 1.0 8.0 8.0 7.0 6.0 10.0 10.0 0.0 9.0 3.0 6.0 4.0 3.0 7.0 3.0 10.0 2.0 7.0 4.0 4.0
29 10.0 8.0 2.0 6.0 7.0 10.0 3.0 3.0 8.0 2.0 5.0 7.0 1.0 3.0 10.0 10.0 3.0 2.0 3.0 5.0 7.0 10.0 5.0 7.0 8.0 9.0 5.0 9.0 0.0 10.0 4.0 2.0 7.0 2.0 9.0 10.0 10.0 9.0 1.0 8.0
30 6.0 4.0 3.0 10.0 2.0 10.0 1.0 6.0 7.0 2.0 1.0 10.0 8.0 2.0 10.0 2.0 7.0 8.0 2.0 8.0 9.0 10.0 1.0 6.0 3.0 10.0 10.0 3.0 10.0 0.0 8.0 2.0 6.0 7.0 4.0 2.0 9.0 1.0 7.0 5.0
31 2.0 9.0 3.0 8.0 6.0 5.0 2.0 2.0 7.0 9.0 1.0 2.0 6.0 10.0 2.0 7.0 10.0 8.0 8.0 4.0 10.0 8.0 1.0 10.0 3.0 4.0 9.0 6.0 4.0 8.0 0.0 10.0 5.0 7.0 7.0 1.0 5.0 1.0 10.0 7.0
32 2.0 9.0 5.0 8.0 5.0 3.0 2.0 2.0 1.0 1.0 4.0 5.0 8.0 1.0 8.0 7.0 8.0 2.0 8.0 7.0 1.0 8.0 5.0 2.0 10.0 7.0 7.0 4.0 2.0 2.0 10.0 0.0 9.0 10.0 7.0 9.0 7.0 4.0 3.0 5.0
33 4.0 10.0 10.0 5.0 2.0 6.0 2.0 1.0 2.0 3.0 9.0 6.0 2.0 4.0 8.0 3.0 1.0 6.0 6.0 10.0 5.0 10.0 3.0 8.0 6.0 1.0 4.0 3.0 7.0 6.0 5.0 9.0 0.0 9.0 10.0 8.0 2.0 5.0 10.0 4.0
34 1.0 8.0 1.0 4.0 6.0 4.0 2.0 4.0 9.0 6.0 2.0 6.0 10.0 10.0 1.0 6.0 1.0 4.0 1.0 9.0 3.0 3.0 9.0 7.0 3.0 4.0 2.0 7.0 2.0 7.0 7.0 10.0 9.0 0.0 2.0 7.0 5.0 10.0 1.0 3.0
35 4.0 7.0 5.0 1.0 7.0 8.0 4.0 7.0 7.0 4.0 4.0 7.0 1.0 10.0 4.0 4.0 4.0 5.0 9.0 5.0 10.0 2.0 9.0 3.0 5.0 6.0 1.0 3.0 9.0 4.0 7.0 7.0 10.0 2.0 0.0 8.0 6.0 10.0 5.0 10.0
36 9.0 9.0 6.0 3.0 4.0 1.0 9.0 1.0 5.0 6.0 6.0 10.0 5.0 3.0 1.0 5.0 5.0 6.0 1.0 7.0 2.0 6.0 4.0 2.0 1.0 4.0 3.0 10.0 10.0 2.0 1.0 9.0 8.0 7.0 8.0 0.0 9.0 8.0 8.0 5.0
37 7.0 1.0 9.0 7.0 1.0 9.0 7.0 10.0 9.0 2.0 5.0 10.0 6.0 4.0 6.0 4.0 4.0 9.0 1.0 6.0 5.0 5.0 3.0 8.0 8.0 10.0 5.0 2.0 10.0 9.0 5.0 7.0 2.0 5.0 6.0 9.0 0.0 4.0 5.0 6.0
38 10.0 8.0 10.0 6.0 7.0 5.0 6.0 10.0 4.0 3.0 10.0 2.0 3.0 3.0 8.0 8.0 4.0 4.0 6.0 4.0 9.0 7.0 2.0 6.0 8.0 8.0 8.0 7.0 9.0 1.0 1.0 4.0 5.0 10.0 10.0 8.0 4.0 0.0 8.0 9.0
39 10.0 2.0 4.0 7.0 1.0 9.0 5.0 2.0 6.0 5.0 7.0 7.0 3.0 4.0 6.0 5.0 8.0 2.0 1.0 3.0 1.0 4.0 5.0 8.0 1.0 10.0 9.0 4.0 1.0 7.0 10.0 3.0 10.0 1.0 5.0 8.0 5.0 8.0 0.0 2.0
40 6.0 8.0 8.0 2.0 6.0 4.0 5.0 9.0 6.0 10.0 2.0 9.0 3.0 1.0 10.0 3.0 8.0 7.0 4.0 7.0 5.0 1.0 3.0 10.0 7.0 10.0 6.0 4.0 8.0 5.0 7.0 5.0 4.0 3.0 10.0 5.0 6.0 9.0 2.0 0.0
