35
1 0.0 6.0 2.0 4.0 8.0 4.0 6.0 7.0 6.0 7.0 10.0 2.0 5.0 8.0 4.0 1.0 5.0 3.0 4.0 3.0 7.0 3.0 5.0 2.0 1.0 9.0 5.0 9.0 3.0 8.0 6.0 5.0 5.0 5.0 4.0
2 6.0 0.0 1.0 3.0 3.0 3.0 8.0 10.0 6.0 7.0 6.0 7.0 1.0 8.0 8.0 1.0 10.0 6.0 9.0 8.0 2.0 2.0 8.0 6.0 2.0 8.0 5.0 9.0 4.0 3.0 6.0 7.0 2.0 3.0 8.0
3 2.0 1.0 0.0 10.0 5.0 1.0 1.0 4.0 7.0 3.0 1.0 6.0 6.0 10.0 1.0 7.0 10.0 7.0 5.0 10.0 6.0 9.0 9.0 5.0 10.0 6.0 5.0 3.0 1.0 8.0 10.0 8.0 10.0 4.0 4.0
4 4.0 3.0 10.0 0.0 5.0 3.0 3.0 8.0 1.0 7.0 7.0 8.0 6.0 2.0 1.0 3.0 6.0 6.0 7.0 9.0 6.0 7.0 10.0 2.0 1.0 5.0 2.0 9.0 1.0 7.0 6.0 3.0 10.0 8.0 4.0
5 8.0 3.0 5.0 5.0 0.0 5.0 10.0 8.0 7.0 8.0 8.0 8.0 4.0 3.0 6.0 9.0 2.0 8.0 10.0 9.0 7.0 7.0 7.0 8.0 4.0 6.0 8.0 2.0 1.0 5.0 4.0 9.0 7.0 8.0 7.0
6 4.0 3.0 1.0 3.0 5.0 0.0 8.0 2.0 6.0 10.0 2.0 2.0 9.0 5.0 4.0 5.0 4.0 3.0 6.0 6.0 7.0 10.0 9.0 4.0 4.0 4.0 10.0 6.0 1.0 6.0 9.0 10.0 2.0 1.0 8.0
7 6.0 8.0 1.0 3.0 10.0 8.0 0.0 9.0 10.0 5.0 5.0 2.0 2.0 8.0 2.0 5.0 9.0 7.0 1.0 10.0 2.0 2.0 7.0 6.0 3.0 8.0 8.0 9.0 2.0 10.0 4.0 9.0 10.0 3.0 9.0
8 7.0 10.0 4.0 8.0 8.0 2.0 9.0 0.0 5.0 2.0 9.0 4.0 1.0 1.0 9.0 9.0 2.0 9.0 7.0 8.0 7.0 7.0 1.0 5.0 6.0 6.0 8.0 2.0 10.0 6.0 9.0 5.0 6.0 5.0 10.0
9 6.0 6.0 7.0 1.0 7.0 6.0 10.0 5.0 0.0 8.0 7.0 4.0 3.0 7.0 6.0 8.0 5.0 9.0 1.0 1.0 10.0 1.0 10.0 1.0 1.0 8.0 6.0 4.0 9.0 3.0 6.0 4.0 5.0 7.0 8.0
10 7.0 7.0 3.0 7.0 8.0 10.0 5.0 2.0 8.0 0.0 3.0 3.0 7.0 8.0 8.0 9.0 2.0 1.0 4.0 9.0 1.0 9.0 4.0 1.0 4.0 10.0 3.0 10.0 5.0 7.0 7.0 4.0 1.0 3.0 8.0
11 10.0 6.0 1.0 7.0 8.0 2.0 5.0 9.0 7.0 3.0 0.0 9.0 9.0 1.0 8.0 8.0 5.0 3.0 10.0 7.0 1.0 7.0 9.0 6.0 7.0 2.0 2.0 2.0 10.0 1.0 5.0 9.0 10.0 7.0 3.0
12 2.0 7.0 6.0 8.0 8.0 2.0 2.0 4.0 4.0 3.0 9.0 0.0 4.0 3.0 10.0 5.0 4.0 5.0 1.0 4.0 8.0 4.0 10.0 1.0 1.0 3.0 6.0 8.0 8.0 2.0 5.0 5.0 9.0 10.0 8.0
13 5.0 1.0 6.0 6.0 4.0 9.0 2.0 1.0 3.0 7.0 9.0 4.0 0.0 4.0 3.0 3.0 5.0 9.0 6.0 7.0 6.0 10.0 6.0 8.0 5.0 6.0 10.0 4.0 10.0 4.0 7.0 2.0 7.0 10.0 1.0
14 8.0 8.0 10.0 2.0 3.0 5.0 8.0 1.0 7.0 8.0 1.0 3.0 4.0 0.0 2.0 8.0 10.0 5.0 5.0 1.0 3.0 6.0 7.0 10.0 1.0 10.0 1.0 6.0 5.0 8.0 2.0 1.0 4.0 2.0 9.0
15 4.0 8.0 1.0 1.0 6.0 4.0 2.0 9.0 6.0 8.0 8.0 10.0 3.0 2.0 0.0 4.0 3.0 6.0 2.0 7.0 5.0 8.0 2.0 7.0 10.0 10.0 8.0 6.0 8.0 5.0 6.0 4.0 8.0 1.0 7.0
16 1.0 1.0 7.0 3.0 9.0 5.0 5.0 9.0 8.0 9.0 8.0 5.0 3.0 8.0 4.0 0.0 4.0 1.0 4.0 6.0 8.0 3.0 1.0 8.0 9.0 10.0 1.0 7.0 7.0 10.0 10.0 6.0 8.0 2.0 5.0
17 5.0 10.0 10.0 6.0 2.0 4.0 9.0 2.0 5.0 2.0 5.0 4.0 5.0 10.0 3.0 4.0 0.0 4.0 6.0 5.0 2.0 10.0 9.0 6.0 1.0 6.0 10.0 4.0 5.0 6.0 2.0 6.0 6.0 6.0 6.0
18 3.0 6.0 7.0 6.0 8.0 3.0 7.0 9.0 9.0 1.0 3.0 5.0 9.0 5.0 6.0 1.0 4.0 0.0 2.0 1.0 5.0 5.0 5.0 5.0 10.0 1.0 3.0 4.0 5.0 1.0 6.0 8.0 8.0 3.0 8.0
19 4.0 9.0 5.0 7.0 10.0 6.0 1.0 7.0 1.0 4.0 10.0 1.0 6.0 5.0 2.0 4.0 6.0 2.0 0.0 8.0 7.0 6.0 8.0 6.0 2.0 1.0 4.0 3.0 5.0 9.0 5.0 5.0 7.0 8.0 6.0
20 3.0 8.0 10.0 9.0 9.0 6.0 10.0 8.0 1.0 9.0 7.0 4.0 7.0 1.0 7.0 6.0 5.0 1.0 8.0 0.0 4.0 1.0 1.0 2.0 8.0 4.0 3.0 2.0 7.0 8.0 4.0 9.0 1.0 7.0 4.0
21 7.0 2.0 6.0 6.0 7.0 7.0 2.0 7.0 10.0 1.0 1.0 8.0 6.0 3.0 5.0 8.0 2.0 5.0 7.0 4.0 0.0 8.0 9.0 2.0 3.0 3.0 8.0 3.0 10.0 9.0 8.0 1.0 1.0 3.0 7.0
22 3.0 2.0 9.0 7.0 7.0 10.0 2.0 7.0 1.0 9.0 7.0 4.0 10.0 6.0 8.0 3.0 10.0 5.0 6.0 1.0 8.0 0.0 5.0 7.0 4.0 6.0 1.0 7.0 3.0 2.0 9.0 4.0 3.0 3.0 1.0
23 5.0 8.0 9.0 10.0 7.0 9.0 7.0 1.0 10.0 4.0 9.0 10.0 6.0 7.0 2.0 1.0 9.0 5.0 8.0 1.0 9.0 5.0 0.0 9.0 2.0 6.0 2.0 1.0 10.0 5.0 9.0 5.0 10.0 3.0 5.0
24 2.0 6.0 5.0 2.0 8.0 4.0 6.0 5.0 1.0 1.0 6.0 1.0 8.0 10.0 7.0 8.0 6.0 5.0 6.0 2.0 2.0 7.0 9.0 0.0 3.0 2.0 10.0 5.0 10.0 10.0 9.0 1.0 5.0 4.0 1.0
25 1.0 2.0 10.0 1.0 4.0 4.0 3.0 6.0 1.0 4.0 7.0 1.0 5.0 1.0 10.0 9.0 1.0 10.0 2.0 8.0 3.0 4.0 2.0 3.0 0.0 1.0 5.0 1.0 6.0 8.0 8.0 10.0 6.0 10.0 5.0
26 9.0 8.0 6.0 5.0 6.0 4.0 8.0 6.0 8.0 10.0 2.0 3.0 6.0 10.0 10.0 10.0 6.0 1.0 1.0 4.0 3.0 6.0 6.0 2.0 1.0 0.0 4.0 9.0 3.0 7.0 6.0 9.0 1.0 8.0 6.0
27 5.0 5.0 5.0 2.0 8.0 10.0 8.0 8.0 6.0 3.0 2.0 6.0 10.0 1.0 8.0 1.0 10.0 3.0 4.0 3.0 8.0 1.0 2.0 10.0 5.0 4.0 0.0 7.0 10.0 5.0 6.0 8.0 2.0 8.0 5.0
28 9.0 9.0 3.0 9.0 2.0 6.0 9.0 2.0 4.0 10.0 2.0 8.0 4.0 6.0 6.0 7.0 4.0 4.0 3.0 2.0 3.0 7.0 1.0 5.0 1.0 9.0 7.0 0.0 7.0 5.0 1.0 1.0 3.0 4.0 5.0
29 3.0 4.0 1.0 1.0 1.0 1.0 2.0 10.0 9.0 5.0 10.0 8.0 10.0 5.0 8.0 7.0 5.0 5.0 5.0 7.0 10.0 3.0 10.0 10.0 6.0 3.0 10.0 7.0 0.0 3.0 2.0 10.0 9.0 1.0 6.0
30 8.0 3.0 8.0 7.0 5.0 6.0 10.0 6.0 3.0 7.0 1.0 2.0 4.0 8.0 5.0 10.0 6.0 1.0 9.0 8.0 9.0 2.0 5.0 10.0 8.0 7.0 5.0 5.0 3.0 0.0 5.0 5.0 4.0 2.0 1.0
31 6.0 6.0 10.0 6.0 4.0 9.0 4.0 9.0 6.0 7.0 5.0 5.0 7.0 2.0 6.0 10.0 2.0 6.0 5.0 4.0 8.0 9.0 9.0 9.0 8.0 6.0 6.0 1.0 2.0 5.0 0.0 10.0 9.0 10.0 6.0
32 5.0 7.0 8.0 3.0 9.0 10.0 9.0 5.0 4.0 4.0 9.0 5.0 2.0 1.0 4.0 6.0 6.0 8.0 5.0 9.0 1.0 4.0 5.0 1.0 10.0 9.0 8.0 1.0 10.0 5.0 10.0 0.0 3.0 2.0 8.0
33 5.0 2.0 10.0 10.0 7.0 2.0 10.0 6.0 5.0 1.0 10.0 9.0 7.0 4.0 8.0 8.0 6.0 8.0 7.0 1.0 1.0 3.0 10.0 5.0 6.0 1.0 2.0 3.0 9.0 4.0 9.0 3.0 0.0 9.0 3.0
34 5.0 3.0 4.0 8.0 8.0 1.0 3.0 5.0 7.0 3.0 7.0 10.0 10.0 2.0 1.0 2.0 6.0 3.0 8.0 7.0 3.0 3.0 3.0 4.0 10.0 8.0 8.0 4.0 1.0 2.0 10.0 2.0 9.0 0.0 9.0
35 4.0 8.0 4.0 4.0 7.0 8.0 9.0 10.0 8.0 8.0 3.0 8.0 1.0 9.0 7.0 5.0 6.0 8.0 6.0 4.0 7.0 1.0 5.0 1.0 5.0 6.0 5.0 5.0 6.0 1.0 6.0 8.0 3.0 9.0 0.0
