30
1 0.0 3.0 10.0 2.0 4.0 8.0 8.0 9.0 4.0 6.0 8.0 7.0 10.0 6.0 1.0 6.0 10.0 6.0 8.0 6.0 10.0 6.0 6.0 9.0 3.0 10.0 2.0 1.0 1.0 9.0
2 3.0 0.0 8.0 10.0 9.0 9.0 5.0 10.0 1.0 6.0 5.0 3.0 6.0 1.0 10.0 6.0 8.0 2.0 1.0 1.0 8.0 5.0 4.0 1.0 6.0 3.0 3.0 5.0 4.0 1.0
3 10.0 8.0 0.0 9.0 4.0 9.0 8.0 10.0 3.0 3.0 2.0 2.0 9.0 6.0 4.0 7.0 1.0 6.0 8.0 10.0 7.0 6.0 1.0 2.0 4.0 4.0 1.0 8.0 8.0 3.0
4 2.0 10.0 9.0 0.0 7.0 10.0 8.0 3.0 7.0 10.0 1.0 9.0 5.0 8.0 10.0 4.0 4.0 9.0 4.0 2.0 5.0 8.0 4.0 4.0 10.0 7.0 3.0 9.0 10.0 9.0
5 4.0 9.0 4.0 7.0 0.0 10.0 8.0 10.0 6.0 4.0 4.0 10.0 5.0 6.0 3.0 10.0 8.0 6.0 10.0 6.0 9.0 4.0 2.0 7.0 7.0 9.0 10.0 2.0 1.0 8.0
6 8.0 9.0 9.0 10.0 10.0 0.0 7.0 7.0 4.0 10.0 6.0 4.0 4.0 9.0 3.0 10.0 7.0 7.0 3.0 10.0 10.0 3.0 5.0 6.0 7.0 5.0 3.0 3.0 7.0 10.0
7 8.0 5.0 8.0 8.0 8.0 7.0 0.0 6.0 1.0 4.0 5.0 7.0 4.0 8.0 7.0 8.0 9.0 8.0 8.0 3.0 3.0 9.0 3.0 6.0 1.0 6.0 2.0 2.0 5.0 3.0
8 9.0 10.0 10.0 3.0 10.0 7.0 6.0 0.0 5.0 10.0 4.0 9.0 7.0 7.0 1.0 2.0 9.0 5.0 1.0 7.0 6.0 9.0 6.0 10.0 3.0 5.0 6.0 10.0 2.0 5.0
9 4.0 1.0 3.0 7.0 6.0 4.0 1.0 5.0 0.0 6.0 5.0 10.0 5.0 6.0 7.0 6.0 9.0 7.0 7.0 6.0 8.0 4.0 6.0 5.0 6.0 9.0 10.0 10.0 2.0 6.0
10 6.0 6.0 3.0 10.0 4.0 10.0 4.0 10.0 6.0 0.0 1.0 6.0 7.0 10.0 7.0 8.0 8.0 7.0 3.0 10.0 1.0 2.0 4.0 9.0 2.0 3.0 9.0 5.0 6.0 1.0
11 8.0 5.0 2.0 1.0 4.0 6.0 5.0 4.0 5.0 1.0 0.0 1.0 4.0 9.0 7.0 3.0 5.0 3.0 5.0 7.0 2.0 2.0 4.0 4.0 7.0 2.0 8.0 7.0 9.0 10.0
12 7.0 3.0 2.0 9.0 10.0 4.0 7.0 9.0 10.0 6.0 1.0 0.0 3.0 4.0 5.0 5.0 1.0 10.0 1.0 5.0 9.0 4.0 2.0 1.0 2.0 4.0 2.0 1.0 2.0 2.0
13 10.0 6.0 9.0 5.0 5.0 4.0 4.0 7.0 5.0 7.0 4.0 3.0 0.0 4.0 5.0 6.0 2.0 2.0 9.0 9.0 7.0 7.0 7.0 5.0 8.0 9.0 2.0 4.0 3.0 10.0
14 6.0 1.0 6.0 8.0 6.0 9.0 8.0 7.0 6.0 10.0 9.0 4.0 4.0 0.0 6.0 7.0 3.0 4.0 5.0 4.0 7.0 4.0 10.0 2.0 1.0 3.0 4.0 7.0 2.0 7.0
15 1.0 10.0 4.0 10.0 3.0 3.0 7.0 1.0 7.0 7.0 7.0 5.0 5.0 6.0 0.0 3.0 8.0 4.0 9.0 9.0 4.0 10.0 4.0 9.0 4.0 6.0 6.0 9.0 10.0 2.0
16 6.0 6.0 7.0 4.0 10.0 10.0 8.0 2.0 6.0 8.0 3.0 5.0 6.0 7.0 3.0 0.0 1.0 1.0 1.0 4.0 6.0 2.0 2.0 8.0 3.0 3.0 3.0 6.0 2.0 8.0
17 10.0 8.0 1.0 4.0 8.0 7.0 9.0 9.0 9.0 8.0 5.0 1.0 2.0 3.0 8.0 1.0 0.0 4.0 1.0 7.0 6.0 9.0 10.0 2.0 2.0 1.0 6.0 10.0 5.0 9.0
18 6.0 2.0 6.0 9.0 6.0 7.0 8.0 5.0 7.0 7.0 3.0 10.0 2.0 4.0 4.0 1.0 4.0 0.0 3.0 2.0 1.0 5.0 5.0 1.0 3.0 7.0 7.0 7.0 6.0 4.0
19 8.0 1.0 8.0 4.0 10.0 3.0 8.0 1.0 7.0 3.0 5.0 1.0 9.0 5.0 9.0 1.0 1.0 3.0 0.0 7.0 4.0 4.0 8.0 3.0 10.0 7.0 6.0 7.0 8.0 1.0
20 6.0 1.0 10.0 2.0 6.0 10.0 3.0 7.0 6.0 10.0 7.0 5.0 9.0 4.0 9.0 4.0 7.0 2.0 7.0 0.0 4.0 10.0 4.0 10.0 8.0 8.0 4.0 7.0 1.0 8.0
21 10.0 8.0 7.0 5.0 9.0 10.0 3.0 6.0 8.0 1.0 2.0 9.0 7.0 7.0 4.0 6.0 6.0 1.0 4.0 4.0 0.0 3.0 9.0 8.0 6.0 8.0 7.0 3.0 3.0 1.0
22 6.0 5.0 6.0 8.0 4.0 3.0 9.0 9.0 4.0 2.0 2.0 4.0 7.0 4.0 10.0 2.0 9.0 5.0 4.0 10.0 3.0 0.0 1.0 8.0 2.0 8.0 3.0 10.0 4.0 8.0
23 6.0 4.0 1.0 4.0 2.0 5.0 3.0 6.0 6.0 4.0 4.0 2.0 7.0 10.0 4.0 2.0 10.0 5.0 8.0 4.0 9.0 1.0 0.0 4.0 2.0 7.0 1.0 8.0 5.0 1.0
24 9.0 1.0 2.0 4.0 7.0 6.0 6.0 10.0 5.0 9.0 4.0 1.0 5.0 2.0 9.0 8.0 2.0 1.0 3.0 10.0 8.0 8.0 4.0 0.0 5.0 7.0 8.0 3.0 6.0 7.0
25 3.0 6.0 4.0 10.0 7.0 7.0 1.0 3.0 6.0 2.0 7.0 2.0 8.0 1.0 4.0 3.0 2.0 3.0 10.0 8.0 6.0 2.0 2.0 5.0 0.0 1.0 8.0 2.0 6.0 5.0
26 10.0 3.0 4.0 7.0 9.0 5.0 6.0 5.0 9.0 3.0 2.0 4.0 9.0 3.0 6.0 3.0 1.0 7.0 7.0 8.0 8.0 8.0 7.0 7.0 1.0 0.0 2.0 8.0 8.0 2.0
27 2.0 3.0 1.0 3.0 10.0 3.0 2.0 6.0 10.0 9.0 8.0 2.0 2.0 4.0 6.0 3.0 6.0 7.0 6.0 4.0 7.0 3.0 1.0 8.0 8.0 2.0 0.0 8.0 9.0 7.0
28 1.0 5.0 8.0 9.0 2.0 3.0 2.0 10.0 10.0 5.0 7.0 1.0 4.0 7.0 9.0 6.0 10.0 7.0 7.0 7.0 3.0 10.0 8.0 3.0 2.0 8.0 8.0 0.0 1.0 8.0
29 1.0 4.0 8.0 10.0 1.0 7.0 5.0 2.0 2.0 6.0 9.0 2.0 3.0 2.0 10.0 2.0 5.0 6.0 8.0 1.0 3.0 4.0 5.0 6.0 6.0 8.0 9.0 1.0 0.0 2.0
30 9.0 1.0 3.0 9.0 8.0 10.0 3.0 5.0 6.0 1.0 10.0 2.0 10.0 7.0 2.0 8.0 9.0 4.0 1.0 8.0 1.0 8.0 1.0 7.0 5.0 2.0 7.0 8.0 2.0 0.0
