20
1 0.0 0.0449445316 0.0480914174 0.0060849088 0.0560072901 0.0848490274 0.02896326 0.0737944897 0.0488909601 0.0599185903 0.0720080518 0.0503778297 0.0548803029 0.0457395704 0.0545406073 0.0581319435 0.0862422422 0.029361428 0.0681126315 0.0290609173
2 0.0449445316 0.0 0.0828811736 0.0441771006 0.0441730825 0.0586290546 0.0662886857 0.0503901323 0.0355345497 0.0435227089 0.0433533672 0.0775218403 0.0247198772 0.0735910845 0.0364456896 0.0253772741 0.0717173235 0.0840270912 0.0666068851 0.026098548
3 0.0480914174 0.0828811736 0.0 0.0726972913 0.0572870716 0.0753209781 0.0579152851 0.0258003414 0.0575160433 0.0221442162 0.057336715 0.0464679208 0.0439311372 0.0492726345 0.0223005395 0.0513560747 0.0319864602 0.0694485136 0.0732994306 0.0549467558
4 0.0060849088 0.0441771006 0.0726972913 0.0 0.0353245453 0.056881031 0.0248943783 0.0055977723 0.0883608826 0.0210253992 0.0728948796 0.0206697376 0.0537417734 0.0782264771 0.0652605682 0.0753306635 0.0852174993 0.0373861598 0.0560088835 0.1002200485
5 0.0560072901 0.0441730825 0.0572870716 0.0353245453 0.0 0.0809256515 0.0493452935 0.0323136548 0.0739471758 0.0264772794 0.0557763773 0.0464071806 0.0577651169 0.0496678728 0.052676761 0.0621459515 0.0350977681 0.0502512038 0.0674967221 0.066914001
6 0.0848490274 0.0586290546 0.0753209781 0.056881031 0.0809256515 0.0 0.0394257808 0.0572924992 0.0590735974 0.0324248164 0.0295776944 0.0478185038 0.0522473067 0.0325134412 0.0381202613 0.1052151815 0.0481012864 0.034691286 0.023825592 0.0430670106
7 0.02896326 0.0662886857 0.0579152851 0.0248943783 0.0493452935 0.0394257808 0.0 0.0633823068 0.0416407114 0.0407398842 0.056030962 0.0309190697 0.0810164594 0.0719073341 0.0775588669 0.0351491519 0.0643981842 0.0791962775 0.0421749127 0.0490531958
8 0.0737944897 0.0503901323 0.0258003414 0.0055977723 0.0323136548 0.0572924992 0.0633823068 0.0 0.0753398214 0.0973292187 0.026284922 0.0504773336 0.0751977673 0.0792985728 0.0541841499 0.0801525494 0.0398160715 0.0212407112 0.0149046098 0.0772030758
9 0.0488909601 0.0355345497 0.0575160433 0.0883608826 0.0739471758 0.0590735974 0.0416407114 0.0753398214 0.0 0.0864533556 0.0407565218 0.0489582991 0.0922681681 0.0270450451 0.0265641289 0.0472965242 0.0135697308 0.0305959395 0.0634844267 0.0427041185
10 0.0599185903 0.0435227089 0.0221442162 0.0210253992 0.0264772794 0.0324248164 0.0407398842 0.0973292187 0.0864533556 0.0 0.0771033515 0.0621591069 0.0198995126 0.0575946402 0.0723264653 0.0559109478 0.0490120549 0.0715185792 0.0348451 0.0695947726
11 0.0720080518 0.0433533672 0.057336715 0.0728948796 0.0557763773 0.0295776944 0.056030962 0.026284922 0.0407565218 0.0771033515 0.0 0.0736443323 0.042659789 0.0194299541 0.080157029 0.0620212262 0.0388952949 0.0580371635 0.066803221 0.0272291477
12 0.0503778297 0.0775218403 0.0464679208 0.0206697376 0.0464071806 0.0478185038 0.0309190697 0.0504773336 0.0489582991 0.0621591069 0.0736443323 0.0 0.0548994568 0.0333916635 0.0531840541 0.0548999226 0.0657989679 0.0832221114 0.0494547829 0.0497278865
13 0.0548803029 0.0247198772 0.0439311372 0.0537417734 0.0577651169 0.0522473067 0.0810164594 0.0751977673 0.0922681681 0.0198995126 0.042659789 0.0548994568 0.0 0.0730986291 0.0333340573 0.0370515473 0.0780944537 0.0467525968 0.0347429745 0.0436990738
14 0.0457395704 0.0735910845 0.0492726345 0.0782264771 0.0496678728 0.0325134412 0.0719073341 0.0792985728 0.0270450451 0.0575946402 0.0194299541 0.0333916635 0.0730986291 0.0 0.0524581766 0.0347642942 0.0637378544 0.0964911172 0.0468001117 0.0149715268
15 0.0545406073 0.0364456896 0.0223005395 0.0652605682 0.052676761 0.0381202613 0.0775588669 0.0541841499 0.0265641289 0.0723264653 0.080157029 0.0531840541 0.0333340573 0.0524581766 0.0 0.0437058413 0.0372569134 0.080352648 0.0622515107 0.0573217317
16 0.0581319435 0.0253772741 0.0513560747 0.0753306635 0.0621459515 0.1052151815 0.0351491519 0.0801525494 0.0472965242 0.0559109478 0.0620212262 0.0548999226 0.0370515473 0.0347642942 0.0437058413 0.0 0.0634552547 0.0104369788 0.0527790074 0.0448196655
17 0.0862422422 0.0717173235 0.0319864602 0.0852174993 0.0350977681 0.0481012864 0.0643981842 0.0398160715 0.0135697308 0.0490120549 0.0388952949 0.0657989679 0.0780944537 0.0637378544 0.0372569134 0.0634552547 0.0 0.0257408015 0.0551422071 0.0467196312
18 0.029361428 0.0840270912 0.0694485136 0.0373861598 0.0502512038 0.034691286 0.0791962775 0.0212407112 0.0305959395 0.0715185792 0.0580371635 0.0832221114 0.0467525968 0.0964911172 0.080352648 0.0104369788 0.0257408015 0.0 0.0279337452 0.0633156477
19 0.0681126315 0.0666068851 0.0732994306 0.0560088835 0.0674967221 0.023825592 0.0421749127 0.0149046098 0.0634844267 0.0348451 0.066803221 0.0494547829 0.0347429745 0.0468001117 0.0622515107 0.0527790074 0.0551422071 0.0279337452 0.0 0.0933332455
20 0.0290609173 0.026098548 0.0549467558 0.1002200485 0.066914001 0.0430670106 0.0490531958 0.0772030758 0.0427041185 0.0695947726 0.0272291477 0.0497278865 0.0436990738 0.0149715268 0.0573217317 0.0448196655 0.0467196312 0.0633156477 0.0933332455 0.0
