32
1 0.0328175968 0.0368418579 0.0100364822 0.0445125694 0.0208192712 0.0288682188 0.024359173 0.0430055466 0.0118561588 0.0547031885 0.0516140195 0.035279262 0.0032403502 0.0184814819 0.0328751864 0.0110368187 0.0041259934 0.0338572537 0.0395899322 0.052441917 0.0549321843 0.033012322 0.0323298914 0.0398936355 0.0376852528 0.0150597557 0.0473526349 0.0337970949 0.0183560243 0.0094319902 0.04646096 0.0413259761 
2 0.0368418579 0.0549509425 0.0316129577 0.0199392766 0.0145574004 0.0300593631 0.0337251347 0.0362950455 0.0209557089 0.0221121928 0.0310206299 0.0571457623 0.0218750884 0.0423762573 0.0467095426 0.023862177 0.0363117247 0.0151554643 0.0462774741 0.0435724551 0.0161625315 0.0195971528 0.0229191744 0.0324631069 0.0488874894 0.01254046 0.0199722218 0.0281135307 0.0275595818 0.0109223614 0.0515441955 0.043961738 
3 0.0100364822 0.0316129577 0.0 0.0229743396 0.0069240415 0.0398331141 0.0219501789 0.0268364734 0.0236990422 0.0304878314 0.0398552796 0.0157389158 0.0041377262 0.0323084479 0.0457502189 0.0814887861 0.0239245843 0.0190816438 0.0302878074 0.0462968982 0.0280644382 0.0579124174 0.0397570309 0.0416175166 0.0483754733 0.0477783495 0.0226295002 0.0316679466 0.0436808175 0.022455471 0.024094218 0.0387420515 
4 0.0445125694 0.0199392766 0.0229743396 0.0149515141 0.0456564412 0.0360904144 0.0224899726 0.0250843399 0.0383994227 0.0271524131 0.0248486465 0.0355902951 0.0660982929 0.0379888058 0.0060788717 0.017215154 0.0459425192 0.0541027747 0.0296119508 0.0166045335 0.0188685413 0.0493021507 0.0234032264 0.0553902361 0.0322141532 0.0190017328 0.0256135437 0.0109125064 0.044979009 0.0383682031 0.0342371845 0.0163769649 
5 0.0208192712 0.0145574004 0.0069240415 0.0456564412 0.0188802871 0.0385352792 0.0275114445 0.0167146892 0.0423826067 0.0288274381 0.034902731 0.0295754823 0.0391824565 0.0132104049 0.0128634777 0.0245116008 0.0188234039 0.0371491184 0.0361714907 0.0777207209 0.0396896665 0.0449550274 0.0379158041 0.0166807484 0.0239690485 0.0211409034 0.0250408167 0.0501147876 0.0328274601 0.0489008282 0.0480613044 0.0257838184 
6 0.0288682188 0.0300593631 0.0398331141 0.0360904144 0.0385352792 0.0269355392 0.067142082 0.020652946 0.0306213575 0.0179098743 0.0253133484 0.0320280272 0.0124473626 0.0561465404 0.0407791242 0.0168344196 0.0271849922 0.0181134329 0.0282927134 0.0269953572 0.0248022848 0.0562220442 0.0393453505 0.0020830263 0.0245865153 0.01270144 0.0625970067 0.0284836463 0.0269891756 0.0337318732 0.0149832916 0.0526908386 
7 0.024359173 0.0337251347 0.0219501789 0.0224899726 0.0275114445 0.067142082 0.0139497423 0.0197543497 0.0265855505 0.0397932301 0.0378121285 0.0376197547 0.0350680847 0.0428501167 0.0219672509 0.023986329 0.0174362111 0.0247148529 0.0225459488 0.0308443576 0.0351855116 0.046547425 0.03084469 0.0295725778 0.0455062727 0.0542922697 0.0295949949 0.0301436286 0.0310818356 0.0377407066 0.0315129172 0.0058712769 
8 0.0430055466 0.0362950455 0.0268364734 0.0250843399 0.0167146892 0.020652946 0.0197543497 0.0587127909 0.0361872392 0.0376149629 0.0177293774 0.0195252705 0.0287589828 0.0581691289 0.0312528182 0.0251894595 0.0296375749 0.0189760201 0.0527600818 0.0190680971 0.0299677207 0.0282828851 0.0415778885 0.0325953365 0.027643779 0.0459496354 0.046378437 0.0136711612 0.0327175876 0.0230363788 0.0156747841 0.0405792114 
9 0.0118561588 0.0209557089 0.0236990422 0.0383994227 0.0423826067 0.0306213575 0.0265855505 0.0361872392 0.0477306302 0.0210067533 0.0362267253 0.0327970063 0.0362959327 0.0173133268 0.0323449748 0.0145297256 0.0436184562 0.0310217424 0.0087380021 0.0241657279 0.0165787731 0.0405432562 0.0315964466 0.0585286832 0.032765861 0.0523842326 0.0482543488 0.0234981913 0.0147525283 0.0229760677 0.0570545764 0.0245909449 
10 0.0547031885 0.0221121928 0.0304878314 0.0271524131 0.0288274381 0.0179098743 0.0397932301 0.0376149629 0.0210067533 0.041065022 0.0161537003 0.0142132371 0.0480747975 0.0155480295 0.0350681236 0.0475143858 0.0297958151 0.0400217945 0.0288207154 0.0229271953 0.0281438691 0.0075653829 0.0548843776 0.0362948911 0.0118928299 0.043521584 0.036619954 0.050019461 0.0170094682 0.0147272043 0.0361367623 0.044373515 
11 0.0516140195 0.0310206299 0.0398552796 0.0248486465 0.034902731 0.0253133484 0.0378121285 0.0177293774 0.0362267253 0.0161537003 0.0807400652 0.0138572837 0.0308833226 0.0491469521 0.0204523329 0.0538979635 0.017139462 0.0093178388 0.0258316289 0.0180445314 0.0267199439 0.0172374109 0.0091612195 0.0515560162 0.0215922579 0.0470551268 0.0362357562 0.0297288369 0.0247552462 0.0433268849 0.0109066222 0.0469367109 
12 0.035279262 0.0571457623 0.0157389158 0.0355902951 0.0295754823 0.0320280272 0.0376197547 0.0195252705 0.0327970063 0.0142132371 0.0138572837 0.0294979373 0.0613035398 0.0224880848 0.04929435 0.0373859136 0.0165287383 0.0266907243 0.0252050378 0.0231528281 0.0357015372 0.0299057047 0.0353298019 0.0113744898 0.0418714742 0.0135908973 0.0139266114 0.0280729602 0.0254033035 0.044267014 0.0697412645 0.0358974906 
13 0.0032403502 0.0218750884 0.0041377262 0.0660982929 0.0391824565 0.0124473626 0.0350680847 0.0287589828 0.0362959327 0.0480747975 0.0308833226 0.0613035398 0.0124125329 0.0404987771 0.0194793681 0.0531285973 0.0115776938 0.03264804 0.0284698781 0.0756546714 0.0297274268 0.0208323514 0.0275453274 0.0252556047 0.0249845257 0.0197864207 0.0198511069 0.027589375 0.0226962671 0.0444757082 0.0304339584 0.045586432 
14 0.0184814819 0.0423762573 0.0323084479 0.0379888058 0.0132104049 0.0561465404 0.0428501167 0.0581691289 0.0173133268 0.0155480295 0.0491469521 0.0224880848 0.0404987771 0.0180566716 0.0075602442 0.0387941814 0.0301721239 0.0200361747 0.0349211815 0.0459568651 0.0350554849 0.007122692 0.0416014494 0.0261771817 0.0357880062 0.0211867364 0.0068838692 0.031322675 0.0683095127 0.0349932384 0.0096195854 0.0399157724 
15 0.0328751864 0.0467095426 0.0457502189 0.0060788717 0.0128634777 0.0407791242 0.0219672509 0.0312528182 0.0323449748 0.0350681236 0.0204523329 0.04929435 0.0194793681 0.0075602442 0.01533876 0.0527984347 0.0367373651 0.0226483644 0.0262625072 0.0702458905 0.0088425232 0.0461304233 0.0336907817 0.0317527297 0.0278163377 0.0299584446 0.0430260099 0.0165499934 0.0370885843 0.0484817129 0.0229744977 0.0271807555 
16 0.0110368187 0.023862177 0.0814887861 0.017215154 0.0245116008 0.0168344196 0.023986329 0.0251894595 0.0145297256 0.0475143858 0.0538979635 0.0373859136 0.0531285973 0.0387941814 0.0527984347 0.0419863733 0.0420984877 0.0235489151 0.0174112578 0.01221975 0.02487101 0.0190844837 0.0404614965 0.0107109443 0.0111442619 0.0559168212 0.0297435267 0.0260456303 0.035083132 0.0182220722 0.0319178602 0.0373600304 
17 0.0041259934 0.0363117247 0.0239245843 0.0459425192 0.0188234039 0.0271849922 0.0174362111 0.0296375749 0.0436184562 0.0297958151 0.017139462 0.0165287383 0.0115776938 0.0301721239 0.0367373651 0.0420984877 0.0212329066 0.0460480652 0.0259464076 0.0197401988 0.0608788211 0.0404384131 0.04356766 0.0195688551 0.0471040276 0.0225293445 0.0354376288 0.0598768944 0.015142983 0.0311532106 0.036872009 0.0434074291 
18 0.0338572537 0.0151554643 0.0190816438 0.0541027747 0.0371491184 0.0181134329 0.0247148529 0.0189760201 0.0310217424 0.0400217945 0.0093178388 0.0266907243 0.03264804 0.0200361747 0.0226483644 0.0235489151 0.0460480652 0.0156107466 0.0255715888 0.0304359506 0.0635352517 0.0200088878 0.0334417176 0.076837143 0.0290672758 0.0288611388 0.0415233712 0.0744959588 0.0362023921 0.0227280126 0.0079389154 0.020609429 
19 0.0395899322 0.0462774741 0.0302878074 0.0296119508 0.0361714907 0.0282927134 0.0225459488 0.0527600818 0.0087380021 0.0288207154 0.0258316289 0.0252050378 0.0284698781 0.0349211815 0.0262625072 0.0174112578 0.0259464076 0.0255715888 0.0585612931 0.0373920774 0.028242079 0.0151837069 0.0322389273 0.0218330886 0.0611046705 0.037075329 0.0600236849 0.0050461125 0.0257318424 0.0411960484 0.0180824688 0.0255730667 
20 0.052441917 0.0435724551 0.0462968982 0.0166045335 0.0777207209 0.0269953572 0.0308443576 0.0190680971 0.0241657279 0.0229271953 0.0180445314 0.0231528281 0.0756546714 0.0459568651 0.0702458905 0.01221975 0.0197401988 0.0304359506 0.0373920774 0.0033009549 0.0171191238 0.0265895295 0.0262118063 0.0313087275 0.0428263361 0.0328640192 0.0217859811 0.0244396437 0.0246246723 0.0233691141 0.0259398151 0.0061402533 
21 0.0549321843 0.0161625315 0.0280644382 0.0188685413 0.0396896665 0.0248022848 0.0351855116 0.0299677207 0.0165787731 0.0281438691 0.0267199439 0.0357015372 0.0297274268 0.0350554849 0.0088425232 0.02487101 0.0608788211 0.0635352517 0.028242079 0.0171191238 0.0259353309 0.012136849 0.0251734224 0.0393040721 0.0309493067 0.0238338624 0.0466861279 0.036187484 0.0265679584 0.0191903383 0.0453987215 0.0455478037 
22 0.033012322 0.0195971528 0.0579124174 0.0493021507 0.0449550274 0.0562220442 0.046547425 0.0282828851 0.0405432562 0.0075653829 0.0172374109 0.0299057047 0.0208323514 0.007122692 0.0461304233 0.0190844837 0.0404384131 0.0200088878 0.0151837069 0.0265895295 0.012136849 0.0293658602 0.0239040718 0.0266044122 0.0050829432 0.0440960344 0.0378666431 0.0456295736 0.0256759344 0.0561603707 0.0325908565 0.0344127842 
23 0.0323298914 0.0229191744 0.0397570309 0.0234032264 0.0379158041 0.0393453505 0.03084469 0.0415778885 0.0315964466 0.0548843776 0.0091612195 0.0353298019 0.0275453274 0.0416014494 0.0336907817 0.0404614965 0.04356766 0.0334417176 0.0322389273 0.0262118063 0.0251734224 0.0239040718 0.0342926551 0.0054492534 0.0338481745 0.0211064919 0.0386926134 0.0212684031 0.033729216 0.026174573 0.0246422369 0.0338948203 
24 0.0398936355 0.0324631069 0.0416175166 0.0553902361 0.0166807484 0.0020830263 0.0295725778 0.0325953365 0.0585286832 0.0362948911 0.0515560162 0.0113744898 0.0252556047 0.0261771817 0.0317527297 0.0107109443 0.0195688551 0.076837143 0.0218330886 0.0313087275 0.0393040721 0.0266044122 0.0054492534 0.0571625539 0.0091230218 0.0335985905 0.0257155733 0.0046671962 0.0300070644 0.0266711013 0.0484053642 0.0417972577 
25 0.0376852528 0.0488874894 0.0483754733 0.0322141532 0.0239690485 0.0245865153 0.0455062727 0.027643779 0.032765861 0.0118928299 0.0215922579 0.0418714742 0.0249845257 0.0357880062 0.0278163377 0.0111442619 0.0471040276 0.0290672758 0.0611046705 0.0428263361 0.0309493067 0.0050829432 0.0338481745 0.0091230218 0.0125906829 0.0332851971 0.0203530781 0.0223822518 0.0664938911 0.035075262 0.039337102 0.0146532401 
26 0.0150597557 0.01254046 0.0477783495 0.0190017328 0.0211409034 0.01270144 0.0542922697 0.0459496354 0.0523842326 0.043521584 0.0470551268 0.0135908973 0.0197864207 0.0211867364 0.0299584446 0.0559168212 0.0225293445 0.0288611388 0.037075329 0.0328640192 0.0238338624 0.0440960344 0.0211064919 0.0335985905 0.0332851971 0.0231575584 0.0348786463 0.0298509787 0.0172071021 0.0552892013 0.0319900421 0.0185116531 
27 0.0473526349 0.0199722218 0.0226295002 0.0256135437 0.0250408167 0.0625970067 0.0295949949 0.046378437 0.0482543488 0.036619954 0.0362357562 0.0139266114 0.0198511069 0.0068838692 0.0430260099 0.0297435267 0.0354376288 0.0415233712 0.0600236849 0.0217859811 0.0466861279 0.0378666431 0.0386926134 0.0257155733 0.0203530781 0.0348786463 0.0361530097 0.0207834721 0.0267976381 0.008105031 0.0073391088 0.0241380533 
28 0.0337970949 0.0281135307 0.0316679466 0.0109125064 0.0501147876 0.0284836463 0.0301436286 0.0136711612 0.0234981913 0.050019461 0.0297288369 0.0280729602 0.027589375 0.031322675 0.0165499934 0.0260456303 0.0598768944 0.0744959588 0.0050461125 0.0244396437 0.036187484 0.0456295736 0.0212684031 0.0046671962 0.0223822518 0.0298509787 0.0207834721 0.0333053523 0.0422780667 0.0468692922 0.0519933793 0.0211945153 
29 0.0183560243 0.0275595818 0.0436808175 0.044979009 0.0328274601 0.0269891756 0.0310818356 0.0327175876 0.0147525283 0.0170094682 0.0247552462 0.0254033035 0.0226962671 0.0683095127 0.0370885843 0.035083132 0.015142983 0.0362023921 0.0257318424 0.0246246723 0.0265679584 0.0256759344 0.033729216 0.0300070644 0.0664938911 0.0172071021 0.0267976381 0.0422780667 0.0460877491 0.0351781893 0.0103100441 0.0346757228 
30 0.0094319902 0.0109223614 0.022455471 0.0383682031 0.0489008282 0.0337318732 0.0377407066 0.0230363788 0.0229760677 0.0147272043 0.0433268849 0.044267014 0.0444757082 0.0349932384 0.0484817129 0.0182220722 0.0311532106 0.0227280126 0.0411960484 0.0233691141 0.0191903383 0.0561603707 0.026174573 0.0266711013 0.035075262 0.0552892013 0.008105031 0.0468692922 0.0351781893 0.0168260768 0.0236991574 0.036257306 
31 0.04646096 0.0515441955 0.024094218 0.0342371845 0.0480613044 0.0149832916 0.0315129172 0.0156747841 0.0570545764 0.0361367623 0.0109066222 0.0697412645 0.0304339584 0.0096195854 0.0229744977 0.0319178602 0.036872009 0.0079389154 0.0180824688 0.0259398151 0.0453987215 0.0325908565 0.0246422369 0.0484053642 0.039337102 0.0319900421 0.0073391088 0.0519933793 0.0103100441 0.0236991574 0.0280936587 0.0320131378 
32 0.0413259761 0.043961738 0.0387420515 0.0163769649 0.0257838184 0.0526908386 0.0058712769 0.0405792114 0.0245909449 0.044373515 0.0469367109 0.0358974906 0.045586432 0.0399157724 0.0271807555 0.0373600304 0.0434074291 0.020609429 0.0255730667 0.0061402533 0.0455478037 0.0344127842 0.0338948203 0.0417972577 0.0146532401 0.0185116531 0.0241380533 0.0211945153 0.0346757228 0.036257306 0.0320131378 0.0 
