25
1 0.0 0.0366647979 0.0553739022 0.0391089442 0.0505656705 0.0372868284 0.0343994785 0.0380908496 0.0484596495 0.0535905226 0.0183855219 0.0385387822 0.0761726982 0.0410039425 0.0302865565 0.0576925766 0.0515433109 0.0048682583 0.0507376989 0.0390438513 0.0709103163 0.0179441502 0.0403421061 0.0517470095 0.0172425774
2 0.0366647979 0.0 0.0214181423 0.0613861611 0.0351303851 0.0342667492 0.0405374309 0.048393518 0.0481470277 0.0621722365 0.0271208305 0.0440168579 0.0404229084 0.0079305206 0.0685849659 0.0569507489 0.0494957287 0.0646748864 0.0756835889 0.0166695543 0.055501355 0.020164136 0.034488214 0.0388593163 0.0113199395
3 0.0553739022 0.0214181423 0.0 0.0549182319 0.0369542247 0.0794776603 0.0107960351 0.04924475 0.0379824629 0.0459965869 0.0553026139 0.0328845707 0.0337720882 0.0051636202 0.0769689896 0.0588420411 0.0346785346 0.0315885045 0.0412240808 0.0789046952 0.0283361418 0.0506738889 0.0132413324 0.013556515 0.0527003868
4 0.0391089442 0.0613861611 0.0549182319 0.0 0.0411707802 0.0490673053 0.0299933042 0.0563489853 0.0383221287 0.0162579515 0.0314818961 0.0416656822 0.029981134 0.0154474609 0.006273187 0.0265960096 0.0325141911 0.057198713 0.0238829085 0.0447326397 0.0694324691 0.0320815343 0.0711112682 0.0871836935 0.0438434206
5 0.0505656705 0.0351303851 0.0369542247 0.0411707802 0.0 0.0506182626 0.0515565489 0.0435945795 0.0352686844 0.0358509983 0.0425073388 0.0408459321 0.043363231 0.0389614812 0.0472379771 0.0330562618 0.0187597377 0.0359904975 0.051393637 0.0451846642 0.0370716345 0.0511438859 0.0455571949 0.0353552135 0.0528611786
6 0.0372868284 0.0342667492 0.0794776603 0.0490673053 0.0506182626 0.0 0.0455138879 0.0354815439 0.0490573755 0.0526899295 0.0395516115 0.0463063856 0.0163047383 0.063462609 0.0196495038 0.0347750864 0.007870336 0.0550432509 0.0265354698 0.0533914502 0.0306865199 0.0164914694 0.0700447893 0.0436082577 0.0428189801
7 0.0343994785 0.0405374309 0.0107960351 0.0299933042 0.0515565489 0.0455138879 0.0 0.0626272371 0.0215973351 0.0472463845 0.0502296667 0.0417941984 0.012028641 0.0682816626 0.0366260321 0.0422316168 0.0501720014 0.0229851108 0.0554639721 0.0677420279 0.0610787495 0.0528641383 0.0576913585 0.0231097233 0.0134334584
8 0.0380908496 0.048393518 0.04924475 0.0563489853 0.0435945795 0.0354815439 0.0626272371 0.0 0.0413798754 0.0517569825 0.0467614283 0.0449083023 0.028144312 0.036627354 0.0217227542 0.0326626981 0.0347961368 0.0351444983 0.0488793139 0.0339242621 0.0212393276 0.0636207966 0.0465325121 0.0625628059 0.0155551766
9 0.0484596495 0.0481470277 0.0379824629 0.0383221287 0.0352686844 0.0490573755 0.0215973351 0.0413798754 0.0 0.0284248768 0.0628300633 0.0415616888 0.0504649743 0.0473043097 0.0351048451 0.0253767191 0.0415972035 0.0202739176 0.0485146664 0.0253806989 0.0342853855 0.0696118974 0.0307157911 0.0666533275 0.0516850959
10 0.0535905226 0.0621722365 0.0459965869 0.0162579515 0.0358509983 0.0526899295 0.0472463845 0.0517569825 0.0284248768 0.0 0.0129764321 0.0145269205 0.0610192484 0.0776406512 0.0653458509 0.0346722762 0.0533971627 0.0416293464 0.0342032479 0.0651327343 0.0459212854 0.0572496298 0.0201613724 0.0066504933 0.0154868796
11 0.0183855219 0.0271208305 0.0553026139 0.0314818961 0.0425073388 0.0395516115 0.0502296667 0.0467614283 0.0628300633 0.0129764321 0.0 0.0162947367 0.0591931671 0.0423251192 0.0364545364 0.0457750751 0.0380496127 0.0610138035 0.0561048258 0.0351196478 0.0588706677 0.0296441628 0.0427049324 0.0413889252 0.0499133845
12 0.0385387822 0.0440168579 0.0328845707 0.0416656822 0.0408459321 0.0463063856 0.0417941984 0.0449083023 0.0415616888 0.0145269205 0.0162947367 0.0 0.048132028 0.0221161749 0.0608109 0.0492965518 0.0159680921 0.0366834131 0.0419334063 0.0409837641 0.0455681655 0.0668736357 0.0419924004 0.046698307 0.0795991036
13 0.0761726982 0.0404229084 0.0337720882 0.029981134 0.043363231 0.0163047383 0.012028641 0.028144312 0.0504649743 0.0610192484 0.0591931671 0.048132028 0.0 0.0361523947 0.0116550084 0.0650819379 0.062998791 0.0538598307 0.0089444435 0.040890844 0.0242648478 0.0227404459 0.0448671212 0.062768881 0.0667762852
14 0.0410039425 0.0079305206 0.0051636202 0.0154474609 0.0389614812 0.063462609 0.0682816626 0.036627354 0.0473043097 0.0776406512 0.0423251192 0.0221161749 0.0361523947 0.0 0.0398812408 0.033359174 0.0488993879 0.0480741541 0.0624174331 0.0194512063 0.0675541707 0.0422512479 0.0376749085 0.0577289848 0.0402907911
15 0.0302865565 0.0685849659 0.0769689896 0.006273187 0.0472379771 0.0196495038 0.0366260321 0.0217227542 0.0351048451 0.0653458509 0.0364545364 0.0608109 0.0116550084 0.0398812408 0.0 0.0443963869 0.0441661741 0.0528313812 0.0622678606 0.0379428635 0.0438578943 0.0436113566 0.0431418572 0.0321344142 0.0390474639
16 0.0576925766 0.0569507489 0.0588420411 0.0265960096 0.0330562618 0.0347750864 0.0422316168 0.0326626981 0.0253767191 0.0346722762 0.0457750751 0.0492965518 0.0650819379 0.033359174 0.0443963869 0.0 0.0404140536 0.0555228986 0.0055994285 0.0367335746 0.0441411676 0.0283432582 0.0565574206 0.0495740517 0.0423489863
17 0.0515433109 0.0494957287 0.0346785346 0.0325141911 0.0187597377 0.007870336 0.0501720014 0.0347961368 0.0415972035 0.0533971627 0.0380496127 0.0159680921 0.062998791 0.0488993879 0.0441661741 0.0404140536 0.0 0.0451197884 0.0530572828 0.0454342727 0.0546281216 0.0349286539 0.0319714912 0.0585685201 0.0509714146
18 0.0048682583 0.0646748864 0.0315885045 0.057198713 0.0359904975 0.0550432509 0.0229851108 0.0351444983 0.0202739176 0.0416293464 0.0610138035 0.0366834131 0.0538598307 0.0480741541 0.0528313812 0.0555228986 0.0451197884 0.0 0.0433586947 0.0195830276 0.0347049723 0.0353787505 0.0428452342 0.0340680925 0.0675589749
19 0.0507376989 0.0756835889 0.0412240808 0.0238829085 0.051393637 0.0265354698 0.0554639721 0.0488793139 0.0485146664 0.0342032479 0.0561048258 0.0419334063 0.0089444435 0.0624174331 0.0622678606 0.0055994285 0.0530572828 0.0433586947 0.0 0.0286602486 0.0349616124 0.028995078 0.0355488145 0.0255243649 0.0561079223
20 0.0390438513 0.0166695543 0.0789046952 0.0447326397 0.0451846642 0.0533914502 0.0677420279 0.0339242621 0.0253806989 0.0651327343 0.0351196478 0.0409837641 0.040890844 0.0194512063 0.0379428635 0.0367335746 0.0454342727 0.0195830276 0.0286602486 0.0 0.0396340863 0.074340955 0.0318342619 0.0322235423 0.0470611273
21 0.0709103163 0.055501355 0.0283361418 0.0694324691 0.0370716345 0.0306865199 0.0610787495 0.0212393276 0.0342853855 0.0459212854 0.0588706677 0.0455681655 0.0242648478 0.0675541707 0.0438578943 0.0441411676 0.0546281216 0.0347049723 0.0349616124 0.0396340863 0.0 0.0390348908 0.0269293665 0.0162063314 0.0151805204
22 0.0179441502 0.020164136 0.0506738889 0.0320815343 0.0511438859 0.0164914694 0.0528641383 0.0636207966 0.0696118974 0.0572496298 0.0296441628 0.0668736357 0.0227404459 0.0422512479 0.0436113566 0.0283432582 0.0349286539 0.0353787505 0.028995078 0.074340955 0.0390348908 0.0 0.0315528361 0.0176938171 0.0727653848
23 0.0403421061 0.034488214 0.0132413324 0.0711112682 0.0455571949 0.0700447893 0.0576913585 0.0465325121 0.0307157911 0.0201613724 0.0427049324 0.0419924004 0.0448671212 0.0376749085 0.0431418572 0.0565574206 0.0319714912 0.0428452342 0.0355488145 0.0318342619 0.0269293665 0.0315528361 0.0 0.0715986406 0.0308947757
24 0.0517470095 0.0388593163 0.013556515 0.0871836935 0.0353552135 0.0436082577 0.0231097233 0.0625628059 0.0666533275 0.0066504933 0.0413889252 0.046698307 0.062768881 0.0577289848 0.0321344142 0.0495740517 0.0585685201 0.0340680925 0.0255243649 0.0322235423 0.0162063314 0.0176938171 0.0715986406 0.0 0.0245367717
25 0.0172425774 0.0113199395 0.0527003868 0.0438434206 0.0528611786 0.0428189801 0.0134334584 0.0155551766 0.0516850959 0.0154868796 0.0499133845 0.0795991036 0.0667762852 0.0402907911 0.0390474639 0.0423489863 0.0509714146 0.0675589749 0.0561079223 0.0470611273 0.0151805204 0.0727653848 0.0308947757 0.0245367717 0.0
