30
1 0.0 10.0 5.0 6.0 9.0 6.0 9.0 1.0 4.0 1.0 10.0 10.0 10.0 6.0 5.0 4.0 9.0 9.0 1.0 8.0 1.0 1.0 7.0 9.0 9.0 4.0 8.0 10.0 6.0 10.0
2 10.0 0.0 5.0 1.0 10.0 5.0 7.0 4.0 10.0 5.0 10.0 9.0 2.0 4.0 7.0 5.0 1.0 6.0 7.0 7.0 10.0 5.0 5.0 9.0 4.0 2.0 10.0 4.0 9.0 9.0
3 5.0 5.0 0.0 6.0 1.0 6.0 3.0 4.0 6.0 4.0 7.0 2.0 4.0 9.0 8.0 5.0 1.0 6.0 3.0 5.0 9.0 2.0 7.0 10.0 9.0 1.0 3.0 4.0 5.0 2.0
4 6.0 1.0 6.0 0.0 1.0 3.0 5.0 8.0 9.0 7.0 8.0 10.0 8.0 2.0 5.0 9.0 10.0 8.0 7.0 4.0 8.0 6.0 1.0 9.0 4.0 4.0 6.0 3.0 1.0 5.0
5 9.0 10.0 1.0 1.0 0.0 7.0 7.0 9.0 4.0 7.0 5.0 9.0 10.0 6.0 5.0 1.0 5.0 3.0 7.0 2.0 2.0 4.0 5.0 8.0 4.0 3.0 7.0 7.0 6.0 4.0
6 6.0 5.0 6.0 3.0 7.0 0.0 8.0 4.0 7.0 9.0 10.0 7.0 4.0 3.0 4.0 10.0 4.0 1.0 3.0 6.0 2.0 1.0 10.0 4.0 4.0 2.0 7.0 7.0 8.0 6.0
7 9.0 7.0 3.0 5.0 7.0 8.0 0.0 8.0 6.0 9.0 2.0 9.0 9.0 1.0 5.0 5.0 8.0 10.0 10.0 8.0 6.0 1.0 6.0 6.0 7.0 2.0 2.0 9.0 10.0 4.0
8 1.0 4.0 4.0 8.0 9.0 4.0 8.0 0.0 7.0 3.0 5.0 5.0 1.0 5.0 1.0 8.0 9.0 9.0 8.0 8.0 10.0 5.0 6.0 9.0 4.0 7.0 7.0 3.0 8.0 8.0
9 4.0 10.0 6.0 9.0 4.0 7.0 6.0 7.0 0.0 2.0 7.0 7.0 4.0 3.0 8.0 3.0 1.0 8.0 4.0 3.0 2.0 6.0 7.0 1.0 7.0 2.0 5.0 2.0 10.0 10.0
10 1.0 5.0 4.0 7.0 7.0 9.0 9.0 3.0 2.0 0.0 8.0 4.0 10.0 4.0 7.0 10.0 9.0 5.0 7.0 6.0 2.0 8.0 7.0 10.0 4.0 7.0 5.0 6.0 6.0 10.0
11 10.0 10.0 7.0 8.0 5.0 10.0 2.0 5.0 7.0 8.0 0.0 5.0 8.0 3.0 3.0 9.0 3.0 9.0 9.0 2.0 9.0 8.0 5.0 8.0 4.0 7.0 10.0 1.0 10.0 3.0
12 10.0 9.0 2.0 10.0 9.0 7.0 9.0 5.0 7.0 4.0 5.0 0.0 5.0 4.0 9.0 6.0 10.0 6.0 5.0 8.0 4.0 9.0 6.0 8.0 3.0 8.0 6.0 3.0 9.0 8.0
13 10.0 2.0 4.0 8.0 10.0 4.0 9.0 1.0 4.0 10.0 8.0 5.0 0.0 2.0 1.0 3.0 3.0 4.0 10.0 6.0 8.0 6.0 4.0 10.0 7.0 7.0 10.0 9.0 5.0 1.0
14 6.0 4.0 9.0 2.0 6.0 3.0 1.0 5.0 3.0 4.0 3.0 4.0 2.0 0.0 7.0 8.0 4.0 5.0 9.0 5.0 7.0 4.0 5.0 1.0 9.0 9.0 3.0 4.0 9.0 3.0
15 5.0 7.0 8.0 5.0 5.0 4.0 5.0 1.0 8.0 7.0 3.0 9.0 1.0 7.0 0.0 3.0 1.0 5.0 8.0 1.0 6.0 6.0 4.0 3.0 3.0 1.0 6.0 1.0 9.0 8.0
16 4.0 5.0 5.0 9.0 1.0 10.0 5.0 8.0 3.0 10.0 9.0 6.0 3.0 8.0 3.0 0.0 8.0 4.0 7.0 9.0 1.0 7.0 3.0 3.0 10.0 4.0 4.0 9.0 3.0 4.0
17 9.0 1.0 1.0 10.0 5.0 4.0 8.0 9.0 1.0 9.0 3.0 10.0 3.0 4.0 1.0 8.0 0.0 1.0 10.0 1.0 5.0 1.0 9.0 3.0 2.0 4.0 5.0 6.0 7.0 9.0
18 9.0 6.0 6.0 8.0 3.0 1.0 10.0 9.0 8.0 5.0 9.0 6.0 4.0 5.0 5.0 4.0 1.0 0.0 9.0 1.0 2.0 8.0 1.0 4.0 7.0 2.0 8.0 4.0 2.0 6.0
19 1.0 7.0 3.0 7.0 7.0 3.0 10.0 8.0 4.0 7.0 9.0 5.0 10.0 9.0 8.0 7.0 10.0 9.0 0.0 8.0 3.0 1.0 5.0 4.0 3.0 8.0 5.0 1.0 8.0 9.0
20 8.0 7.0 5.0 4.0 2.0 6.0 8.0 8.0 3.0 6.0 2.0 8.0 6.0 5.0 1.0 9.0 1.0 1.0 8.0 0.0 4.0 4.0 1.0 6.0 5.0 7.0 6.0 10.0 10.0 10.0
21 1.0 10.0 9.0 8.0 2.0 2.0 6.0 10.0 2.0 2.0 9.0 4.0 8.0 7.0 6.0 1.0 5.0 2.0 3.0 4.0 0.0 3.0 8.0 5.0 9.0 7.0 4.0 6.0 5.0 4.0
22 1.0 5.0 2.0 6.0 4.0 1.0 1.0 5.0 6.0 8.0 8.0 9.0 6.0 4.0 6.0 7.0 1.0 8.0 1.0 4.0 3.0 0.0 9.0 2.0 7.0 4.0 9.0 4.0 2.0 10.0
23 7.0 5.0 7.0 1.0 5.0 10.0 6.0 6.0 7.0 7.0 5.0 6.0 4.0 5.0 4.0 3.0 9.0 1.0 5.0 1.0 8.0 9.0 0.0 9.0 9.0 5.0 9.0 5.0 3.0 7.0
24 9.0 9.0 10.0 9.0 8.0 4.0 6.0 9.0 1.0 10.0 8.0 8.0 10.0 1.0 3.0 3.0 3.0 4.0 4.0 6.0 5.0 2.0 9.0 0.0 10.0 2.0 3.0 4.0 6.0 5.0
25 9.0 4.0 9.0 4.0 4.0 4.0 7.0 4.0 7.0 4.0 4.0 3.0 7.0 9.0 3.0 10.0 2.0 7.0 3.0 5.0 9.0 7.0 9.0 10.0 0.0 7.0 7.0 10.0 5.0 6.0
26 4.0 2.0 1.0 4.0 3.0 2.0 2.0 7.0 2.0 7.0 7.0 8.0 7.0 9.0 1.0 4.0 4.0 2.0 8.0 7.0 7.0 4.0 5.0 2.0 7.0 0.0 4.0 6.0 5.0 3.0
27 8.0 10.0 3.0 6.0 7.0 7.0 2.0 7.0 5.0 5.0 10.0 6.0 10.0 3.0 6.0 4.0 5.0 8.0 5.0 6.0 4.0 9.0 9.0 3.0 7.0 4.0 0.0 5.0 5.0 4.0
28 10.0 4.0 4.0 3.0 7.0 7.0 9.0 3.0 2.0 6.0 1.0 3.0 9.0 4.0 1.0 9.0 6.0 4.0 1.0 10.0 6.0 4.0 5.0 4.0 10.0 6.0 5.0 0.0 6.0 9.0
29 6.0 9.0 5.0 1.0 6.0 8.0 10.0 8.0 10.0 6.0 10.0 9.0 5.0 9.0 9.0 3.0 7.0 2.0 8.0 10.0 5.0 2.0 3.0 6.0 5.0 5.0 5.0 6.0 0.0 2.0
30 10.0 9.0 2.0 5.0 4.0 6.0 4.0 8.0 10.0 10.0 3.0 8.0 1.0 3.0 8.0 4.0 9.0 6.0 9.0 10.0 4.0 10.0 7.0 5.0 6.0 3.0 4.0 9.0 2.0 0.0
