25
1 0.0 1.0 2.0 5.0 1.0 6.0 2.0 1.0 2.0 8.0 5.0 1.0 7.0 9.0 10.0 8.0 1.0 6.0 7.0 7.0 2.0 8.0 5.0 8.0 3.0
2 1.0 0.0 8.0 8.0 4.0 3.0 2.0 6.0 2.0 3.0 3.0 9.0 10.0 10.0 5.0 8.0 3.0 3.0 4.0 1.0 10.0 9.0 10.0 7.0 5.0
3 2.0 8.0 0.0 6.0 1.0 4.0 3.0 10.0 10.0 9.0 6.0 8.0 8.0 8.0 9.0 2.0 1.0 4.0 1.0 4.0 2.0 7.0 1.0 1.0 7.0
4 5.0 8.0 6.0 0.0 10.0 8.0 9.0 5.0 5.0 7.0 10.0 9.0 9.0 3.0 7.0 5.0 1.0 10.0 3.0 4.0 3.0 2.0 5.0 2.0 8.0
5 1.0 4.0 1.0 10.0 0.0 5.0 6.0 6.0 4.0 7.0 10.0 3.0 1.0 1.0 8.0 6.0 6.0 3.0 7.0 2.0 3.0 9.0 7.0 9.0 5.0
6 6.0 3.0 4.0 8.0 5.0 0.0 4.0 5.0 6.0 1.0 5.0 6.0 5.0 4.0 1.0 9.0 5.0 8.0 6.0 3.0 5.0 9.0 4.0 8.0 7.0
7 2.0 2.0 3.0 9.0 6.0 4.0 0.0 5.0 5.0 8.0 10.0 6.0 1.0 5.0 2.0 4.0 1.0 10.0 5.0 10.0 5.0 5.0 8.0 7.0 1.0
8 1.0 6.0 10.0 5.0 6.0 5.0 5.0 0.0 7.0 1.0 2.0 8.0 10.0 9.0 6.0 10.0 9.0 1.0 10.0 9.0 7.0 4.0 3.0 9.0 3.0
9 2.0 2.0 10.0 5.0 4.0 6.0 5.0 7.0 0.0 5.0 8.0 10.0 1.0 7.0 7.0 4.0 2.0 1.0 6.0 8.0 1.0 6.0 7.0 7.0 6.0
10 8.0 3.0 9.0 7.0 7.0 1.0 8.0 1.0 5.0 0.0 10.0 5.0 7.0 9.0 3.0 9.0 10.0 8.0 8.0 1.0 10.0 1.0 4.0 6.0 9.0
11 5.0 3.0 6.0 10.0 10.0 5.0 10.0 2.0 8.0 10.0 0.0 1.0 8.0 7.0 7.0 3.0 4.0 2.0 2.0 3.0 1.0 5.0 9.0 8.0 8.0
12 1.0 9.0 8.0 9.0 3.0 6.0 6.0 8.0 10.0 5.0 1.0 0.0 3.0 7.0 4.0 4.0 6.0 10.0 4.0 10.0 1.0 4.0 10.0 6.0 10.0
13 7.0 10.0 8.0 9.0 1.0 5.0 1.0 10.0 1.0 7.0 8.0 3.0 0.0 8.0 7.0 9.0 3.0 3.0 9.0 8.0 2.0 5.0 7.0 4.0 1.0
14 9.0 10.0 8.0 3.0 1.0 4.0 5.0 9.0 7.0 9.0 7.0 7.0 8.0 0.0 8.0 1.0 6.0 1.0 7.0 1.0 10.0 3.0 4.0 5.0 10.0
15 10.0 5.0 9.0 7.0 8.0 1.0 2.0 6.0 7.0 3.0 7.0 4.0 7.0 8.0 0.0 1.0 9.0 3.0 4.0 2.0 5.0 1.0 10.0 3.0 8.0
16 8.0 8.0 2.0 5.0 6.0 9.0 4.0 10.0 4.0 9.0 3.0 4.0 9.0 1.0 1.0 0.0 10.0 10.0 1.0 8.0 5.0 8.0 1.0 9.0 1.0
17 1.0 3.0 1.0 1.0 6.0 5.0 1.0 9.0 2.0 10.0 4.0 6.0 3.0 6.0 9.0 10.0 0.0 10.0 4.0 9.0 8.0 4.0 8.0 1.0 2.0
18 6.0 3.0 4.0 10.0 3.0 8.0 10.0 1.0 1.0 8.0 2.0 10.0 3.0 1.0 3.0 10.0 10.0 0.0 3.0 3.0 10.0 10.0 3.0 8.0 7.0
19 7.0 4.0 1.0 3.0 7.0 6.0 5.0 10.0 6.0 8.0 2.0 4.0 9.0 7.0 4.0 1.0 4.0 3.0 0.0 3.0 10.0 4.0 7.0 9.0 7.0
20 7.0 1.0 4.0 4.0 2.0 3.0 10.0 9.0 8.0 1.0 3.0 10.0 8.0 1.0 2.0 8.0 9.0 3.0 3.0 0.0 1.0 4.0 3.0 3.0 9.0
21 2.0 10.0 2.0 3.0 3.0 5.0 5.0 7.0 1.0 10.0 1.0 1.0 2.0 10.0 5.0 5.0 8.0 10.0 10.0 1.0 0.0 4.0 6.0 6.0 8.0
22 8.0 9.0 7.0 2.0 9.0 9.0 5.0 4.0 6.0 1.0 5.0 4.0 5.0 3.0 1.0 8.0 4.0 10.0 4.0 4.0 4.0 0.0 6.0 9.0 8.0
23 5.0 10.0 1.0 5.0 7.0 4.0 8.0 3.0 7.0 4.0 9.0 10.0 7.0 4.0 10.0 1.0 8.0 3.0 7.0 3.0 6.0 6.0 0.0 8.0 1.0
24 8.0 7.0 1.0 2.0 9.0 8.0 7.0 9.0 7.0 6.0 8.0 6.0 4.0 5.0 3.0 9.0 1.0 8.0 9.0 3.0 6.0 9.0 8.0 0.0 8.0
25 3.0 5.0 7.0 8.0 5.0 7.0 1.0 3.0 6.0 9.0 8.0 10.0 1.0 10.0 8.0 1.0 2.0 7.0 7.0 9.0 8.0 8.0 1.0 8.0 0.0
