15
1 0.0 9.0 4.0 8.0 6.0 7.0 9.0 3.0 5.0 5.0 4.0 1.0 10.0 2.0 6.0
2 9.0 0.0 2.0 3.0 5.0 9.0 7.0 6.0 1.0 10.0 4.0 5.0 8.0 7.0 4.0
3 4.0 2.0 0.0 5.0 5.0 4.0 5.0 3.0 10.0 2.0 2.0 2.0 8.0 7.0 10.0
4 8.0 3.0 5.0 0.0 4.0 7.0 7.0 1.0 6.0 7.0 10.0 8.0 2.0 2.0 9.0
5 6.0 5.0 5.0 4.0 0.0 5.0 6.0 5.0 3.0 2.0 3.0 8.0 9.0 3.0 3.0
6 7.0 9.0 4.0 7.0 5.0 0.0 9.0 9.0 1.0 2.0 2.0 8.0 6.0 6.0 3.0
7 9.0 7.0 5.0 7.0 6.0 9.0 0.0 3.0 3.0 6.0 6.0 5.0 10.0 7.0 3.0
8 3.0 6.0 3.0 1.0 5.0 9.0 3.0 0.0 7.0 5.0 5.0 1.0 1.0 9.0 4.0
9 5.0 1.0 10.0 6.0 3.0 1.0 3.0 7.0 0.0 8.0 7.0 5.0 4.0 5.0 2.0
10 5.0 10.0 2.0 7.0 2.0 2.0 6.0 5.0 8.0 0.0 5.0 1.0 1.0 3.0 4.0
11 4.0 4.0 2.0 10.0 3.0 2.0 6.0 5.0 7.0 5.0 0.0 5.0 6.0 8.0 7.0
12 1.0 5.0 2.0 8.0 8.0 8.0 5.0 1.0 5.0 1.0 5.0 0.0 7.0 8.0 3.0
13 10.0 8.0 8.0 2.0 9.0 6.0 10.0 1.0 4.0 1.0 6.0 7.0 0.0 9.0 10.0
14 2.0 7.0 7.0 2.0 3.0 6.0 7.0 9.0 5.0 3.0 8.0 8.0 9.0 0.0 2.0
15 6.0 4.0 10.0 9.0 3.0 3.0 3.0 4.0 2.0 4.0 7.0 3.0 10.0 2.0 0.0
