35
1 0.0 6.0 1.0 8.0 4.0 4.0 5.0 2.0 10.0 9.0 1.0 10.0 2.0 2.0 6.0 10.0 7.0 1.0 2.0 5.0 2.0 10.0 8.0 2.0 8.0 6.0 1.0 9.0 3.0 10.0 7.0 8.0 1.0 5.0 7.0
2 6.0 0.0 2.0 1.0 2.0 8.0 2.0 8.0 3.0 6.0 9.0 2.0 6.0 7.0 9.0 7.0 1.0 2.0 4.0 8.0 6.0 9.0 3.0 5.0 9.0 3.0 3.0 10.0 9.0 6.0 4.0 4.0 8.0 3.0 1.0
3 1.0 2.0 0.0 2.0 3.0 8.0 9.0 4.0 2.0 5.0 4.0 9.0 6.0 10.0 6.0 1.0 4.0 1.0 2.0 5.0 3.0 6.0 1.0 3.0 10.0 10.0 5.0 6.0 4.0 6.0 6.0 2.0 7.0 3.0 3.0
4 8.0 1.0 2.0 0.0 10.0 9.0 8.0 7.0 1.0 2.0 6.0 1.0 9.0 1.0 2.0 3.0 7.0 6.0 1.0 1.0 6.0 1.0 6.0 2.0 2.0 7.0 1.0 1.0 8.0 7.0 2.0 4.0 9.0 3.0 6.0
5 4.0 2.0 3.0 10.0 0.0 2.0 2.0 4.0 7.0 6.0 2.0 9.0 10.0 7.0 1.0 7.0 10.0 5.0 1.0 8.0 1.0 7.0 7.0 9.0 10.0 1.0 9.0 5.0 8.0 3.0 1.0 6.0 6.0 1.0 2.0
6 4.0 8.0 8.0 9.0 2.0 0.0 4.0 7.0 1.0 1.0 10.0 9.0 8.0 4.0 8.0 6.0 4.0 4.0 5.0 3.0 4.0 10.0 5.0 9.0 6.0 8.0 2.0 10.0 6.0 2.0 3.0 10.0 2.0 5.0 7.0
7 5.0 2.0 9.0 8.0 2.0 4.0 0.0 6.0 2.0 8.0 2.0 6.0 10.0 8.0 9.0 6.0 3.0 8.0 8.0 4.0 2.0 4.0 4.0 6.0 7.0 3.0 10.0 2.0 3.0 5.0 3.0 7.0 8.0 10.0 3.0
8 2.0 8.0 4.0 7.0 4.0 7.0 6.0 0.0 3.0 10.0 9.0 10.0 5.0 9.0 9.0 8.0 1.0 1.0 2.0 2.0 2.0 6.0 1.0 6.0 1.0 9.0 10.0 3.0 1.0 7.0 5.0 9.0 5.0 5.0 7.0
9 10.0 3.0 2.0 1.0 7.0 1.0 2.0 3.0 0.0 2.0 4.0 1.0 8.0 10.0 7.0 9.0 2.0 10.0 4.0 1.0 2.0 10.0 2.0 9.0 4.0 10.0 2.0 8.0 7.0 5.0 1.0 8.0 6.0 5.0 9.0
10 9.0 6.0 5.0 2.0 6.0 1.0 8.0 10.0 2.0 0.0 1.0 6.0 2.0 10.0 10.0 1.0 6.0 4.0 4.0 4.0 3.0 8.0 8.0 7.0 5.0 3.0 9.0 1.0 2.0 7.0 10.0 4.0 7.0 9.0 7.0
11 1.0 9.0 4.0 6.0 2.0 10.0 2.0 9.0 4.0 1.0 0.0 10.0 1.0 10.0 9.0 2.0 2.0 8.0 3.0 9.0 10.0 6.0 7.0 4.0 3.0 4.0 4.0 10.0 3.0 5.0 10.0 1.0 5.0 6.0 1.0
12 10.0 2.0 9.0 1.0 9.0 9.0 6.0 10.0 1.0 6.0 10.0 0.0 5.0 2.0 1.0 4.0 7.0 9.0 6.0 7.0 2.0 8.0 1.0 10.0 10.0 1.0 2.0 9.0 6.0 3.0 2.0 2.0 4.0 4.0 7.0
13 2.0 6.0 6.0 9.0 10.0 8.0 10.0 5.0 8.0 2.0 1.0 5.0 0.0 4.0 2.0 3.0 1.0 2.0 4.0 5.0 8.0 7.0 9.0 8.0 9.0 4.0 1.0 3.0 3.0 6.0 6.0 4.0 1.0 2.0 4.0
14 2.0 7.0 10.0 1.0 7.0 4.0 8.0 9.0 10.0 10.0 10.0 2.0 4.0 0.0 1.0 6.0 2.0 3.0 4.0 9.0 3.0 3.0 2.0 7.0 5.0 6.0 6.0 7.0 2.0 4.0 2.0 4.0 1.0 6.0 8.0
15 6.0 9.0 6.0 2.0 1.0 8.0 9.0 9.0 7.0 10.0 9.0 1.0 2.0 1.0 0.0 3.0 4.0 7.0 5.0 7.0 1.0 3.0 2.0 7.0 3.0 8.0 1.0 10.0 4.0 10.0 6.0 2.0 2.0 2.0 10.0
16 10.0 7.0 1.0 3.0 7.0 6.0 6.0 8.0 9.0 1.0 2.0 4.0 3.0 6.0 3.0 0.0 8.0 9.0 6.0 8.0 4.0 4.0 3.0 1.0 1.0 1.0 9.0 8.0 3.0 7.0 5.0 7.0 4.0 8.0 3.0
17 7.0 1.0 4.0 7.0 10.0 4.0 3.0 1.0 2.0 6.0 2.0 7.0 1.0 2.0 4.0 8.0 0.0 3.0 1.0 9.0 1.0 8.0 1.0 9.0 6.0 7.0 4.0 10.0 1.0 3.0 8.0 5.0 7.0 10.0 7.0
18 1.0 2.0 1.0 6.0 5.0 4.0 8.0 1.0 10.0 4.0 8.0 9.0 2.0 3.0 7.0 9.0 3.0 0.0 6.0 3.0 3.0 8.0 2.0 3.0 3.0 9.0 7.0 8.0 9.0 2.0 8.0 1.0 9.0 2.0 2.0
19 2.0 4.0 2.0 1.0 1.0 5.0 8.0 2.0 4.0 4.0 3.0 6.0 4.0 4.0 5.0 6.0 1.0 6.0 0.0 1.0 6.0 6.0 2.0 6.0 5.0 6.0 1.0 6.0 7.0 6.0 1.0 6.0 1.0 4.0 5.0
20 5.0 8.0 5.0 1.0 8.0 3.0 4.0 2.0 1.0 4.0 9.0 7.0 5.0 9.0 7.0 8.0 9.0 3.0 1.0 0.0 8.0 1.0 4.0 8.0 7.0 8.0 6.0 10.0 10.0 2.0 8.0 7.0 10.0 6.0 8.0
21 2.0 6.0 3.0 6.0 1.0 4.0 2.0 2.0 2.0 3.0 10.0 2.0 8.0 3.0 1.0 4.0 1.0 3.0 6.0 8.0 0.0 10.0 5.0 3.0 8.0 6.0 8.0 10.0 9.0 6.0 8.0 7.0 5.0 4.0 3.0
22 10.0 9.0 6.0 1.0 7.0 10.0 4.0 6.0 10.0 8.0 6.0 8.0 7.0 3.0 3.0 4.0 8.0 8.0 6.0 1.0 10.0 0.0 4.0 6.0 10.0 9.0 4.0 1.0 1.0 6.0 6.0 9.0 5.0 6.0 4.0
23 8.0 3.0 1.0 6.0 7.0 5.0 4.0 1.0 2.0 8.0 7.0 1.0 9.0 2.0 2.0 3.0 1.0 2.0 2.0 4.0 5.0 4.0 0.0 4.0 5.0 10.0 1.0 7.0 1.0 10.0 8.0 1.0 9.0 8.0 1.0
24 2.0 5.0 3.0 2.0 9.0 9.0 6.0 6.0 9.0 7.0 4.0 10.0 8.0 7.0 7.0 1.0 9.0 3.0 6.0 8.0 3.0 6.0 4.0 0.0 8.0 1.0 10.0 1.0 10.0 10.0 7.0 4.0 8.0 3.0 5.0
25 8.0 9.0 10.0 2.0 10.0 6.0 7.0 1.0 4.0 5.0 3.0 10.0 9.0 5.0 3.0 1.0 6.0 3.0 5.0 7.0 8.0 10.0 5.0 8.0 0.0 5.0 1.0 3.0 3.0 9.0 5.0 10.0 9.0 1.0 2.0
26 6.0 3.0 10.0 7.0 1.0 8.0 3.0 9.0 10.0 3.0 4.0 1.0 4.0 6.0 8.0 1.0 7.0 9.0 6.0 8.0 6.0 9.0 10.0 1.0 5.0 0.0 1.0 4.0 4.0 10.0 10.0 4.0 5.0 9.0 6.0
27 1.0 3.0 5.0 1.0 9.0 2.0 10.0 10.0 2.0 9.0 4.0 2.0 1.0 6.0 1.0 9.0 4.0 7.0 1.0 6.0 8.0 4.0 1.0 10.0 1.0 1.0 0.0 4.0 8.0 9.0 3.0 1.0 7.0 6.0 4.0
28 9.0 10.0 6.0 1.0 5.0 10.0 2.0 3.0 8.0 1.0 10.0 9.0 3.0 7.0 10.0 8.0 10.0 8.0 6.0 10.0 10.0 1.0 7.0 1.0 3.0 4.0 4.0 0.0 3.0 5.0 7.0 10.0 8.0 7.0 10.0
29 3.0 9.0 4.0 8.0 8.0 6.0 3.0 1.0 7.0 2.0 3.0 6.0 3.0 2.0 4.0 3.0 1.0 9.0 7.0 10.0 9.0 1.0 1.0 10.0 3.0 4.0 8.0 3.0 0.0 3.0 6.0 5.0 3.0 10.0 6.0
30 10.0 6.0 6.0 7.0 3.0 2.0 5.0 7.0 5.0 7.0 5.0 3.0 6.0 4.0 10.0 7.0 3.0 2.0 6.0 2.0 6.0 6.0 10.0 10.0 9.0 10.0 9.0 5.0 3.0 0.0 2.0 3.0 1.0 2.0 6.0
31 7.0 4.0 6.0 2.0 1.0 3.0 3.0 5.0 1.0 10.0 10.0 2.0 6.0 2.0 6.0 5.0 8.0 8.0 1.0 8.0 8.0 6.0 8.0 7.0 5.0 10.0 3.0 7.0 6.0 2.0 0.0 5.0 9.0 8.0 9.0
32 8.0 4.0 2.0 4.0 6.0 10.0 7.0 9.0 8.0 4.0 1.0 2.0 4.0 4.0 2.0 7.0 5.0 1.0 6.0 7.0 7.0 9.0 1.0 4.0 10.0 4.0 1.0 10.0 5.0 3.0 5.0 0.0 1.0 10.0 2.0
33 1.0 8.0 7.0 9.0 6.0 2.0 8.0 5.0 6.0 7.0 5.0 4.0 1.0 1.0 2.0 4.0 7.0 9.0 1.0 10.0 5.0 5.0 9.0 8.0 9.0 5.0 7.0 8.0 3.0 1.0 9.0 1.0 0.0 4.0 5.0
34 5.0 3.0 3.0 3.0 1.0 5.0 10.0 5.0 5.0 9.0 6.0 4.0 2.0 6.0 2.0 8.0 10.0 2.0 4.0 6.0 4.0 6.0 8.0 3.0 1.0 9.0 6.0 7.0 10.0 2.0 8.0 10.0 4.0 0.0 6.0
35 7.0 1.0 3.0 6.0 2.0 7.0 3.0 7.0 9.0 7.0 1.0 7.0 4.0 8.0 10.0 3.0 7.0 2.0 5.0 8.0 3.0 4.0 1.0 5.0 2.0 6.0 4.0 10.0 6.0 6.0 9.0 2.0 5.0 6.0 0.0
