50
1 0.0 1.0 1.0 6.0 5.0 8.0 4.0 10.0 2.0 2.0 6.0 10.0 8.0 4.0 2.0 2.0 4.0 9.0 5.0 5.0 1.0 9.0 3.0 8.0 7.0 10.0 7.0 3.0 5.0 2.0 6.0 5.0 1.0 2.0 6.0 6.0 2.0 2.0 10.0 2.0 1.0 6.0 6.0 10.0 3.0 9.0 2.0 5.0 5.0 7.0
2 1.0 0.0 8.0 8.0 8.0 1.0 1.0 5.0 1.0 6.0 7.0 3.0 5.0 8.0 4.0 5.0 3.0 5.0 3.0 6.0 4.0 10.0 2.0 3.0 2.0 4.0 9.0 7.0 6.0 9.0 7.0 1.0 8.0 8.0 4.0 4.0 8.0 10.0 5.0 3.0 10.0 8.0 3.0 8.0 8.0 1.0 1.0 3.0 10.0 5.0
3 1.0 8.0 0.0 5.0 10.0 5.0 2.0 3.0 10.0 3.0 8.0 7.0 9.0 5.0 10.0 1.0 5.0 4.0 10.0 1.0 10.0 3.0 1.0 7.0 10.0 9.0 10.0 9.0 6.0 3.0 8.0 7.0 1.0 7.0 3.0 3.0 4.0 7.0 1.0 4.0 8.0 5.0 9.0 8.0 1.0 1.0 2.0 9.0 4.0 4.0
4 6.0 8.0 5.0 0.0 1.0 6.0 2.0 4.0 4.0 8.0 5.0 9.0 3.0 9.0 7.0 9.0 3.0 6.0 7.0 7.0 10.0 2.0 7.0 8.0 10.0 4.0 4.0 8.0 9.0 7.0 4.0 3.0 4.0 8.0 5.0 4.0 6.0 4.0 1.0 3.0 1.0 6.0 6.0 4.0 7.0 8.0 2.0 5.0 1.0 4.0
5 5.0 8.0 10.0 1.0 0.0 1.0 5.0 6.0 6.0 1.0 7.0 8.0 8.0 2.0 4.0 1.0 1.0 5.0 3.0 1.0 5.0 8.0 10.0 10.0 10.0 7.0 3.0 2.0 9.0 9.0 10.0 7.0 5.0 2.0 5.0 6.0 4.0 7.0 10.0 1.0 9.0 4.0 1.0 1.0 5.0 8.0 9.0 4.0 1.0 4.0
6 8.0 1.0 5.0 6.0 1.0 0.0 10.0 6.0 7.0 3.0 5.0 9.0 3.0 3.0 4.0 8.0 1.0 9.0 7.0 2.0 10.0 1.0 4.0 5.0 5.0 6.0 2.0 5.0 10.0 7.0 5.0 7.0 4.0 9.0 1.0 5.0 5.0 2.0 8.0 3.0 2.0 2.0 1.0 9.0 4.0 8.0 7.0 1.0 6.0 1.0
7 4.0 1.0 2.0 2.0 5.0 10.0 0.0 8.0 1.0 9.0 10.0 2.0 6.0 6.0 5.0 10.0 2.0 8.0 5.0 3.0 7.0 6.0 7.0 6.0 4.0 7.0 3.0 4.0 4.0 7.0 4.0 1.0 7.0 5.0 7.0 5.0 9.0 1.0 7.0 9.0 2.0 1.0 10.0 7.0 9.0 2.0 1.0 2.0 7.0 9.0
8 10.0 5.0 3.0 4.0 6.0 6.0 8.0 0.0 9.0 5.0 3.0 3.0 9.0 2.0 6.0 5.0 9.0 1.0 8.0 5.0 3.0 9.0 8.0 7.0 2.0 4.0 2.0 9.0 5.0 8.0 4.0 3.0 2.0 10.0 5.0 8.0 8.0 7.0 5.0 9.0 4.0 3.0 8.0 10.0 4.0 4.0 7.0 1.0 2.0 4.0
9 2.0 1.0 10.0 4.0 6.0 7.0 1.0 9.0 0.0 7.0 5.0 2.0 10.0 8.0 6.0 8.0 3.0 9.0 10.0 4.0 1.0 1.0 7.0 4.0 2.0 7.0 2.0 6.0 6.0 6.0 9.0 6.0 7.0 10.0 10.0 5.0 10.0 6.0 10.0 5.0 3.0 5.0 5.0 4.0 6.0 9.0 4.0 9.0 7.0 2.0
10 2.0 6.0 3.0 8.0 1.0 3.0 9.0 5.0 7.0 0.0 2.0 2.0 1.0 7.0 5.0 10.0 5.0 3.0 3.0 5.0 5.0 5.0 7.0 2.0 5.0 5.0 6.0 7.0 9.0 9.0 6.0 7.0 2.0 6.0 1.0 9.0 8.0 3.0 7.0 2.0 1.0 9.0 7.0 5.0 8.0 7.0 3.0 2.0 4.0 4.0
11 6.0 7.0 8.0 5.0 7.0 5.0 10.0 3.0 5.0 2.0 0.0 1.0 8.0 4.0 5.0 7.0 9.0 9.0 8.0 3.0 5.0 10.0 2.0 2.0 10.0 8.0 10.0 6.0 7.0 9.0 4.0 4.0 5.0 1.0 3.0 10.0 7.0 5.0 6.0 8.0 9.0 5.0 6.0 1.0 7.0 3.0 9.0 10.0 8.0 8.0
12 10.0 3.0 7.0 9.0 8.0 9.0 2.0 3.0 2.0 2.0 1.0 0.0 3.0 7.0 7.0 10.0 5.0 5.0 7.0 9.0 8.0 3.0 4.0 3.0 5.0 10.0 9.0 5.0 4.0 10.0 6.0 5.0 8.0 8.0 10.0 1.0 1.0 6.0 2.0 3.0 2.0 5.0 9.0 2.0 3.0 1.0 6.0 7.0 3.0 2.0
13 8.0 5.0 9.0 3.0 8.0 3.0 6.0 9.0 10.0 1.0 8.0 3.0 0.0 6.0 1.0 3.0 3.0 7.0 6.0 8.0 1.0 5.0 5.0 10.0 10.0 6.0 8.0 7.0 5.0 10.0 9.0 2.0 5.0 3.0 8.0 3.0 6.0 10.0 10.0 4.0 6.0 4.0 5.0 1.0 10.0 2.0 7.0 5.0 2.0 8.0
14 4.0 8.0 5.0 9.0 2.0 3.0 6.0 2.0 8.0 7.0 4.0 7.0 6.0 0.0 4.0 9.0 7.0 7.0 2.0 2.0 6.0 5.0 7.0 8.0 6.0 2.0 7.0 9.0 3.0 10.0 2.0 2.0 8.0 7.0 5.0 9.0 3.0 6.0 6.0 7.0 5.0 8.0 8.0 3.0 10.0 8.0 2.0 7.0 8.0 7.0
15 2.0 4.0 10.0 7.0 4.0 4.0 5.0 6.0 6.0 5.0 5.0 7.0 1.0 4.0 0.0 9.0 7.0 10.0 4.0 3.0 4.0 8.0 2.0 4.0 6.0 10.0 5.0 10.0 6.0 2.0 9.0 5.0 8.0 9.0 3.0 6.0 4.0 10.0 8.0 5.0 10.0 1.0 5.0 5.0 7.0 4.0 3.0 1.0 5.0 2.0
16 2.0 5.0 1.0 9.0 1.0 8.0 10.0 5.0 8.0 10.0 7.0 10.0 3.0 9.0 9.0 0.0 4.0 1.0 5.0 2.0 5.0 1.0 2.0 5.0 2.0 7.0 2.0 1.0 9.0 3.0 10.0 2.0 1.0 3.0 6.0 1.0 10.0 10.0 5.0 1.0 2.0 1.0 8.0 4.0 1.0 2.0 3.0 5.0 7.0 7.0
17 4.0 3.0 5.0 3.0 1.0 1.0 2.0 9.0 3.0 5.0 9.0 5.0 3.0 7.0 7.0 4.0 0.0 10.0 3.0 9.0 1.0 3.0 2.0 10.0 3.0 8.0 10.0 9.0 5.0 9.0 7.0 1.0 5.0 9.0 1.0 8.0 3.0 10.0 9.0 1.0 6.0 6.0 7.0 4.0 7.0 9.0 6.0 3.0 8.0 7.0
18 9.0 5.0 4.0 6.0 5.0 9.0 8.0 1.0 9.0 3.0 9.0 5.0 7.0 7.0 10.0 1.0 10.0 0.0 1.0 8.0 5.0 1.0 8.0 2.0 7.0 3.0 6.0 8.0 6.0 3.0 4.0 3.0 4.0 3.0 10.0 3.0 10.0 2.0 10.0 5.0 5.0 5.0 2.0 6.0 4.0 10.0 4.0 10.0 2.0 2.0
19 5.0 3.0 10.0 7.0 3.0 7.0 5.0 8.0 10.0 3.0 8.0 7.0 6.0 2.0 4.0 5.0 3.0 1.0 0.0 1.0 10.0 3.0 1.0 6.0 5.0 9.0 3.0 9.0 6.0 3.0 1.0 2.0 9.0 6.0 7.0 4.0 6.0 6.0 3.0 8.0 7.0 6.0 1.0 9.0 1.0 3.0 7.0 6.0 6.0 8.0
20 5.0 6.0 1.0 7.0 1.0 2.0 3.0 5.0 4.0 5.0 3.0 9.0 8.0 2.0 3.0 2.0 9.0 8.0 1.0 0.0 1.0 2.0 3.0 8.0 1.0 8.0 9.0 4.0 6.0 5.0 1.0 10.0 3.0 7.0 10.0 6.0 2.0 8.0 5.0 1.0 7.0 1.0 2.0 3.0 6.0 7.0 2.0 8.0 2.0 8.0
21 1.0 4.0 10.0 10.0 5.0 10.0 7.0 3.0 1.0 5.0 5.0 8.0 1.0 6.0 4.0 5.0 1.0 5.0 10.0 1.0 0.0 7.0 1.0 10.0 4.0 9.0 4.0 6.0 4.0 4.0 10.0 7.0 8.0 6.0 3.0 8.0 8.0 3.0 4.0 7.0 5.0 8.0 9.0 7.0 1.0 5.0 7.0 4.0 10.0 10.0
22 9.0 10.0 3.0 2.0 8.0 1.0 6.0 9.0 1.0 5.0 10.0 3.0 5.0 5.0 8.0 1.0 3.0 1.0 3.0 2.0 7.0 0.0 3.0 1.0 7.0 4.0 4.0 4.0 9.0 5.0 10.0 7.0 1.0 2.0 8.0 2.0 6.0 10.0 1.0 6.0 10.0 8.0 4.0 3.0 8.0 1.0 5.0 4.0 10.0 5.0
23 3.0 2.0 1.0 7.0 10.0 4.0 7.0 8.0 7.0 7.0 2.0 4.0 5.0 7.0 2.0 2.0 2.0 8.0 1.0 3.0 1.0 3.0 0.0 9.0 9.0 6.0 3.0 3.0 10.0 10.0 5.0 6.0 6.0 7.0 6.0 7.0 3.0 5.0 6.0 8.0 5.0 3.0 3.0 9.0 5.0 4.0 8.0 5.0 1.0 8.0
24 8.0 3.0 7.0 8.0 10.0 5.0 6.0 7.0 4.0 2.0 2.0 3.0 10.0 8.0 4.0 5.0 10.0 2.0 6.0 8.0 10.0 1.0 9.0 0.0 8.0 8.0 1.0 10.0 10.0 3.0 10.0 3.0 9.0 3.0 5.0 6.0 9.0 4.0 8.0 6.0 6.0 2.0 5.0 2.0 5.0 1.0 4.0 9.0 5.0 8.0
25 7.0 2.0 10.0 10.0 10.0 5.0 4.0 2.0 2.0 5.0 10.0 5.0 10.0 6.0 6.0 2.0 3.0 7.0 5.0 1.0 4.0 7.0 9.0 8.0 0.0 4.0 6.0 3.0 3.0 7.0 8.0 3.0 6.0 3.0 1.0 1.0 3.0 1.0 10.0 4.0 3.0 1.0 3.0 6.0 7.0 10.0 5.0 1.0 6.0 1.0
26 10.0 4.0 9.0 4.0 7.0 6.0 7.0 4.0 7.0 5.0 8.0 10.0 6.0 2.0 10.0 7.0 8.0 3.0 9.0 8.0 9.0 4.0 6.0 8.0 4.0 0.0 2.0 8.0 2.0 6.0 5.0 5.0 4.0 6.0 7.0 7.0 4.0 8.0 10.0 1.0 6.0 6.0 1.0 9.0 5.0 6.0 10.0 2.0 1.0 3.0
27 7.0 9.0 10.0 4.0 3.0 2.0 3.0 2.0 2.0 6.0 10.0 9.0 8.0 7.0 5.0 2.0 10.0 6.0 3.0 9.0 4.0 4.0 3.0 1.0 6.0 2.0 0.0 1.0 7.0 1.0 6.0 2.0 3.0 2.0 8.0 8.0 8.0 3.0 7.0 4.0 6.0 5.0 7.0 5.0 10.0 6.0 6.0 9.0 5.0 9.0
28 3.0 7.0 9.0 8.0 2.0 5.0 4.0 9.0 6.0 7.0 6.0 5.0 7.0 9.0 10.0 1.0 9.0 8.0 9.0 4.0 6.0 4.0 3.0 10.0 3.0 8.0 1.0 0.0 6.0 2.0 7.0 10.0 3.0 2.0 8.0 7.0 9.0 2.0 6.0 8.0 1.0 5.0 6.0 8.0 3.0 8.0 3.0 7.0 4.0 6.0
29 5.0 6.0 6.0 9.0 9.0 10.0 4.0 5.0 6.0 9.0 7.0 4.0 5.0 3.0 6.0 9.0 5.0 6.0 6.0 6.0 4.0 9.0 10.0 10.0 3.0 2.0 7.0 6.0 0.0 8.0 8.0 4.0 8.0 1.0 8.0 1.0 9.0 4.0 7.0 2.0 9.0 5.0 2.0 1.0 1.0 8.0 5.0 7.0 2.0 4.0
30 2.0 9.0 3.0 7.0 9.0 7.0 7.0 8.0 6.0 9.0 9.0 10.0 10.0 10.0 2.0 3.0 9.0 3.0 3.0 5.0 4.0 5.0 10.0 3.0 7.0 6.0 1.0 2.0 8.0 0.0 8.0 7.0 9.0 1.0 2.0 1.0 5.0 4.0 2.0 4.0 3.0 3.0 5.0 8.0 4.0 1.0 6.0 4.0 2.0 6.0
31 6.0 7.0 8.0 4.0 10.0 5.0 4.0 4.0 9.0 6.0 4.0 6.0 9.0 2.0 9.0 10.0 7.0 4.0 1.0 1.0 10.0 10.0 5.0 10.0 8.0 5.0 6.0 7.0 8.0 8.0 0.0 10.0 4.0 3.0 5.0 4.0 8.0 7.0 6.0 8.0 5.0 9.0 4.0 3.0 4.0 1.0 3.0 2.0 5.0 5.0
32 5.0 1.0 7.0 3.0 7.0 7.0 1.0 3.0 6.0 7.0 4.0 5.0 2.0 2.0 5.0 2.0 1.0 3.0 2.0 10.0 7.0 7.0 6.0 3.0 3.0 5.0 2.0 10.0 4.0 7.0 10.0 0.0 6.0 3.0 6.0 4.0 10.0 10.0 1.0 8.0 6.0 5.0 5.0 2.0 10.0 7.0 5.0 6.0 10.0 10.0
33 1.0 8.0 1.0 4.0 5.0 4.0 7.0 2.0 7.0 2.0 5.0 8.0 5.0 8.0 8.0 1.0 5.0 4.0 9.0 3.0 8.0 1.0 6.0 9.0 6.0 4.0 3.0 3.0 8.0 9.0 4.0 6.0 0.0 9.0 7.0 10.0 8.0 9.0 2.0 1.0 2.0 7.0 1.0 7.0 2.0 1.0 1.0 6.0 9.0 1.0
34 2.0 8.0 7.0 8.0 2.0 9.0 5.0 10.0 10.0 6.0 1.0 8.0 3.0 7.0 9.0 3.0 9.0 3.0 6.0 7.0 6.0 2.0 7.0 3.0 3.0 6.0 2.0 2.0 1.0 1.0 3.0 3.0 9.0 0.0 5.0 9.0 1.0 7.0 8.0 7.0 3.0 7.0 10.0 1.0 9.0 7.0 7.0 2.0 4.0 3.0
35 6.0 4.0 3.0 5.0 5.0 1.0 7.0 5.0 10.0 1.0 3.0 10.0 8.0 5.0 3.0 6.0 1.0 10.0 7.0 10.0 3.0 8.0 6.0 5.0 1.0 7.0 8.0 8.0 8.0 2.0 5.0 6.0 7.0 5.0 0.0 2.0 4.0 10.0 3.0 7.0 7.0 4.0 5.0 8.0 1.0 1.0 1.0 10.0 7.0 5.0
36 6.0 4.0 3.0 4.0 6.0 5.0 5.0 8.0 5.0 9.0 10.0 1.0 3.0 9.0 6.0 1.0 8.0 3.0 4.0 6.0 8.0 2.0 7.0 6.0 1.0 7.0 8.0 7.0 1.0 1.0 4.0 4.0 10.0 9.0 2.0 0.0 10.0 6.0 9.0 10.0 8.0 5.0 5.0 10.0 6.0 5.0 8.0 7.0 7.0 7.0
37 2.0 8.0 4.0 6.0 4.0 5.0 9.0 8.0 10.0 8.0 7.0 1.0 6.0 3.0 4.0 10.0 3.0 10.0 6.0 2.0 8.0 6.0 3.0 9.0 3.0 4.0 8.0 9.0 9.0 5.0 8.0 10.0 8.0 1.0 4.0 10.0 0.0 9.0 8.0 6.0 7.0 9.0 8.0 7.0 3.0 2.0 3.0 9.0 5.0 9.0
38 2.0 10.0 7.0 4.0 7.0 2.0 1.0 7.0 6.0 3.0 5.0 6.0 10.0 6.0 10.0 10.0 10.0 2.0 6.0 8.0 3.0 10.0 5.0 4.0 1.0 8.0 3.0 2.0 4.0 4.0 7.0 10.0 9.0 7.0 10.0 6.0 9.0 0.0 4.0 9.0 3.0 7.0 7.0 5.0 10.0 6.0 1.0 4.0 6.0 8.0
39 10.0 5.0 1.0 1.0 10.0 8.0 7.0 5.0 10.0 7.0 6.0 2.0 10.0 6.0 8.0 5.0 9.0 10.0 3.0 5.0 4.0 1.0 6.0 8.0 10.0 10.0 7.0 6.0 7.0 2.0 6.0 1.0 2.0 8.0 3.0 9.0 8.0 4.0 0.0 5.0 3.0 6.0 9.0 8.0 7.0 9.0 10.0 5.0 4.0 5.0
40 2.0 3.0 4.0 3.0 1.0 3.0 9.0 9.0 5.0 2.0 8.0 3.0 4.0 7.0 5.0 1.0 1.0 5.0 8.0 1.0 7.0 6.0 8.0 6.0 4.0 1.0 4.0 8.0 2.0 4.0 8.0 8.0 1.0 7.0 7.0 10.0 6.0 9.0 5.0 0.0 5.0 3.0 2.0 3.0 4.0 6.0 4.0 8.0 10.0 3.0
41 1.0 10.0 8.0 1.0 9.0 2.0 2.0 4.0 3.0 1.0 9.0 2.0 6.0 5.0 10.0 2.0 6.0 5.0 7.0 7.0 5.0 10.0 5.0 6.0 3.0 6.0 6.0 1.0 9.0 3.0 5.0 6.0 2.0 3.0 7.0 8.0 7.0 3.0 3.0 5.0 0.0 2.0 5.0 3.0 10.0 10.0 9.0 6.0 6.0 10.0
42 6.0 8.0 5.0 6.0 4.0 2.0 1.0 3.0 5.0 9.0 5.0 5.0 4.0 8.0 1.0 1.0 6.0 5.0 6.0 1.0 8.0 8.0 3.0 2.0 1.0 6.0 5.0 5.0 5.0 3.0 9.0 5.0 7.0 7.0 4.0 5.0 9.0 7.0 6.0 3.0 2.0 0.0 2.0 9.0 4.0 8.0 3.0 4.0 2.0 2.0
43 6.0 3.0 9.0 6.0 1.0 1.0 10.0 8.0 5.0 7.0 6.0 9.0 5.0 8.0 5.0 8.0 7.0 2.0 1.0 2.0 9.0 4.0 3.0 5.0 3.0 1.0 7.0 6.0 2.0 5.0 4.0 5.0 1.0 10.0 5.0 5.0 8.0 7.0 9.0 2.0 5.0 2.0 0.0 9.0 8.0 7.0 4.0 6.0 8.0 9.0
44 10.0 8.0 8.0 4.0 1.0 9.0 7.0 10.0 4.0 5.0 1.0 2.0 1.0 3.0 5.0 4.0 4.0 6.0 9.0 3.0 7.0 3.0 9.0 2.0 6.0 9.0 5.0 8.0 1.0 8.0 3.0 2.0 7.0 1.0 8.0 10.0 7.0 5.0 8.0 3.0 3.0 9.0 9.0 0.0 3.0 9.0 5.0 9.0 4.0 10.0
45 3.0 8.0 1.0 7.0 5.0 4.0 9.0 4.0 6.0 8.0 7.0 3.0 10.0 10.0 7.0 1.0 7.0 4.0 1.0 6.0 1.0 8.0 5.0 5.0 7.0 5.0 10.0 3.0 1.0 4.0 4.0 10.0 2.0 9.0 1.0 6.0 3.0 10.0 7.0 4.0 10.0 4.0 8.0 3.0 0.0 9.0 7.0 1.0 10.0 6.0
46 9.0 1.0 1.0 8.0 8.0 8.0 2.0 4.0 9.0 7.0 3.0 1.0 2.0 8.0 4.0 2.0 9.0 10.0 3.0 7.0 5.0 1.0 4.0 1.0 10.0 6.0 6.0 8.0 8.0 1.0 1.0 7.0 1.0 7.0 1.0 5.0 2.0 6.0 9.0 6.0 10.0 8.0 7.0 9.0 9.0 0.0 9.0 4.0 1.0 3.0
47 2.0 1.0 2.0 2.0 9.0 7.0 1.0 7.0 4.0 3.0 9.0 6.0 7.0 2.0 3.0 3.0 6.0 4.0 7.0 2.0 7.0 5.0 8.0 4.0 5.0 10.0 6.0 3.0 5.0 6.0 3.0 5.0 1.0 7.0 1.0 8.0 3.0 1.0 10.0 4.0 9.0 3.0 4.0 5.0 7.0 9.0 0.0 2.0 10.0 1.0
48 5.0 3.0 9.0 5.0 4.0 1.0 2.0 1.0 9.0 2.0 10.0 7.0 5.0 7.0 1.0 5.0 3.0 10.0 6.0 8.0 4.0 4.0 5.0 9.0 1.0 2.0 9.0 7.0 7.0 4.0 2.0 6.0 6.0 2.0 10.0 7.0 9.0 4.0 5.0 8.0 6.0 4.0 6.0 9.0 1.0 4.0 2.0 0.0 3.0 5.0
49 5.0 10.0 4.0 1.0 1.0 6.0 7.0 2.0 7.0 4.0 8.0 3.0 2.0 8.0 5.0 7.0 8.0 2.0 6.0 2.0 10.0 10.0 1.0 5.0 6.0 1.0 5.0 4.0 2.0 2.0 5.0 10.0 9.0 4.0 7.0 7.0 5.0 6.0 4.0 10.0 6.0 2.0 8.0 4.0 10.0 1.0 10.0 3.0 0.0 5.0
50 7.0 5.0 4.0 4.0 4.0 1.0 9.0 4.0 2.0 4.0 8.0 2.0 8.0 7.0 2.0 7.0 7.0 2.0 8.0 8.0 10.0 5.0 8.0 8.0 1.0 3.0 9.0 6.0 4.0 6.0 5.0 10.0 1.0 3.0 5.0 7.0 9.0 8.0 5.0 3.0 10.0 2.0 9.0 10.0 6.0 3.0 1.0 5.0 5.0 0.0
