35
1 0.0 10.0 3.0 7.0 9.0 3.0 1.0 2.0 6.0 8.0 1.0 1.0 6.0 4.0 2.0 7.0 7.0 4.0 10.0 6.0 2.0 1.0 1.0 8.0 2.0 10.0 7.0 1.0 7.0 1.0 6.0 1.0 1.0 4.0 5.0
2 10.0 0.0 10.0 2.0 4.0 9.0 2.0 10.0 8.0 2.0 8.0 4.0 10.0 2.0 6.0 7.0 1.0 8.0 1.0 7.0 10.0 6.0 3.0 4.0 8.0 5.0 1.0 4.0 1.0 9.0 1.0 3.0 10.0 7.0 9.0
3 3.0 10.0 0.0 1.0 4.0 6.0 2.0 7.0 3.0 9.0 5.0 8.0 2.0 10.0 1.0 4.0 9.0 7.0 9.0 5.0 9.0 6.0 2.0 10.0 6.0 2.0 9.0 3.0 6.0 5.0 8.0 8.0 9.0 3.0 9.0
4 7.0 2.0 1.0 0.0 5.0 10.0 7.0 1.0 10.0 6.0 1.0 4.0 4.0 7.0 2.0 2.0 6.0 9.0 9.0 2.0 1.0 5.0 5.0 5.0 6.0 6.0 3.0 4.0 7.0 9.0 6.0 8.0 9.0 3.0 8.0
5 9.0 4.0 4.0 5.0 0.0 9.0 1.0 6.0 3.0 5.0 6.0 2.0 2.0 6.0 10.0 5.0 10.0 1.0 3.0 3.0 10.0 10.0 7.0 1.0 2.0 10.0 2.0 8.0 2.0 4.0 6.0 5.0 2.0 9.0 6.0
6 3.0 9.0 6.0 10.0 9.0 0.0 10.0 2.0 9.0 8.0 3.0 3.0 10.0 5.0 2.0 4.0 6.0 3.0 7.0 1.0 8.0 4.0 8.0 8.0 5.0 5.0 8.0 10.0 2.0 2.0 2.0 5.0 5.0 7.0 7.0
7 1.0 2.0 2.0 7.0 1.0 10.0 0.0 1.0 6.0 8.0 7.0 3.0 9.0 10.0 5.0 4.0 6.0 3.0 3.0 5.0 7.0 3.0 3.0 7.0 2.0 4.0 2.0 4.0 2.0 5.0 4.0 6.0 1.0 1.0 2.0
8 2.0 10.0 7.0 1.0 6.0 2.0 1.0 0.0 3.0 1.0 9.0 3.0 7.0 5.0 6.0 7.0 10.0 7.0 9.0 7.0 2.0 5.0 7.0 1.0 9.0 1.0 8.0 8.0 3.0 8.0 8.0 3.0 1.0 7.0 7.0
9 6.0 8.0 3.0 10.0 3.0 9.0 6.0 3.0 0.0 8.0 5.0 4.0 3.0 8.0 10.0 5.0 4.0 4.0 4.0 3.0 1.0 3.0 6.0 2.0 5.0 10.0 7.0 5.0 5.0 6.0 2.0 5.0 2.0 6.0 4.0
10 8.0 2.0 9.0 6.0 5.0 8.0 8.0 1.0 8.0 0.0 1.0 4.0 9.0 10.0 7.0 5.0 7.0 1.0 8.0 1.0 7.0 4.0 3.0 10.0 5.0 5.0 9.0 8.0 3.0 2.0 8.0 9.0 8.0 8.0 4.0
11 1.0 8.0 5.0 1.0 6.0 3.0 7.0 9.0 5.0 1.0 0.0 7.0 9.0 5.0 5.0 3.0 6.0 10.0 4.0 7.0 2.0 3.0 9.0 9.0 8.0 2.0 10.0 5.0 6.0 10.0 2.0 9.0 10.0 1.0 2.0
12 1.0 4.0 8.0 4.0 2.0 3.0 3.0 3.0 4.0 4.0 7.0 0.0 1.0 7.0 4.0 2.0 4.0 10.0 10.0 1.0 8.0 3.0 8.0 5.0 8.0 9.0 4.0 4.0 8.0 2.0 1.0 10.0 6.0 4.0 1.0
13 6.0 10.0 2.0 4.0 2.0 10.0 9.0 7.0 3.0 9.0 9.0 1.0 0.0 1.0 1.0 5.0 4.0 1.0 9.0 6.0 9.0 2.0 3.0 3.0 8.0 1.0 9.0 7.0 4.0 4.0 1.0 2.0 4.0 6.0 9.0
14 4.0 2.0 10.0 7.0 6.0 5.0 10.0 5.0 8.0 10.0 5.0 7.0 1.0 0.0 3.0 4.0 8.0 3.0 1.0 5.0 5.0 6.0 7.0 9.0 6.0 9.0 4.0 2.0 2.0 8.0 10.0 10.0 4.0 3.0 5.0
15 2.0 6.0 1.0 2.0 10.0 2.0 5.0 6.0 10.0 7.0 5.0 4.0 1.0 3.0 0.0 5.0 7.0 7.0 8.0 6.0 9.0 6.0 5.0 7.0 2.0 2.0 8.0 10.0 1.0 7.0 6.0 8.0 2.0 5.0 2.0
16 7.0 7.0 4.0 2.0 5.0 4.0 4.0 7.0 5.0 5.0 3.0 2.0 5.0 4.0 5.0 0.0 3.0 1.0 8.0 10.0 10.0 4.0 3.0 8.0 8.0 7.0 4.0 2.0 3.0 1.0 8.0 3.0 10.0 6.0 7.0
17 7.0 1.0 9.0 6.0 10.0 6.0 6.0 10.0 4.0 7.0 6.0 4.0 4.0 8.0 7.0 3.0 0.0 1.0 5.0 4.0 1.0 10.0 1.0 8.0 5.0 3.0 7.0 6.0 7.0 6.0 6.0 4.0 6.0 5.0 4.0
18 4.0 8.0 7.0 9.0 1.0 3.0 3.0 7.0 4.0 1.0 10.0 10.0 1.0 3.0 7.0 1.0 1.0 0.0 8.0 7.0 1.0 8.0 7.0 5.0 8.0 4.0 8.0 1.0 1.0 4.0 10.0 8.0 9.0 6.0 6.0
19 10.0 1.0 9.0 9.0 3.0 7.0 3.0 9.0 4.0 8.0 4.0 10.0 9.0 1.0 8.0 8.0 5.0 8.0 0.0 9.0 2.0 2.0 7.0 4.0 6.0 5.0 8.0 6.0 8.0 4.0 10.0 9.0 10.0 10.0 10.0
20 6.0 7.0 5.0 2.0 3.0 1.0 5.0 7.0 3.0 1.0 7.0 1.0 6.0 5.0 6.0 10.0 4.0 7.0 9.0 0.0 10.0 4.0 7.0 8.0 8.0 9.0 3.0 9.0 8.0 9.0 3.0 4.0 5.0 2.0 9.0
21 2.0 10.0 9.0 1.0 10.0 8.0 7.0 2.0 1.0 7.0 2.0 8.0 9.0 5.0 9.0 10.0 1.0 1.0 2.0 10.0 0.0 9.0 9.0 8.0 10.0 3.0 3.0 10.0 2.0 6.0 2.0 5.0 8.0 6.0 6.0
22 1.0 6.0 6.0 5.0 10.0 4.0 3.0 5.0 3.0 4.0 3.0 3.0 2.0 6.0 6.0 4.0 10.0 8.0 2.0 4.0 9.0 0.0 2.0 7.0 9.0 10.0 10.0 5.0 10.0 7.0 6.0 9.0 4.0 10.0 1.0
23 1.0 3.0 2.0 5.0 7.0 8.0 3.0 7.0 6.0 3.0 9.0 8.0 3.0 7.0 5.0 3.0 1.0 7.0 7.0 7.0 9.0 2.0 0.0 1.0 4.0 5.0 4.0 3.0 9.0 10.0 6.0 7.0 5.0 8.0 4.0
24 8.0 4.0 10.0 5.0 1.0 8.0 7.0 1.0 2.0 10.0 9.0 5.0 3.0 9.0 7.0 8.0 8.0 5.0 4.0 8.0 8.0 7.0 1.0 0.0 6.0 1.0 1.0 2.0 6.0 7.0 5.0 5.0 7.0 7.0 9.0
25 2.0 8.0 6.0 6.0 2.0 5.0 2.0 9.0 5.0 5.0 8.0 8.0 8.0 6.0 2.0 8.0 5.0 8.0 6.0 8.0 10.0 9.0 4.0 6.0 0.0 9.0 5.0 10.0 10.0 5.0 5.0 8.0 5.0 10.0 5.0
26 10.0 5.0 2.0 6.0 10.0 5.0 4.0 1.0 10.0 5.0 2.0 9.0 1.0 9.0 2.0 7.0 3.0 4.0 5.0 9.0 3.0 10.0 5.0 1.0 9.0 0.0 8.0 9.0 8.0 2.0 4.0 3.0 2.0 7.0 9.0
27 7.0 1.0 9.0 3.0 2.0 8.0 2.0 8.0 7.0 9.0 10.0 4.0 9.0 4.0 8.0 4.0 7.0 8.0 8.0 3.0 3.0 10.0 4.0 1.0 5.0 8.0 0.0 8.0 10.0 2.0 8.0 9.0 7.0 3.0 8.0
28 1.0 4.0 3.0 4.0 8.0 10.0 4.0 8.0 5.0 8.0 5.0 4.0 7.0 2.0 10.0 2.0 6.0 1.0 6.0 9.0 10.0 5.0 3.0 2.0 10.0 9.0 8.0 0.0 2.0 3.0 1.0 10.0 4.0 9.0 9.0
29 7.0 1.0 6.0 7.0 2.0 2.0 2.0 3.0 5.0 3.0 6.0 8.0 4.0 2.0 1.0 3.0 7.0 1.0 8.0 8.0 2.0 10.0 9.0 6.0 10.0 8.0 10.0 2.0 0.0 9.0 4.0 8.0 2.0 3.0 8.0
30 1.0 9.0 5.0 9.0 4.0 2.0 5.0 8.0 6.0 2.0 10.0 2.0 4.0 8.0 7.0 1.0 6.0 4.0 4.0 9.0 6.0 7.0 10.0 7.0 5.0 2.0 2.0 3.0 9.0 0.0 10.0 6.0 9.0 9.0 9.0
31 6.0 1.0 8.0 6.0 6.0 2.0 4.0 8.0 2.0 8.0 2.0 1.0 1.0 10.0 6.0 8.0 6.0 10.0 10.0 3.0 2.0 6.0 6.0 5.0 5.0 4.0 8.0 1.0 4.0 10.0 0.0 10.0 3.0 6.0 3.0
32 1.0 3.0 8.0 8.0 5.0 5.0 6.0 3.0 5.0 9.0 9.0 10.0 2.0 10.0 8.0 3.0 4.0 8.0 9.0 4.0 5.0 9.0 7.0 5.0 8.0 3.0 9.0 10.0 8.0 6.0 10.0 0.0 7.0 3.0 6.0
33 1.0 10.0 9.0 9.0 2.0 5.0 1.0 1.0 2.0 8.0 10.0 6.0 4.0 4.0 2.0 10.0 6.0 9.0 10.0 5.0 8.0 4.0 5.0 7.0 5.0 2.0 7.0 4.0 2.0 9.0 3.0 7.0 0.0 3.0 6.0
34 4.0 7.0 3.0 3.0 9.0 7.0 1.0 7.0 6.0 8.0 1.0 4.0 6.0 3.0 5.0 6.0 5.0 6.0 10.0 2.0 6.0 10.0 8.0 7.0 10.0 7.0 3.0 9.0 3.0 9.0 6.0 3.0 3.0 0.0 1.0
35 5.0 9.0 9.0 8.0 6.0 7.0 2.0 7.0 4.0 4.0 2.0 1.0 9.0 5.0 2.0 7.0 4.0 6.0 10.0 9.0 6.0 1.0 4.0 9.0 5.0 9.0 8.0 9.0 8.0 9.0 3.0 6.0 6.0 1.0 0.0
