30
1 0.0 0.0328910064 0.0103335374 0.0418988929 0.0254507626 0.0340025201 0.0399938185 0.0071185025 0.0422416704 0.0242139626 0.0576887745 0.0359545263 0.0473594258 0.0226585345 0.0445275268 0.0129809313 0.0305527291 0.0416990243 0.0145390927 0.0243509261 0.0304225752 0.0166193731 0.0614684791 0.0552136178 0.0334136892 0.0712132386 0.0504727249 0.0303170623 0.0138158923 0.0465871827
2 0.0328910064 0.0 0.0477670611 0.0471773486 0.0101082479 0.054463449 0.0407800149 0.0520229863 0.0284136846 0.0181574493 0.0391856474 0.0139135861 0.0252893982 0.0045703046 0.0249375699 0.0411176784 0.0322574487 0.0283422639 0.0392207843 0.040377532 0.0036742628 0.0462546035 0.0398932917 0.0395581182 0.0371949368 0.0237305197 0.040108508 0.051672403 0.0450476377 0.0518722571
3 0.0103335374 0.0477670611 0.0 0.0318139094 0.0345772062 0.0402381805 0.0405310191 0.0497219855 0.0430860686 0.0389542202 0.032954899 0.0230987414 0.0401201494 0.0399362257 0.0278343625 0.0421578864 0.0285623288 0.0266266962 0.0436967246 0.0303290763 0.0067060962 0.0528421561 0.0456775657 0.0243587811 0.0251038325 0.0447609606 0.028474161 0.0377046562 0.0473823819 0.0146491303
4 0.0418988929 0.0471773486 0.0318139094 0.0 0.0382402331 0.0277344481 0.0168308609 0.0490924312 0.0256386778 0.0439730056 0.0124496409 0.0392116872 0.0333794847 0.0567412227 0.0258711765 0.0434082769 0.0269718745 0.0314566345 0.0624589084 0.0427903608 0.0374656228 0.0331339505 0.0031005576 0.036589302 0.0232254489 0.0459540735 0.0373811859 0.0309675636 0.0432275085 0.0118157123
5 0.0254507626 0.0101082479 0.0345772062 0.0382402331 0.0 0.055638426 0.0218898437 0.0679984426 0.0397046101 0.0492375957 0.0257483366 0.0375004176 0.0213608881 0.0515923994 0.041588706 0.0109682241 0.030647937 0.0385711628 0.0346103323 0.0417441399 0.0376460645 0.0267433118 0.0321789437 0.0127106679 0.0575090533 0.0191198501 0.0545773013 0.0426378961 0.0185215379 0.0211774617
6 0.0340025201 0.054463449 0.0402381805 0.0277344481 0.055638426 0.0 0.0211046901 0.0444521469 0.027645152 0.0064957329 0.0344476632 0.0583750386 0.0277638518 0.0420627389 0.0509049611 0.0361685155 0.0460402937 0.0147855732 0.039009382 0.0226706417 0.0305121729 0.029288781 0.0241569501 0.0216765377 0.0258450174 0.0394514876 0.0223093285 0.0434677028 0.0480166806 0.0312719362
7 0.0399938185 0.0407800149 0.0405310191 0.0168308609 0.0218898437 0.0211046901 0.0 0.0387906464 0.040170877 0.0318364817 0.0244788844 0.040477411 0.0548132536 0.0502114701 0.0271265673 0.0412373407 0.0379489972 0.0459869469 0.0357372304 0.0248474412 0.0266642916 0.008151575 0.0124761765 0.0349813663 0.0457561729 0.0221661565 0.0513846441 0.0430338514 0.0267614724 0.0538304981
8 0.0071185025 0.0520229863 0.0497219855 0.0490924312 0.0679984426 0.0444521469 0.0387906464 0.0 0.0444473032 0.030277772 0.0203727392 0.0524529323 0.0327881164 0.0400002702 0.0262397089 0.0143783874 0.0282110559 0.0342212644 0.052504875 0.0382238248 0.0197698224 0.0577838727 0.0222025508 0.0334074395 0.0240677507 0.0085546383 0.0304173367 0.0265494162 0.026912204 0.0270195776
9 0.0422416704 0.0284136846 0.0430860686 0.0256386778 0.0397046101 0.027645152 0.040170877 0.0444473032 0.0 0.0316446695 0.0479783433 0.0256179235 0.0315231862 0.0098842803 0.031757144 0.0448269849 0.0386160693 0.0471787413 0.0629039239 0.043184175 0.0481192122 0.0150500477 0.0396926978 0.036534716 0.0182257955 0.0226293231 0.0521422302 0.0171598675 0.0265692633 0.0174133619
10 0.0242139626 0.0181574493 0.0389542202 0.0439730056 0.0492375957 0.0064957329 0.0318364817 0.030277772 0.0316446695 0.0 0.0380663792 0.0219224254 0.0351816265 0.0367697995 0.0140480341 0.0458075714 0.0431775555 0.039084668 0.035010973 0.0148507445 0.0542102309 0.0312199605 0.0546437712 0.0297579184 0.0429472052 0.0301773981 0.0360859858 0.0310711704 0.0504074544 0.0407682386
11 0.0576887745 0.0391856474 0.032954899 0.0124496409 0.0257483366 0.0344476632 0.0244788844 0.0203727392 0.0479783433 0.0380663792 0.0 0.0394086058 0.0367251415 0.0352818435 0.0276430016 0.0127273381 0.0462013832 0.0231711794 0.0651265793 0.0493240189 0.0413330763 0.0403452892 0.020923743 0.030888342 0.0411772998 0.0467044811 0.0403150109 0.0356379891 0.0010673045 0.0326270653
12 0.0359545263 0.0139135861 0.0230987414 0.0392116872 0.0375004176 0.0583750386 0.040477411 0.0524529323 0.0256179235 0.0219224254 0.0394086058 0.0 0.0346968239 0.0318986546 0.01375514 0.0375949073 0.0227381274 0.0231530516 0.0429043881 0.0404428803 0.0427195603 0.0648187566 0.0498945456 0.0357539347 0.0108170553 0.0339083733 0.0594044966 0.0239769972 0.0308637498 0.012725262
13 0.0473594258 0.0252893982 0.0401201494 0.0333794847 0.0213608881 0.0277638518 0.0548132536 0.0327881164 0.0315231862 0.0351816265 0.0367251415 0.0346968239 0.0 0.0561880942 0.0402327767 0.0353107137 0.0363933817 0.0355850042 0.0250092783 0.029428522 0.0319802474 0.0252837735 0.0303027506 0.0364497619 0.0489396067 0.0150076381 0.0194386471 0.0373452815 0.0382620575 0.0378411189
14 0.0226585345 0.0045703046 0.0399362257 0.0567412227 0.0515923994 0.0420627389 0.0502114701 0.0400002702 0.0098842803 0.0367697995 0.0352818435 0.0318986546 0.0561880942 0.0 0.0527401135 0.0287083013 0.0436593551 0.0269292671 0.0155650018 0.040904568 0.0301768812 0.01670028 0.037586103 0.0345696742 0.0475589845 0.048716739 0.0396558873 0.0201774073 0.019620056 0.0189355426
15 0.0445275268 0.0249375699 0.0278343625 0.0258711765 0.041588706 0.0509049611 0.0271265673 0.0262397089 0.031757144 0.0140480341 0.0276430016 0.01375514 0.0402327767 0.0527401135 0.0 0.0585250308 0.0258050466 0.0258654436 0.0436705726 0.0361882074 0.047081696 0.0099540111 0.0508579845 0.0422817377 0.0194311564 0.0435550253 0.0229736045 0.0394393223 0.0333673408 0.0517970315
16 0.0129809313 0.0411176784 0.0421578864 0.0434082769 0.0109682241 0.0361685155 0.0412373407 0.0143783874 0.0448269849 0.0458075714 0.0127273381 0.0375949073 0.0353107137 0.0287083013 0.0585250308 0.0 0.0366651147 0.0179906968 0.0482787322 0.0359184565 0.0412665276 0.0265258105 0.0381262489 0.0228536718 0.0481307516 0.0405669562 0.0240357067 0.0510454655 0.0267920381 0.0358857349
17 0.0305527291 0.0322574487 0.0285623288 0.0269718745 0.030647937 0.0460402937 0.0379489972 0.0282110559 0.0386160693 0.0431775555 0.0462013832 0.0227381274 0.0363933817 0.0436593551 0.0258050466 0.0366651147 0.0 0.0398818578 0.0150613926 0.0530594763 0.0236450818 0.0590764037 0.0303954907 0.0354123332 0.0365819444 0.014878811 0.0287507455 0.0408771025 0.0187885578 0.0491421041
18 0.0416990243 0.0283422639 0.0266266962 0.0314566345 0.0385711628 0.0147855732 0.0459869469 0.0342212644 0.0471787413 0.039084668 0.0231711794 0.0231530516 0.0355850042 0.0269292671 0.0258654436 0.0179906968 0.0398818578 0.0 0.0512463324 0.0281863454 0.0466586769 0.0439843731 0.0294285698 0.0392933676 0.0288551131 0.040152801 0.0322041275 0.0267555623 0.0418858109 0.050819444
19 0.0145390927 0.0392207843 0.0436967246 0.0624589084 0.0346103323 0.039009382 0.0357372304 0.052504875 0.0629039239 0.035010973 0.0651265793 0.0429043881 0.0250092783 0.0155650018 0.0436705726 0.0482787322 0.0150613926 0.0512463324 0.0 0.0374525595 0.0142966562 0.0316097115 0.0131434848 0.0415903878 0.0335617988 0.0090058436 0.0047926496 0.0314537322 0.020259697 0.036278975
20 0.0243509261 0.040377532 0.0303290763 0.0427903608 0.0417441399 0.0226706417 0.0248474412 0.0382238248 0.043184175 0.0148507445 0.0493240189 0.0404428803 0.029428522 0.040904568 0.0361882074 0.0359184565 0.0530594763 0.0281863454 0.0374525595 0.0 0.0308880686 0.0325699491 0.0329533234 0.0345799717 0.0271352454 0.0616789719 0.0102200088 0.0258194419 0.0401882283 0.0296928945
21 0.0304225752 0.0036742628 0.0067060962 0.0374656228 0.0376460645 0.0305121729 0.0266642916 0.0197698224 0.0481192122 0.0542102309 0.0413330763 0.0427195603 0.0319802474 0.0301768812 0.047081696 0.0412665276 0.0236450818 0.0466586769 0.0142966562 0.0308880686 0.0 0.0429847268 0.0406171932 0.0556056175 0.0091037171 0.0473904534 0.0303427572 0.0462137937 0.0449952303 0.037509687
22 0.0166193731 0.0462546035 0.0528421561 0.0331339505 0.0267433118 0.029288781 0.008151575 0.0577838727 0.0150500477 0.0312199605 0.0403452892 0.0648187566 0.0252837735 0.01670028 0.0099540111 0.0265258105 0.0590764037 0.0439843731 0.0316097115 0.0325699491 0.0429847268 0.0 0.0538207784 0.036885788 0.0518332581 0.0179423988 0.0359715553 0.0340026438 0.0166788655 0.041923995
23 0.0614684791 0.0398932917 0.0456775657 0.0031005576 0.0321789437 0.0241569501 0.0124761765 0.0222025508 0.0396926978 0.0546437712 0.020923743 0.0498945456 0.0303027506 0.037586103 0.0508579845 0.0381262489 0.0303954907 0.0294285698 0.0131434848 0.0329533234 0.0406171932 0.0538207784 0.0 0.0087749415 0.029832564 0.0478228455 0.0490738398 0.0273839192 0.034688041 0.038882649
24 0.0552136178 0.0395581182 0.0243587811 0.036589302 0.0127106679 0.0216765377 0.0349813663 0.0334074395 0.036534716 0.0297579184 0.030888342 0.0357539347 0.0364497619 0.0345696742 0.0422817377 0.0228536718 0.0354123332 0.0392933676 0.0415903878 0.0345799717 0.0556056175 0.036885788 0.0087749415 0.0 0.035133341 0.0315371708 0.0259371692 0.0321290781 0.0648283223 0.0307069241
25 0.0334136892 0.0371949368 0.0251038325 0.0232254489 0.0575090533 0.0258450174 0.0457561729 0.0240677507 0.0182257955 0.0429472052 0.0411772998 0.0108170553 0.0489396067 0.0475589845 0.0194311564 0.0481307516 0.0365819444 0.0288551131 0.0335617988 0.0271352454 0.0091037171 0.0518332581 0.029832564 0.035133341 0.0 0.0137141584 0.0407976176 0.0469366268 0.0551379517 0.0420329068
26 0.0712132386 0.0237305197 0.0447609606 0.0459540735 0.0191198501 0.0394514876 0.0221661565 0.0085546383 0.0226293231 0.0301773981 0.0467044811 0.0339083733 0.0150076381 0.048716739 0.0435550253 0.0405669562 0.014878811 0.040152801 0.0090058436 0.0616789719 0.0473904534 0.0179423988 0.0478228455 0.0315371708 0.0137141584 0.0 0.0503240601 0.0393866815 0.0309531055 0.0389958393
27 0.0504727249 0.040108508 0.028474161 0.0373811859 0.0545773013 0.0223093285 0.0513846441 0.0304173367 0.0521422302 0.0360859858 0.0403150109 0.0594044966 0.0194386471 0.0396558873 0.0229736045 0.0240357067 0.0287507455 0.0322041275 0.0047926496 0.0102200088 0.0303427572 0.0359715553 0.0490738398 0.0259371692 0.0407976176 0.0503240601 0.0 0.0049808255 0.0480213878 0.0294064966
28 0.0303170623 0.051672403 0.0377046562 0.0309675636 0.0426378961 0.0434677028 0.0430338514 0.0265494162 0.0171598675 0.0310711704 0.0356379891 0.0239769972 0.0373452815 0.0201774073 0.0394393223 0.0510454655 0.0408771025 0.0267555623 0.0314537322 0.0258194419 0.0462137937 0.0340026438 0.0273839192 0.0321290781 0.0469366268 0.0393866815 0.0049808255 0.0 0.0502028949 0.0316536456
29 0.0138158923 0.0450476377 0.0473823819 0.0432275085 0.0185215379 0.0480166806 0.0267614724 0.026912204 0.0265692633 0.0504074544 0.0010673045 0.0308637498 0.0382620575 0.019620056 0.0333673408 0.0267920381 0.0187885578 0.0418858109 0.020259697 0.0401882283 0.0449952303 0.0166788655 0.034688041 0.0648283223 0.0551379517 0.0309531055 0.0480213878 0.0502028949 0.0 0.0367373273
30 0.0465871827 0.0518722571 0.0146491303 0.0118157123 0.0211774617 0.0312719362 0.0538304981 0.0270195776 0.0174133619 0.0407682386 0.0326270653 0.012725262 0.0378411189 0.0189355426 0.0517970315 0.0358857349 0.0491421041 0.050819444 0.036278975 0.0296928945 0.037509687 0.041923995 0.038882649 0.0307069241 0.0420329068 0.0389958393 0.0294064966 0.0316536456 0.0367373273 0.0
