55
1 0.0 2.0 6.0 3.0 7.0 10.0 4.0 2.0 2.0 9.0 6.0 5.0 1.0 2.0 4.0 10.0 2.0 10.0 7.0 8.0 10.0 7.0 9.0 6.0 2.0 1.0 8.0 2.0 2.0 8.0 6.0 10.0 4.0 7.0 4.0 9.0 10.0 3.0 7.0 1.0 10.0 10.0 8.0 7.0 3.0 2.0 10.0 7.0 5.0 5.0 5.0 9.0 10.0 4.0 7.0
2 2.0 0.0 9.0 8.0 1.0 6.0 2.0 9.0 2.0 10.0 3.0 10.0 9.0 6.0 7.0 1.0 7.0 1.0 1.0 3.0 1.0 5.0 4.0 8.0 9.0 2.0 10.0 8.0 10.0 4.0 2.0 8.0 7.0 6.0 6.0 1.0 10.0 2.0 7.0 7.0 3.0 4.0 3.0 7.0 7.0 8.0 6.0 5.0 1.0 5.0 7.0 8.0 2.0 8.0 6.0
3 6.0 9.0 0.0 8.0 1.0 4.0 2.0 4.0 8.0 5.0 4.0 2.0 9.0 9.0 7.0 2.0 3.0 3.0 4.0 7.0 2.0 7.0 8.0 7.0 7.0 3.0 7.0 10.0 5.0 4.0 6.0 7.0 2.0 3.0 5.0 3.0 5.0 2.0 1.0 1.0 2.0 2.0 5.0 5.0 9.0 7.0 1.0 10.0 4.0 2.0 9.0 6.0 4.0 5.0 6.0
4 3.0 8.0 8.0 0.0 2.0 4.0 5.0 4.0 6.0 4.0 6.0 9.0 10.0 7.0 9.0 10.0 3.0 6.0 9.0 4.0 9.0 10.0 2.0 4.0 4.0 5.0 3.0 7.0 10.0 6.0 2.0 6.0 8.0 6.0 1.0 2.0 5.0 6.0 1.0 8.0 1.0 3.0 10.0 10.0 3.0 5.0 7.0 8.0 2.0 6.0 7.0 9.0 7.0 7.0 9.0
5 7.0 1.0 1.0 2.0 0.0 7.0 7.0 2.0 4.0 1.0 8.0 7.0 10.0 8.0 2.0 5.0 3.0 8.0 7.0 10.0 10.0 7.0 2.0 2.0 8.0 10.0 8.0 1.0 3.0 4.0 6.0 6.0 8.0 9.0 9.0 7.0 9.0 8.0 5.0 1.0 10.0 2.0 5.0 2.0 9.0 9.0 5.0 4.0 1.0 6.0 2.0 9.0 8.0 10.0 8.0
6 10.0 6.0 4.0 4.0 7.0 0.0 6.0 10.0 1.0 7.0 6.0 5.0 10.0 3.0 3.0 2.0 6.0 9.0 8.0 4.0 4.0 4.0 5.0 5.0 6.0 3.0 4.0 6.0 2.0 9.0 1.0 6.0 7.0 7.0 3.0 6.0 9.0 3.0 7.0 7.0 6.0 8.0 1.0 1.0 6.0 4.0 5.0 3.0 2.0 8.0 4.0 1.0 4.0 8.0 9.0
7 4.0 2.0 2.0 5.0 7.0 6.0 0.0 6.0 7.0 7.0 9.0 10.0 2.0 8.0 6.0 10.0 6.0 4.0 1.0 3.0 10.0 9.0 10.0 9.0 1.0 6.0 2.0 2.0 9.0 10.0 5.0 5.0 5.0 7.0 6.0 5.0 4.0 6.0 8.0 6.0 3.0 7.0 4.0 6.0 8.0 9.0 6.0 8.0 3.0 3.0 9.0 10.0 8.0 8.0 10.0
8 2.0 9.0 4.0 4.0 2.0 10.0 6.0 0.0 7.0 3.0 8.0 3.0 8.0 3.0 8.0 4.0 5.0 5.0 5.0 9.0 10.0 4.0 1.0 10.0 3.0 4.0 10.0 7.0 3.0 3.0 3.0 4.0 5.0 4.0 2.0 10.0 3.0 10.0 4.0 4.0 4.0 2.0 7.0 3.0 4.0 5.0 1.0 1.0 7.0 8.0 6.0 4.0 7.0 3.0 10.0
9 2.0 2.0 8.0 6.0 4.0 1.0 7.0 7.0 0.0 1.0 9.0 7.0 4.0 5.0 8.0 5.0 5.0 5.0 2.0 8.0 10.0 10.0 1.0 4.0 2.0 6.0 7.0 4.0 9.0 7.0 5.0 6.0 6.0 7.0 1.0 6.0 5.0 8.0 7.0 10.0 6.0 8.0 8.0 3.0 8.0 6.0 1.0 3.0 1.0 6.0 3.0 1.0 5.0 9.0 7.0
10 9.0 10.0 5.0 4.0 1.0 7.0 7.0 3.0 1.0 0.0 4.0 8.0 5.0 2.0 7.0 9.0 1.0 2.0 6.0 1.0 6.0 5.0 5.0 3.0 4.0 2.0 3.0 2.0 2.0 2.0 7.0 2.0 2.0 7.0 6.0 5.0 8.0 5.0 2.0 8.0 5.0 2.0 8.0 7.0 7.0 8.0 9.0 9.0 8.0 5.0 2.0 7.0 9.0 5.0 5.0
11 6.0 3.0 4.0 6.0 8.0 6.0 9.0 8.0 9.0 4.0 0.0 9.0 8.0 5.0 9.0 1.0 1.0 9.0 9.0 5.0 4.0 7.0 6.0 5.0 9.0 4.0 10.0 3.0 2.0 2.0 5.0 2.0 8.0 3.0 2.0 2.0 4.0 7.0 2.0 9.0 5.0 5.0 3.0 9.0 6.0 2.0 8.0 8.0 9.0 3.0 7.0 5.0 2.0 6.0 5.0
12 5.0 10.0 2.0 9.0 7.0 5.0 10.0 3.0 7.0 8.0 9.0 0.0 4.0 5.0 1.0 7.0 6.0 5.0 4.0 8.0 3.0 2.0 4.0 6.0 1.0 4.0 8.0 4.0 1.0 10.0 5.0 3.0 5.0 4.0 9.0 9.0 4.0 9.0 6.0 6.0 5.0 2.0 3.0 4.0 4.0 3.0 2.0 5.0 2.0 2.0 2.0 3.0 2.0 5.0 5.0
13 1.0 9.0 9.0 10.0 10.0 10.0 2.0 8.0 4.0 5.0 8.0 4.0 0.0 3.0 2.0 3.0 6.0 9.0 1.0 10.0 1.0 4.0 8.0 4.0 8.0 8.0 10.0 10.0 5.0 6.0 10.0 10.0 3.0 4.0 4.0 6.0 6.0 3.0 4.0 5.0 9.0 6.0 6.0 6.0 9.0 10.0 9.0 4.0 4.0 1.0 1.0 6.0 3.0 4.0 10.0
14 2.0 6.0 9.0 7.0 8.0 3.0 8.0 3.0 5.0 2.0 5.0 5.0 3.0 0.0 2.0 1.0 8.0 1.0 1.0 6.0 6.0 10.0 3.0 4.0 3.0 5.0 8.0 5.0 6.0 7.0 4.0 3.0 1.0 5.0 2.0 5.0 5.0 1.0 4.0 2.0 9.0 5.0 2.0 9.0 2.0 8.0 10.0 7.0 5.0 8.0 2.0 6.0 5.0 3.0 7.0
15 4.0 7.0 7.0 9.0 2.0 3.0 6.0 8.0 8.0 7.0 9.0 1.0 2.0 2.0 0.0 2.0 3.0 2.0 5.0 5.0 9.0 9.0 8.0 2.0 2.0 3.0 6.0 4.0 3.0 4.0 3.0 8.0 1.0 8.0 10.0 3.0 8.0 10.0 10.0 6.0 10.0 2.0 10.0 10.0 1.0 10.0 9.0 8.0 9.0 2.0 8.0 10.0 8.0 2.0 5.0
16 10.0 1.0 2.0 10.0 5.0 2.0 10.0 4.0 5.0 9.0 1.0 7.0 3.0 1.0 2.0 0.0 4.0 8.0 7.0 9.0 3.0 9.0 3.0 4.0 10.0 10.0 8.0 8.0 4.0 3.0 8.0 5.0 7.0 6.0 2.0 7.0 7.0 2.0 1.0 5.0 1.0 5.0 8.0 9.0 5.0 9.0 9.0 2.0 8.0 9.0 6.0 3.0 5.0 9.0 6.0
17 2.0 7.0 3.0 3.0 3.0 6.0 6.0 5.0 5.0 1.0 1.0 6.0 6.0 8.0 3.0 4.0 0.0 1.0 10.0 9.0 5.0 3.0 1.0 3.0 4.0 1.0 10.0 2.0 2.0 7.0 1.0 4.0 4.0 1.0 2.0 3.0 8.0 4.0 2.0 1.0 2.0 4.0 5.0 1.0 8.0 3.0 10.0 2.0 8.0 8.0 3.0 10.0 2.0 9.0 10.0
18 10.0 1.0 3.0 6.0 8.0 9.0 4.0 5.0 5.0 2.0 9.0 5.0 9.0 1.0 2.0 8.0 1.0 0.0 5.0 6.0 9.0 9.0 1.0 1.0 8.0 9.0 6.0 10.0 1.0 7.0 8.0 2.0 6.0 9.0 2.0 9.0 8.0 4.0 2.0 10.0 9.0 6.0 3.0 6.0 3.0 6.0 6.0 1.0 3.0 4.0 9.0 2.0 3.0 10.0 5.0
19 7.0 1.0 4.0 9.0 7.0 8.0 1.0 5.0 2.0 6.0 9.0 4.0 1.0 1.0 5.0 7.0 10.0 5.0 0.0 4.0 3.0 7.0 9.0 4.0 9.0 7.0 6.0 5.0 7.0 7.0 4.0 3.0 7.0 1.0 5.0 4.0 1.0 2.0 5.0 3.0 6.0 4.0 4.0 2.0 6.0 9.0 8.0 5.0 5.0 1.0 8.0 7.0 7.0 9.0 1.0
20 8.0 3.0 7.0 4.0 10.0 4.0 3.0 9.0 8.0 1.0 5.0 8.0 10.0 6.0 5.0 9.0 9.0 6.0 4.0 0.0 3.0 1.0 9.0 1.0 3.0 8.0 6.0 6.0 6.0 5.0 7.0 7.0 4.0 4.0 2.0 7.0 6.0 2.0 10.0 5.0 9.0 9.0 1.0 4.0 6.0 10.0 9.0 1.0 7.0 9.0 4.0 8.0 8.0 7.0 2.0
21 10.0 1.0 2.0 9.0 10.0 4.0 10.0 10.0 10.0 6.0 4.0 3.0 1.0 6.0 9.0 3.0 5.0 9.0 3.0 3.0 0.0 6.0 5.0 4.0 3.0 4.0 10.0 3.0 6.0 2.0 10.0 9.0 3.0 1.0 5.0 5.0 3.0 4.0 5.0 6.0 9.0 10.0 8.0 4.0 8.0 1.0 2.0 3.0 9.0 5.0 4.0 9.0 5.0 3.0 7.0
22 7.0 5.0 7.0 10.0 7.0 4.0 9.0 4.0 10.0 5.0 7.0 2.0 4.0 10.0 9.0 9.0 3.0 9.0 7.0 1.0 6.0 0.0 2.0 1.0 7.0 7.0 2.0 10.0 9.0 5.0 10.0 8.0 2.0 10.0 7.0 8.0 6.0 9.0 6.0 9.0 10.0 2.0 3.0 5.0 8.0 5.0 6.0 9.0 7.0 3.0 1.0 2.0 1.0 8.0 10.0
23 9.0 4.0 8.0 2.0 2.0 5.0 10.0 1.0 1.0 5.0 6.0 4.0 8.0 3.0 8.0 3.0 1.0 1.0 9.0 9.0 5.0 2.0 0.0 5.0 2.0 8.0 9.0 6.0 1.0 8.0 3.0 9.0 6.0 2.0 2.0 5.0 9.0 10.0 9.0 9.0 7.0 4.0 3.0 7.0 2.0 1.0 7.0 5.0 5.0 10.0 4.0 7.0 8.0 9.0 9.0
24 6.0 8.0 7.0 4.0 2.0 5.0 9.0 10.0 4.0 3.0 5.0 6.0 4.0 4.0 2.0 4.0 3.0 1.0 4.0 1.0 4.0 1.0 5.0 0.0 9.0 5.0 2.0 7.0 2.0 5.0 2.0 7.0 6.0 6.0 7.0 9.0 8.0 5.0 2.0 2.0 1.0 4.0 2.0 7.0 7.0 10.0 4.0 7.0 6.0 10.0 9.0 9.0 5.0 4.0 2.0
25 2.0 9.0 7.0 4.0 8.0 6.0 1.0 3.0 2.0 4.0 9.0 1.0 8.0 3.0 2.0 10.0 4.0 8.0 9.0 3.0 3.0 7.0 2.0 9.0 0.0 8.0 10.0 8.0 6.0 9.0 1.0 10.0 8.0 7.0 8.0 5.0 4.0 9.0 5.0 3.0 8.0 6.0 8.0 1.0 8.0 7.0 4.0 4.0 5.0 8.0 10.0 7.0 8.0 1.0 7.0
26 1.0 2.0 3.0 5.0 10.0 3.0 6.0 4.0 6.0 2.0 4.0 4.0 8.0 5.0 3.0 10.0 1.0 9.0 7.0 8.0 4.0 7.0 8.0 5.0 8.0 0.0 10.0 10.0 9.0 2.0 10.0 2.0 2.0 5.0 1.0 8.0 10.0 7.0 10.0 7.0 2.0 4.0 4.0 8.0 5.0 4.0 9.0 3.0 7.0 4.0 3.0 8.0 7.0 1.0 3.0
27 8.0 10.0 7.0 3.0 8.0 4.0 2.0 10.0 7.0 3.0 10.0 8.0 10.0 8.0 6.0 8.0 10.0 6.0 6.0 6.0 10.0 2.0 9.0 2.0 10.0 10.0 0.0 10.0 5.0 4.0 6.0 3.0 3.0 4.0 6.0 2.0 10.0 1.0 6.0 5.0 9.0 7.0 2.0 10.0 4.0 2.0 1.0 3.0 4.0 10.0 6.0 8.0 9.0 10.0 4.0
28 2.0 8.0 10.0 7.0 1.0 6.0 2.0 7.0 4.0 2.0 3.0 4.0 10.0 5.0 4.0 8.0 2.0 10.0 5.0 6.0 3.0 10.0 6.0 7.0 8.0 10.0 10.0 0.0 3.0 6.0 1.0 7.0 6.0 2.0 1.0 5.0 4.0 10.0 7.0 9.0 7.0 8.0 8.0 7.0 5.0 1.0 7.0 1.0 3.0 1.0 10.0 7.0 7.0 2.0 1.0
29 2.0 10.0 5.0 10.0 3.0 2.0 9.0 3.0 9.0 2.0 2.0 1.0 5.0 6.0 3.0 4.0 2.0 1.0 7.0 6.0 6.0 9.0 1.0 2.0 6.0 9.0 5.0 3.0 0.0 1.0 3.0 7.0 1.0 1.0 6.0 1.0 6.0 8.0 7.0 8.0 9.0 3.0 3.0 9.0 7.0 1.0 1.0 10.0 6.0 6.0 4.0 6.0 6.0 3.0 9.0
30 8.0 4.0 4.0 6.0 4.0 9.0 10.0 3.0 7.0 2.0 2.0 10.0 6.0 7.0 4.0 3.0 7.0 7.0 7.0 5.0 2.0 5.0 8.0 5.0 9.0 2.0 4.0 6.0 1.0 0.0 7.0 9.0 1.0 3.0 5.0 8.0 8.0 6.0 1.0 3.0 2.0 8.0 4.0 3.0 10.0 4.0 8.0 6.0 9.0 4.0 3.0 2.0 5.0 8.0 1.0
31 6.0 2.0 6.0 2.0 6.0 1.0 5.0 3.0 5.0 7.0 5.0 5.0 10.0 4.0 3.0 8.0 1.0 8.0 4.0 7.0 10.0 10.0 3.0 2.0 1.0 10.0 6.0 1.0 3.0 7.0 0.0 3.0 6.0 1.0 5.0 10.0 4.0 10.0 9.0 7.0 10.0 7.0 7.0 8.0 5.0 5.0 6.0 9.0 7.0 7.0 6.0 9.0 7.0 5.0 2.0
32 10.0 8.0 7.0 6.0 6.0 6.0 5.0 4.0 6.0 2.0 2.0 3.0 10.0 3.0 8.0 5.0 4.0 2.0 3.0 7.0 9.0 8.0 9.0 7.0 10.0 2.0 3.0 7.0 7.0 9.0 3.0 0.0 3.0 4.0 5.0 10.0 7.0 3.0 4.0 3.0 8.0 4.0 2.0 10.0 6.0 8.0 2.0 10.0 6.0 7.0 2.0 8.0 10.0 2.0 7.0
33 4.0 7.0 2.0 8.0 8.0 7.0 5.0 5.0 6.0 2.0 8.0 5.0 3.0 1.0 1.0 7.0 4.0 6.0 7.0 4.0 3.0 2.0 6.0 6.0 8.0 2.0 3.0 6.0 1.0 1.0 6.0 3.0 0.0 2.0 5.0 8.0 8.0 8.0 5.0 9.0 1.0 10.0 10.0 5.0 7.0 3.0 1.0 8.0 8.0 4.0 10.0 2.0 8.0 10.0 4.0
34 7.0 6.0 3.0 6.0 9.0 7.0 7.0 4.0 7.0 7.0 3.0 4.0 4.0 5.0 8.0 6.0 1.0 9.0 1.0 4.0 1.0 10.0 2.0 6.0 7.0 5.0 4.0 2.0 1.0 3.0 1.0 4.0 2.0 0.0 10.0 8.0 3.0 10.0 9.0 7.0 10.0 2.0 8.0 9.0 2.0 4.0 3.0 1.0 2.0 1.0 2.0 4.0 5.0 8.0 3.0
35 4.0 6.0 5.0 1.0 9.0 3.0 6.0 2.0 1.0 6.0 2.0 9.0 4.0 2.0 10.0 2.0 2.0 2.0 5.0 2.0 5.0 7.0 2.0 7.0 8.0 1.0 6.0 1.0 6.0 5.0 5.0 5.0 5.0 10.0 0.0 1.0 7.0 1.0 4.0 10.0 3.0 5.0 7.0 4.0 6.0 4.0 9.0 2.0 10.0 5.0 3.0 6.0 5.0 8.0 2.0
36 9.0 1.0 3.0 2.0 7.0 6.0 5.0 10.0 6.0 5.0 2.0 9.0 6.0 5.0 3.0 7.0 3.0 9.0 4.0 7.0 5.0 8.0 5.0 9.0 5.0 8.0 2.0 5.0 1.0 8.0 10.0 10.0 8.0 8.0 1.0 0.0 5.0 8.0 5.0 5.0 2.0 10.0 9.0 5.0 3.0 10.0 7.0 2.0 2.0 9.0 10.0 9.0 9.0 6.0 7.0
37 10.0 10.0 5.0 5.0 9.0 9.0 4.0 3.0 5.0 8.0 4.0 4.0 6.0 5.0 8.0 7.0 8.0 8.0 1.0 6.0 3.0 6.0 9.0 8.0 4.0 10.0 10.0 4.0 6.0 8.0 4.0 7.0 8.0 3.0 7.0 5.0 0.0 8.0 6.0 10.0 3.0 3.0 3.0 8.0 3.0 3.0 5.0 8.0 7.0 9.0 9.0 8.0 3.0 7.0 4.0
38 3.0 2.0 2.0 6.0 8.0 3.0 6.0 10.0 8.0 5.0 7.0 9.0 3.0 1.0 10.0 2.0 4.0 4.0 2.0 2.0 4.0 9.0 10.0 5.0 9.0 7.0 1.0 10.0 8.0 6.0 10.0 3.0 8.0 10.0 1.0 8.0 8.0 0.0 9.0 3.0 9.0 1.0 1.0 2.0 6.0 10.0 3.0 5.0 5.0 1.0 1.0 9.0 4.0 2.0 9.0
39 7.0 7.0 1.0 1.0 5.0 7.0 8.0 4.0 7.0 2.0 2.0 6.0 4.0 4.0 10.0 1.0 2.0 2.0 5.0 10.0 5.0 6.0 9.0 2.0 5.0 10.0 6.0 7.0 7.0 1.0 9.0 4.0 5.0 9.0 4.0 5.0 6.0 9.0 0.0 4.0 3.0 5.0 4.0 7.0 6.0 8.0 2.0 5.0 8.0 7.0 10.0 6.0 10.0 1.0 4.0
40 1.0 7.0 1.0 8.0 1.0 7.0 6.0 4.0 10.0 8.0 9.0 6.0 5.0 2.0 6.0 5.0 1.0 10.0 3.0 5.0 6.0 9.0 9.0 2.0 3.0 7.0 5.0 9.0 8.0 3.0 7.0 3.0 9.0 7.0 10.0 5.0 10.0 3.0 4.0 0.0 3.0 2.0 7.0 3.0 10.0 1.0 4.0 7.0 6.0 2.0 7.0 5.0 6.0 10.0 2.0
41 10.0 3.0 2.0 1.0 10.0 6.0 3.0 4.0 6.0 5.0 5.0 5.0 9.0 9.0 10.0 1.0 2.0 9.0 6.0 9.0 9.0 10.0 7.0 1.0 8.0 2.0 9.0 7.0 9.0 2.0 10.0 8.0 1.0 10.0 3.0 2.0 3.0 9.0 3.0 3.0 0.0 7.0 9.0 8.0 8.0 1.0 5.0 10.0 6.0 1.0 8.0 7.0 5.0 1.0 5.0
42 10.0 4.0 2.0 3.0 2.0 8.0 7.0 2.0 8.0 2.0 5.0 2.0 6.0 5.0 2.0 5.0 4.0 6.0 4.0 9.0 10.0 2.0 4.0 4.0 6.0 4.0 7.0 8.0 3.0 8.0 7.0 4.0 10.0 2.0 5.0 10.0 3.0 1.0 5.0 2.0 7.0 0.0 6.0 2.0 10.0 1.0 9.0 9.0 4.0 7.0 5.0 10.0 10.0 8.0 5.0
43 8.0 3.0 5.0 10.0 5.0 1.0 4.0 7.0 8.0 8.0 3.0 3.0 6.0 2.0 10.0 8.0 5.0 3.0 4.0 1.0 8.0 3.0 3.0 2.0 8.0 4.0 2.0 8.0 3.0 4.0 7.0 2.0 10.0 8.0 7.0 9.0 3.0 1.0 4.0 7.0 9.0 6.0 0.0 5.0 2.0 7.0 5.0 9.0 1.0 2.0 1.0 1.0 9.0 4.0 10.0
44 7.0 7.0 5.0 10.0 2.0 1.0 6.0 3.0 3.0 7.0 9.0 4.0 6.0 9.0 10.0 9.0 1.0 6.0 2.0 4.0 4.0 5.0 7.0 7.0 1.0 8.0 10.0 7.0 9.0 3.0 8.0 10.0 5.0 9.0 4.0 5.0 8.0 2.0 7.0 3.0 8.0 2.0 5.0 0.0 9.0 1.0 8.0 10.0 7.0 5.0 5.0 4.0 6.0 1.0 10.0
45 3.0 7.0 9.0 3.0 9.0 6.0 8.0 4.0 8.0 7.0 6.0 4.0 9.0 2.0 1.0 5.0 8.0 3.0 6.0 6.0 8.0 8.0 2.0 7.0 8.0 5.0 4.0 5.0 7.0 10.0 5.0 6.0 7.0 2.0 6.0 3.0 3.0 6.0 6.0 10.0 8.0 10.0 2.0 9.0 0.0 9.0 2.0 1.0 3.0 10.0 2.0 4.0 7.0 6.0 2.0
46 2.0 8.0 7.0 5.0 9.0 4.0 9.0 5.0 6.0 8.0 2.0 3.0 10.0 8.0 10.0 9.0 3.0 6.0 9.0 10.0 1.0 5.0 1.0 10.0 7.0 4.0 2.0 1.0 1.0 4.0 5.0 8.0 3.0 4.0 4.0 10.0 3.0 10.0 8.0 1.0 1.0 1.0 7.0 1.0 9.0 0.0 5.0 2.0 5.0 8.0 3.0 3.0 9.0 8.0 2.0
47 10.0 6.0 1.0 7.0 5.0 5.0 6.0 1.0 1.0 9.0 8.0 2.0 9.0 10.0 9.0 9.0 10.0 6.0 8.0 9.0 2.0 6.0 7.0 4.0 4.0 9.0 1.0 7.0 1.0 8.0 6.0 2.0 1.0 3.0 9.0 7.0 5.0 3.0 2.0 4.0 5.0 9.0 5.0 8.0 2.0 5.0 0.0 1.0 2.0 6.0 10.0 9.0 5.0 7.0 9.0
48 7.0 5.0 10.0 8.0 4.0 3.0 8.0 1.0 3.0 9.0 8.0 5.0 4.0 7.0 8.0 2.0 2.0 1.0 5.0 1.0 3.0 9.0 5.0 7.0 4.0 3.0 3.0 1.0 10.0 6.0 9.0 10.0 8.0 1.0 2.0 2.0 8.0 5.0 5.0 7.0 10.0 9.0 9.0 10.0 1.0 2.0 1.0 0.0 10.0 3.0 8.0 5.0 9.0 2.0 9.0
49 5.0 1.0 4.0 2.0 1.0 2.0 3.0 7.0 1.0 8.0 9.0 2.0 4.0 5.0 9.0 8.0 8.0 3.0 5.0 7.0 9.0 7.0 5.0 6.0 5.0 7.0 4.0 3.0 6.0 9.0 7.0 6.0 8.0 2.0 10.0 2.0 7.0 5.0 8.0 6.0 6.0 4.0 1.0 7.0 3.0 5.0 2.0 10.0 0.0 2.0 2.0 4.0 8.0 1.0 5.0
50 5.0 5.0 2.0 6.0 6.0 8.0 3.0 8.0 6.0 5.0 3.0 2.0 1.0 8.0 2.0 9.0 8.0 4.0 1.0 9.0 5.0 3.0 10.0 10.0 8.0 4.0 10.0 1.0 6.0 4.0 7.0 7.0 4.0 1.0 5.0 9.0 9.0 1.0 7.0 2.0 1.0 7.0 2.0 5.0 10.0 8.0 6.0 3.0 2.0 0.0 7.0 10.0 6.0 1.0 4.0
51 5.0 7.0 9.0 7.0 2.0 4.0 9.0 6.0 3.0 2.0 7.0 2.0 1.0 2.0 8.0 6.0 3.0 9.0 8.0 4.0 4.0 1.0 4.0 9.0 10.0 3.0 6.0 10.0 4.0 3.0 6.0 2.0 10.0 2.0 3.0 10.0 9.0 1.0 10.0 7.0 8.0 5.0 1.0 5.0 2.0 3.0 10.0 8.0 2.0 7.0 0.0 9.0 1.0 1.0 2.0
52 9.0 8.0 6.0 9.0 9.0 1.0 10.0 4.0 1.0 7.0 5.0 3.0 6.0 6.0 10.0 3.0 10.0 2.0 7.0 8.0 9.0 2.0 7.0 9.0 7.0 8.0 8.0 7.0 6.0 2.0 9.0 8.0 2.0 4.0 6.0 9.0 8.0 9.0 6.0 5.0 7.0 10.0 1.0 4.0 4.0 3.0 9.0 5.0 4.0 10.0 9.0 0.0 8.0 1.0 4.0
53 10.0 2.0 4.0 7.0 8.0 4.0 8.0 7.0 5.0 9.0 2.0 2.0 3.0 5.0 8.0 5.0 2.0 3.0 7.0 8.0 5.0 1.0 8.0 5.0 8.0 7.0 9.0 7.0 6.0 5.0 7.0 10.0 8.0 5.0 5.0 9.0 3.0 4.0 10.0 6.0 5.0 10.0 9.0 6.0 7.0 9.0 5.0 9.0 8.0 6.0 1.0 8.0 0.0 1.0 7.0
54 4.0 8.0 5.0 7.0 10.0 8.0 8.0 3.0 9.0 5.0 6.0 5.0 4.0 3.0 2.0 9.0 9.0 10.0 9.0 7.0 3.0 8.0 9.0 4.0 1.0 1.0 10.0 2.0 3.0 8.0 5.0 2.0 10.0 8.0 8.0 6.0 7.0 2.0 1.0 10.0 1.0 8.0 4.0 1.0 6.0 8.0 7.0 2.0 1.0 1.0 1.0 1.0 1.0 0.0 3.0
55 7.0 6.0 6.0 9.0 8.0 9.0 10.0 10.0 7.0 5.0 5.0 5.0 10.0 7.0 5.0 6.0 10.0 5.0 1.0 2.0 7.0 10.0 9.0 2.0 7.0 3.0 4.0 1.0 9.0 1.0 2.0 7.0 4.0 3.0 2.0 7.0 4.0 9.0 4.0 2.0 5.0 5.0 10.0 10.0 2.0 2.0 9.0 9.0 5.0 4.0 2.0 4.0 7.0 3.0 0.0
