40
1 0.0 5.0 5.0 3.0 8.0 6.0 6.0 9.0 3.0 1.0 5.0 8.0 6.0 9.0 1.0 6.0 1.0 8.0 8.0 8.0 10.0 3.0 6.0 9.0 3.0 4.0 5.0 9.0 10.0 4.0 7.0 2.0 7.0 5.0 8.0 5.0 6.0 8.0 3.0 9.0
2 5.0 0.0 5.0 4.0 7.0 5.0 8.0 4.0 1.0 7.0 8.0 1.0 3.0 9.0 5.0 10.0 10.0 3.0 7.0 6.0 4.0 3.0 3.0 6.0 4.0 2.0 8.0 6.0 4.0 7.0 1.0 7.0 7.0 10.0 2.0 8.0 5.0 10.0 3.0 7.0
3 5.0 5.0 0.0 3.0 10.0 10.0 10.0 2.0 10.0 9.0 7.0 7.0 1.0 6.0 7.0 7.0 6.0 4.0 5.0 3.0 8.0 8.0 1.0 6.0 3.0 8.0 4.0 9.0 2.0 6.0 6.0 8.0 9.0 5.0 3.0 1.0 10.0 9.0 7.0 4.0
4 3.0 4.0 3.0 0.0 8.0 6.0 1.0 5.0 7.0 1.0 5.0 4.0 3.0 6.0 3.0 8.0 6.0 3.0 8.0 8.0 7.0 1.0 6.0 6.0 8.0 7.0 10.0 3.0 7.0 6.0 10.0 6.0 3.0 1.0 6.0 7.0 1.0 2.0 4.0 6.0
5 8.0 7.0 10.0 8.0 0.0 7.0 1.0 7.0 4.0 6.0 4.0 7.0 1.0 1.0 2.0 6.0 9.0 7.0 3.0 3.0 8.0 6.0 7.0 3.0 4.0 4.0 9.0 6.0 5.0 7.0 9.0 3.0 2.0 1.0 2.0 10.0 6.0 1.0 3.0 10.0
6 6.0 5.0 10.0 6.0 7.0 0.0 6.0 3.0 8.0 4.0 1.0 3.0 5.0 4.0 1.0 2.0 1.0 3.0 4.0 7.0 6.0 8.0 2.0 3.0 6.0 7.0 7.0 6.0 2.0 8.0 3.0 2.0 3.0 8.0 10.0 7.0 1.0 3.0 5.0 3.0
7 6.0 8.0 10.0 1.0 1.0 6.0 0.0 3.0 6.0 5.0 7.0 4.0 7.0 1.0 3.0 1.0 3.0 7.0 7.0 2.0 8.0 1.0 3.0 9.0 4.0 7.0 10.0 2.0 10.0 2.0 2.0 4.0 5.0 4.0 5.0 3.0 8.0 1.0 10.0 2.0
8 9.0 4.0 2.0 5.0 7.0 3.0 3.0 0.0 2.0 6.0 8.0 9.0 7.0 3.0 1.0 5.0 4.0 10.0 8.0 8.0 2.0 8.0 2.0 10.0 9.0 6.0 5.0 6.0 4.0 10.0 2.0 7.0 8.0 10.0 3.0 2.0 10.0 6.0 5.0 5.0
9 3.0 1.0 10.0 7.0 4.0 8.0 6.0 2.0 0.0 5.0 2.0 1.0 7.0 10.0 1.0 4.0 6.0 10.0 1.0 1.0 4.0 10.0 2.0 3.0 3.0 3.0 3.0 2.0 7.0 5.0 1.0 8.0 3.0 1.0 7.0 1.0 1.0 3.0 10.0 9.0
10 1.0 7.0 9.0 1.0 6.0 4.0 5.0 6.0 5.0 0.0 5.0 6.0 3.0 4.0 9.0 2.0 3.0 7.0 5.0 7.0 6.0 3.0 8.0 5.0 10.0 4.0 8.0 6.0 8.0 10.0 7.0 2.0 2.0 7.0 6.0 8.0 1.0 5.0 4.0 1.0
11 5.0 8.0 7.0 5.0 4.0 1.0 7.0 8.0 2.0 5.0 0.0 6.0 5.0 3.0 3.0 2.0 8.0 1.0 3.0 4.0 9.0 5.0 3.0 7.0 10.0 4.0 8.0 1.0 2.0 3.0 4.0 7.0 2.0 3.0 10.0 3.0 3.0 1.0 3.0 8.0
12 8.0 1.0 7.0 4.0 7.0 3.0 4.0 9.0 1.0 6.0 6.0 0.0 8.0 3.0 9.0 5.0 7.0 3.0 3.0 5.0 4.0 9.0 3.0 1.0 1.0 1.0 7.0 5.0 5.0 5.0 10.0 4.0 4.0 8.0 2.0 3.0 9.0 5.0 6.0 3.0
13 6.0 3.0 1.0 3.0 1.0 5.0 7.0 7.0 7.0 3.0 5.0 8.0 0.0 8.0 9.0 7.0 6.0 10.0 2.0 2.0 8.0 6.0 7.0 4.0 8.0 7.0 7.0 2.0 1.0 7.0 1.0 6.0 7.0 2.0 3.0 2.0 5.0 3.0 3.0 10.0
14 9.0 9.0 6.0 6.0 1.0 4.0 1.0 3.0 10.0 4.0 3.0 3.0 8.0 0.0 4.0 8.0 8.0 8.0 4.0 8.0 9.0 2.0 4.0 2.0 2.0 5.0 4.0 7.0 6.0 5.0 7.0 7.0 6.0 8.0 10.0 10.0 10.0 3.0 4.0 9.0
15 1.0 5.0 7.0 3.0 2.0 1.0 3.0 1.0 1.0 9.0 3.0 9.0 9.0 4.0 0.0 3.0 2.0 5.0 6.0 1.0 6.0 1.0 9.0 8.0 2.0 2.0 6.0 3.0 9.0 4.0 9.0 4.0 10.0 7.0 5.0 5.0 6.0 7.0 5.0 5.0
16 6.0 10.0 7.0 8.0 6.0 2.0 1.0 5.0 4.0 2.0 2.0 5.0 7.0 8.0 3.0 0.0 7.0 9.0 5.0 10.0 1.0 6.0 1.0 3.0 7.0 2.0 7.0 3.0 8.0 6.0 10.0 9.0 9.0 4.0 1.0 9.0 9.0 7.0 4.0 7.0
17 1.0 10.0 6.0 6.0 9.0 1.0 3.0 4.0 6.0 3.0 8.0 7.0 6.0 8.0 2.0 7.0 0.0 8.0 5.0 3.0 1.0 2.0 1.0 8.0 8.0 2.0 7.0 3.0 9.0 5.0 10.0 6.0 4.0 10.0 6.0 5.0 8.0 2.0 10.0 8.0
18 8.0 3.0 4.0 3.0 7.0 3.0 7.0 10.0 10.0 7.0 1.0 3.0 10.0 8.0 5.0 9.0 8.0 0.0 3.0 2.0 5.0 1.0 5.0 3.0 6.0 5.0 8.0 7.0 5.0 4.0 5.0 5.0 2.0 6.0 9.0 6.0 6.0 3.0 9.0 7.0
19 8.0 7.0 5.0 8.0 3.0 4.0 7.0 8.0 1.0 5.0 3.0 3.0 2.0 4.0 6.0 5.0 5.0 3.0 0.0 6.0 2.0 6.0 2.0 5.0 7.0 9.0 7.0 9.0 5.0 10.0 4.0 9.0 3.0 9.0 5.0 9.0 2.0 9.0 7.0 6.0
20 8.0 6.0 3.0 8.0 3.0 7.0 2.0 8.0 1.0 7.0 4.0 5.0 2.0 8.0 1.0 10.0 3.0 2.0 6.0 0.0 4.0 3.0 2.0 8.0 4.0 2.0 8.0 6.0 2.0 5.0 2.0 3.0 8.0 10.0 3.0 1.0 3.0 7.0 3.0 5.0
21 10.0 4.0 8.0 7.0 8.0 6.0 8.0 2.0 4.0 6.0 9.0 4.0 8.0 9.0 6.0 1.0 1.0 5.0 2.0 4.0 0.0 5.0 1.0 2.0 2.0 7.0 3.0 2.0 3.0 1.0 7.0 10.0 8.0 4.0 6.0 3.0 8.0 8.0 9.0 7.0
22 3.0 3.0 8.0 1.0 6.0 8.0 1.0 8.0 10.0 3.0 5.0 9.0 6.0 2.0 1.0 6.0 2.0 1.0 6.0 3.0 5.0 0.0 10.0 1.0 3.0 7.0 9.0 4.0 5.0 1.0 6.0 6.0 6.0 7.0 4.0 9.0 7.0 5.0 9.0 3.0
23 6.0 3.0 1.0 6.0 7.0 2.0 3.0 2.0 2.0 8.0 3.0 3.0 7.0 4.0 9.0 1.0 1.0 5.0 2.0 2.0 1.0 10.0 0.0 3.0 4.0 1.0 9.0 6.0 4.0 9.0 8.0 9.0 10.0 1.0 2.0 9.0 2.0 9.0 4.0 8.0
24 9.0 6.0 6.0 6.0 3.0 3.0 9.0 10.0 3.0 5.0 7.0 1.0 4.0 2.0 8.0 3.0 8.0 3.0 5.0 8.0 2.0 1.0 3.0 0.0 1.0 1.0 1.0 4.0 6.0 8.0 3.0 9.0 2.0 10.0 2.0 10.0 1.0 8.0 5.0 4.0
25 3.0 4.0 3.0 8.0 4.0 6.0 4.0 9.0 3.0 10.0 10.0 1.0 8.0 2.0 2.0 7.0 8.0 6.0 7.0 4.0 2.0 3.0 4.0 1.0 0.0 8.0 2.0 9.0 5.0 2.0 10.0 4.0 10.0 10.0 9.0 2.0 4.0 5.0 10.0 8.0
26 4.0 2.0 8.0 7.0 4.0 7.0 7.0 6.0 3.0 4.0 4.0 1.0 7.0 5.0 2.0 2.0 2.0 5.0 9.0 2.0 7.0 7.0 1.0 1.0 8.0 0.0 9.0 8.0 6.0 2.0 4.0 3.0 9.0 8.0 5.0 6.0 8.0 7.0 4.0 6.0
27 5.0 8.0 4.0 10.0 9.0 7.0 10.0 5.0 3.0 8.0 8.0 7.0 7.0 4.0 6.0 7.0 7.0 8.0 7.0 8.0 3.0 9.0 9.0 1.0 2.0 9.0 0.0 7.0 4.0 8.0 6.0 7.0 7.0 9.0 1.0 5.0 6.0 3.0 6.0 1.0
28 9.0 6.0 9.0 3.0 6.0 6.0 2.0 6.0 2.0 6.0 1.0 5.0 2.0 7.0 3.0 3.0 3.0 7.0 9.0 6.0 2.0 4.0 6.0 4.0 9.0 8.0 7.0 0.0 7.0 6.0 8.0 1.0 7.0 10.0 3.0 7.0 6.0 8.0 2.0 1.0
29 10.0 4.0 2.0 7.0 5.0 2.0 10.0 4.0 7.0 8.0 2.0 5.0 1.0 6.0 9.0 8.0 9.0 5.0 5.0 2.0 3.0 5.0 4.0 6.0 5.0 6.0 4.0 7.0 0.0 4.0 4.0 3.0 9.0 3.0 1.0 9.0 7.0 9.0 2.0 7.0
30 4.0 7.0 6.0 6.0 7.0 8.0 2.0 10.0 5.0 10.0 3.0 5.0 7.0 5.0 4.0 6.0 5.0 4.0 10.0 5.0 1.0 1.0 9.0 8.0 2.0 2.0 8.0 6.0 4.0 0.0 5.0 6.0 8.0 1.0 7.0 1.0 2.0 4.0 2.0 1.0
31 7.0 1.0 6.0 10.0 9.0 3.0 2.0 2.0 1.0 7.0 4.0 10.0 1.0 7.0 9.0 10.0 10.0 5.0 4.0 2.0 7.0 6.0 8.0 3.0 10.0 4.0 6.0 8.0 4.0 5.0 0.0 1.0 6.0 10.0 7.0 5.0 4.0 8.0 1.0 5.0
32 2.0 7.0 8.0 6.0 3.0 2.0 4.0 7.0 8.0 2.0 7.0 4.0 6.0 7.0 4.0 9.0 6.0 5.0 9.0 3.0 10.0 6.0 9.0 9.0 4.0 3.0 7.0 1.0 3.0 6.0 1.0 0.0 1.0 7.0 9.0 3.0 2.0 5.0 9.0 6.0
33 7.0 7.0 9.0 3.0 2.0 3.0 5.0 8.0 3.0 2.0 2.0 4.0 7.0 6.0 10.0 9.0 4.0 2.0 3.0 8.0 8.0 6.0 10.0 2.0 10.0 9.0 7.0 7.0 9.0 8.0 6.0 1.0 0.0 3.0 4.0 1.0 1.0 9.0 4.0 1.0
34 5.0 10.0 5.0 1.0 1.0 8.0 4.0 10.0 1.0 7.0 3.0 8.0 2.0 8.0 7.0 4.0 10.0 6.0 9.0 10.0 4.0 7.0 1.0 10.0 10.0 8.0 9.0 10.0 3.0 1.0 10.0 7.0 3.0 0.0 7.0 2.0 4.0 7.0 5.0 1.0
35 8.0 2.0 3.0 6.0 2.0 10.0 5.0 3.0 7.0 6.0 10.0 2.0 3.0 10.0 5.0 1.0 6.0 9.0 5.0 3.0 6.0 4.0 2.0 2.0 9.0 5.0 1.0 3.0 1.0 7.0 7.0 9.0 4.0 7.0 0.0 4.0 4.0 1.0 2.0 1.0
36 5.0 8.0 1.0 7.0 10.0 7.0 3.0 2.0 1.0 8.0 3.0 3.0 2.0 10.0 5.0 9.0 5.0 6.0 9.0 1.0 3.0 9.0 9.0 10.0 2.0 6.0 5.0 7.0 9.0 1.0 5.0 3.0 1.0 2.0 4.0 0.0 6.0 4.0 10.0 5.0
37 6.0 5.0 10.0 1.0 6.0 1.0 8.0 10.0 1.0 1.0 3.0 9.0 5.0 10.0 6.0 9.0 8.0 6.0 2.0 3.0 8.0 7.0 2.0 1.0 4.0 8.0 6.0 6.0 7.0 2.0 4.0 2.0 1.0 4.0 4.0 6.0 0.0 4.0 6.0 6.0
38 8.0 10.0 9.0 2.0 1.0 3.0 1.0 6.0 3.0 5.0 1.0 5.0 3.0 3.0 7.0 7.0 2.0 3.0 9.0 7.0 8.0 5.0 9.0 8.0 5.0 7.0 3.0 8.0 9.0 4.0 8.0 5.0 9.0 7.0 1.0 4.0 4.0 0.0 3.0 3.0
39 3.0 3.0 7.0 4.0 3.0 5.0 10.0 5.0 10.0 4.0 3.0 6.0 3.0 4.0 5.0 4.0 10.0 9.0 7.0 3.0 9.0 9.0 4.0 5.0 10.0 4.0 6.0 2.0 2.0 2.0 1.0 9.0 4.0 5.0 2.0 10.0 6.0 3.0 0.0 9.0
40 9.0 7.0 4.0 6.0 10.0 3.0 2.0 5.0 9.0 1.0 8.0 3.0 10.0 9.0 5.0 7.0 8.0 7.0 6.0 5.0 7.0 3.0 8.0 4.0 8.0 6.0 1.0 1.0 7.0 1.0 5.0 6.0 1.0 1.0 1.0 5.0 6.0 3.0 9.0 0.0
