50
1 0.0 10.0 2.0 3.0 1.0 1.0 4.0 9.0 3.0 4.0 1.0 9.0 9.0 7.0 9.0 8.0 6.0 3.0 9.0 6.0 3.0 2.0 1.0 10.0 2.0 3.0 5.0 6.0 1.0 2.0 10.0 9.0 9.0 2.0 6.0 10.0 8.0 6.0 1.0 3.0 2.0 6.0 8.0 6.0 5.0 1.0 8.0 1.0 3.0 7.0
2 10.0 0.0 7.0 4.0 7.0 5.0 2.0 6.0 4.0 1.0 4.0 9.0 5.0 2.0 6.0 2.0 10.0 8.0 4.0 10.0 7.0 3.0 8.0 8.0 7.0 10.0 1.0 10.0 2.0 1.0 1.0 1.0 3.0 4.0 4.0 3.0 10.0 10.0 1.0 4.0 8.0 8.0 7.0 10.0 4.0 6.0 8.0 3.0 2.0 2.0
3 2.0 7.0 0.0 10.0 2.0 4.0 4.0 8.0 8.0 4.0 4.0 6.0 1.0 1.0 7.0 2.0 3.0 1.0 7.0 9.0 4.0 3.0 9.0 8.0 10.0 6.0 10.0 8.0 2.0 4.0 3.0 4.0 5.0 7.0 5.0 8.0 8.0 5.0 3.0 4.0 5.0 3.0 6.0 10.0 4.0 4.0 1.0 9.0 5.0 10.0
4 3.0 4.0 10.0 0.0 5.0 5.0 6.0 1.0 1.0 5.0 8.0 7.0 3.0 1.0 2.0 5.0 3.0 9.0 5.0 6.0 9.0 4.0 9.0 2.0 9.0 5.0 8.0 3.0 4.0 6.0 6.0 7.0 4.0 1.0 8.0 9.0 10.0 1.0 5.0 4.0 9.0 6.0 1.0 10.0 1.0 3.0 9.0 2.0 2.0 10.0
5 1.0 7.0 2.0 5.0 0.0 3.0 10.0 4.0 5.0 2.0 6.0 2.0 5.0 3.0 9.0 10.0 1.0 8.0 3.0 3.0 8.0 8.0 5.0 8.0 3.0 2.0 1.0 2.0 6.0 7.0 8.0 3.0 5.0 4.0 6.0 7.0 2.0 5.0 6.0 3.0 5.0 1.0 4.0 9.0 10.0 9.0 6.0 9.0 2.0 1.0
6 1.0 5.0 4.0 5.0 3.0 0.0 8.0 7.0 4.0 2.0 2.0 8.0 6.0 1.0 9.0 8.0 3.0 5.0 10.0 9.0 2.0 3.0 2.0 1.0 8.0 2.0 3.0 2.0 6.0 3.0 1.0 6.0 1.0 9.0 2.0 7.0 9.0 1.0 3.0 7.0 10.0 9.0 1.0 2.0 8.0 1.0 8.0 7.0 4.0 1.0
7 4.0 2.0 4.0 6.0 10.0 8.0 0.0 1.0 7.0 4.0 6.0 10.0 8.0 10.0 4.0 5.0 1.0 2.0 7.0 8.0 3.0 10.0 6.0 2.0 3.0 2.0 4.0 5.0 5.0 9.0 8.0 2.0 8.0 3.0 8.0 3.0 6.0 8.0 2.0 3.0 5.0 4.0 5.0 6.0 6.0 9.0 6.0 7.0 9.0 3.0
8 9.0 6.0 8.0 1.0 4.0 7.0 1.0 0.0 2.0 10.0 1.0 7.0 2.0 9.0 2.0 6.0 6.0 6.0 2.0 9.0 2.0 3.0 9.0 4.0 8.0 1.0 5.0 6.0 1.0 10.0 9.0 4.0 10.0 3.0 9.0 4.0 6.0 1.0 2.0 6.0 2.0 10.0 4.0 2.0 1.0 4.0 2.0 10.0 7.0 6.0
9 3.0 4.0 8.0 1.0 5.0 4.0 7.0 2.0 0.0 5.0 5.0 3.0 4.0 6.0 6.0 6.0 2.0 5.0 6.0 2.0 10.0 1.0 7.0 3.0 9.0 4.0 7.0 9.0 10.0 6.0 4.0 9.0 4.0 5.0 1.0 6.0 8.0 1.0 4.0 1.0 2.0 10.0 9.0 6.0 4.0 7.0 5.0 4.0 9.0 3.0
10 4.0 1.0 4.0 5.0 2.0 2.0 4.0 10.0 5.0 0.0 3.0 1.0 5.0 10.0 3.0 7.0 8.0 4.0 6.0 8.0 1.0 5.0 4.0 10.0 5.0 5.0 1.0 7.0 4.0 8.0 6.0 3.0 9.0 9.0 8.0 4.0 9.0 3.0 6.0 2.0 9.0 10.0 9.0 1.0 6.0 2.0 6.0 5.0 10.0 8.0
11 1.0 4.0 4.0 8.0 6.0 2.0 6.0 1.0 5.0 3.0 0.0 2.0 10.0 8.0 4.0 3.0 9.0 6.0 7.0 4.0 10.0 1.0 9.0 1.0 1.0 6.0 10.0 1.0 9.0 6.0 6.0 3.0 2.0 9.0 2.0 8.0 5.0 2.0 9.0 9.0 10.0 2.0 7.0 1.0 10.0 3.0 7.0 2.0 1.0 7.0
12 9.0 9.0 6.0 7.0 2.0 8.0 10.0 7.0 3.0 1.0 2.0 0.0 7.0 1.0 4.0 3.0 1.0 4.0 9.0 1.0 2.0 2.0 5.0 9.0 7.0 5.0 4.0 2.0 1.0 4.0 8.0 7.0 6.0 10.0 1.0 9.0 4.0 2.0 10.0 1.0 3.0 3.0 4.0 3.0 1.0 8.0 7.0 6.0 10.0 1.0
13 9.0 5.0 1.0 3.0 5.0 6.0 8.0 2.0 4.0 5.0 10.0 7.0 0.0 9.0 5.0 4.0 8.0 7.0 1.0 9.0 3.0 1.0 10.0 8.0 10.0 9.0 7.0 1.0 10.0 1.0 1.0 4.0 9.0 2.0 10.0 2.0 10.0 10.0 6.0 4.0 10.0 9.0 7.0 7.0 7.0 8.0 2.0 7.0 2.0 2.0
14 7.0 2.0 1.0 1.0 3.0 1.0 10.0 9.0 6.0 10.0 8.0 1.0 9.0 0.0 1.0 5.0 3.0 4.0 7.0 4.0 10.0 10.0 3.0 6.0 8.0 8.0 4.0 2.0 3.0 6.0 4.0 1.0 8.0 8.0 4.0 9.0 8.0 2.0 3.0 2.0 4.0 1.0 8.0 2.0 4.0 10.0 10.0 9.0 10.0 9.0
15 9.0 6.0 7.0 2.0 9.0 9.0 4.0 2.0 6.0 3.0 4.0 4.0 5.0 1.0 0.0 1.0 8.0 1.0 7.0 7.0 9.0 4.0 7.0 1.0 9.0 2.0 9.0 3.0 6.0 2.0 9.0 10.0 10.0 1.0 1.0 9.0 1.0 10.0 6.0 2.0 7.0 4.0 8.0 2.0 9.0 1.0 5.0 1.0 6.0 1.0
16 8.0 2.0 2.0 5.0 10.0 8.0 5.0 6.0 6.0 7.0 3.0 3.0 4.0 5.0 1.0 0.0 5.0 6.0 9.0 10.0 1.0 10.0 6.0 2.0 2.0 1.0 3.0 6.0 1.0 2.0 9.0 2.0 7.0 7.0 7.0 6.0 6.0 3.0 7.0 8.0 7.0 5.0 1.0 9.0 10.0 10.0 10.0 10.0 2.0 5.0
17 6.0 10.0 3.0 3.0 1.0 3.0 1.0 6.0 2.0 8.0 9.0 1.0 8.0 3.0 8.0 5.0 0.0 4.0 4.0 2.0 3.0 5.0 1.0 7.0 1.0 3.0 9.0 6.0 9.0 4.0 5.0 9.0 9.0 2.0 7.0 9.0 3.0 1.0 7.0 6.0 10.0 5.0 6.0 6.0 10.0 7.0 3.0 2.0 4.0 8.0
18 3.0 8.0 1.0 9.0 8.0 5.0 2.0 6.0 5.0 4.0 6.0 4.0 7.0 4.0 1.0 6.0 4.0 0.0 5.0 9.0 4.0 1.0 6.0 6.0 10.0 1.0 6.0 4.0 6.0 7.0 4.0 5.0 10.0 8.0 10.0 7.0 6.0 4.0 5.0 5.0 7.0 5.0 1.0 4.0 9.0 5.0 2.0 6.0 10.0 1.0
19 9.0 4.0 7.0 5.0 3.0 10.0 7.0 2.0 6.0 6.0 7.0 9.0 1.0 7.0 7.0 9.0 4.0 5.0 0.0 10.0 6.0 10.0 5.0 2.0 7.0 8.0 7.0 5.0 9.0 3.0 10.0 8.0 6.0 4.0 10.0 5.0 4.0 5.0 4.0 8.0 2.0 2.0 3.0 5.0 8.0 4.0 5.0 2.0 7.0 6.0
20 6.0 10.0 9.0 6.0 3.0 9.0 8.0 9.0 2.0 8.0 4.0 1.0 9.0 4.0 7.0 10.0 2.0 9.0 10.0 0.0 6.0 8.0 10.0 10.0 3.0 5.0 2.0 3.0 9.0 7.0 4.0 3.0 5.0 7.0 3.0 8.0 9.0 7.0 7.0 3.0 6.0 7.0 8.0 4.0 6.0 3.0 9.0 8.0 8.0 1.0
21 3.0 7.0 4.0 9.0 8.0 2.0 3.0 2.0 10.0 1.0 10.0 2.0 3.0 10.0 9.0 1.0 3.0 4.0 6.0 6.0 0.0 2.0 1.0 5.0 4.0 2.0 10.0 8.0 7.0 2.0 10.0 3.0 8.0 9.0 3.0 4.0 7.0 9.0 10.0 2.0 1.0 9.0 4.0 9.0 6.0 1.0 6.0 6.0 4.0 2.0
22 2.0 3.0 3.0 4.0 8.0 3.0 10.0 3.0 1.0 5.0 1.0 2.0 1.0 10.0 4.0 10.0 5.0 1.0 10.0 8.0 2.0 0.0 5.0 8.0 1.0 6.0 2.0 3.0 9.0 5.0 7.0 9.0 7.0 9.0 8.0 10.0 9.0 7.0 8.0 4.0 1.0 5.0 5.0 7.0 4.0 2.0 1.0 4.0 10.0 8.0
23 1.0 8.0 9.0 9.0 5.0 2.0 6.0 9.0 7.0 4.0 9.0 5.0 10.0 3.0 7.0 6.0 1.0 6.0 5.0 10.0 1.0 5.0 0.0 8.0 1.0 7.0 6.0 3.0 9.0 4.0 2.0 7.0 9.0 4.0 5.0 8.0 5.0 5.0 6.0 8.0 6.0 4.0 8.0 7.0 10.0 1.0 7.0 5.0 8.0 1.0
24 10.0 8.0 8.0 2.0 8.0 1.0 2.0 4.0 3.0 10.0 1.0 9.0 8.0 6.0 1.0 2.0 7.0 6.0 2.0 10.0 5.0 8.0 8.0 0.0 7.0 8.0 4.0 7.0 7.0 3.0 1.0 6.0 5.0 2.0 10.0 8.0 5.0 3.0 1.0 4.0 3.0 3.0 10.0 5.0 10.0 5.0 3.0 5.0 4.0 5.0
25 2.0 7.0 10.0 9.0 3.0 8.0 3.0 8.0 9.0 5.0 1.0 7.0 10.0 8.0 9.0 2.0 1.0 10.0 7.0 3.0 4.0 1.0 1.0 7.0 0.0 3.0 10.0 1.0 7.0 6.0 1.0 10.0 6.0 6.0 8.0 7.0 8.0 1.0 4.0 1.0 7.0 10.0 1.0 2.0 2.0 6.0 7.0 3.0 7.0 7.0
26 3.0 10.0 6.0 5.0 2.0 2.0 2.0 1.0 4.0 5.0 6.0 5.0 9.0 8.0 2.0 1.0 3.0 1.0 8.0 5.0 2.0 6.0 7.0 8.0 3.0 0.0 10.0 1.0 5.0 5.0 2.0 6.0 4.0 6.0 4.0 4.0 2.0 5.0 9.0 3.0 1.0 1.0 7.0 7.0 3.0 7.0 6.0 6.0 5.0 1.0
27 5.0 1.0 10.0 8.0 1.0 3.0 4.0 5.0 7.0 1.0 10.0 4.0 7.0 4.0 9.0 3.0 9.0 6.0 7.0 2.0 10.0 2.0 6.0 4.0 10.0 10.0 0.0 3.0 8.0 4.0 5.0 3.0 7.0 10.0 4.0 10.0 5.0 4.0 10.0 2.0 9.0 3.0 9.0 4.0 2.0 5.0 5.0 10.0 3.0 10.0
28 6.0 10.0 8.0 3.0 2.0 2.0 5.0 6.0 9.0 7.0 1.0 2.0 1.0 2.0 3.0 6.0 6.0 4.0 5.0 3.0 8.0 3.0 3.0 7.0 1.0 1.0 3.0 0.0 5.0 8.0 6.0 8.0 3.0 4.0 1.0 8.0 10.0 4.0 3.0 9.0 10.0 2.0 4.0 2.0 1.0 5.0 4.0 1.0 3.0 1.0
29 1.0 2.0 2.0 4.0 6.0 6.0 5.0 1.0 10.0 4.0 9.0 1.0 10.0 3.0 6.0 1.0 9.0 6.0 9.0 9.0 7.0 9.0 9.0 7.0 7.0 5.0 8.0 5.0 0.0 10.0 2.0 9.0 8.0 1.0 10.0 3.0 1.0 8.0 8.0 6.0 9.0 4.0 4.0 4.0 3.0 8.0 7.0 5.0 6.0 4.0
30 2.0 1.0 4.0 6.0 7.0 3.0 9.0 10.0 6.0 8.0 6.0 4.0 1.0 6.0 2.0 2.0 4.0 7.0 3.0 7.0 2.0 5.0 4.0 3.0 6.0 5.0 4.0 8.0 10.0 0.0 10.0 5.0 8.0 8.0 6.0 7.0 3.0 5.0 7.0 1.0 2.0 4.0 8.0 10.0 3.0 5.0 9.0 10.0 1.0 2.0
31 10.0 1.0 3.0 6.0 8.0 1.0 8.0 9.0 4.0 6.0 6.0 8.0 1.0 4.0 9.0 9.0 5.0 4.0 10.0 4.0 10.0 7.0 2.0 1.0 1.0 2.0 5.0 6.0 2.0 10.0 0.0 9.0 7.0 3.0 5.0 2.0 3.0 6.0 2.0 4.0 1.0 9.0 9.0 3.0 8.0 8.0 2.0 2.0 7.0 2.0
32 9.0 1.0 4.0 7.0 3.0 6.0 2.0 4.0 9.0 3.0 3.0 7.0 4.0 1.0 10.0 2.0 9.0 5.0 8.0 3.0 3.0 9.0 7.0 6.0 10.0 6.0 3.0 8.0 9.0 5.0 9.0 0.0 9.0 8.0 10.0 10.0 8.0 4.0 5.0 7.0 7.0 9.0 5.0 2.0 4.0 7.0 2.0 3.0 4.0 5.0
33 9.0 3.0 5.0 4.0 5.0 1.0 8.0 10.0 4.0 9.0 2.0 6.0 9.0 8.0 10.0 7.0 9.0 10.0 6.0 5.0 8.0 7.0 9.0 5.0 6.0 4.0 7.0 3.0 8.0 8.0 7.0 9.0 0.0 8.0 7.0 6.0 9.0 4.0 9.0 8.0 9.0 1.0 3.0 5.0 4.0 3.0 7.0 2.0 2.0 10.0
34 2.0 4.0 7.0 1.0 4.0 9.0 3.0 3.0 5.0 9.0 9.0 10.0 2.0 8.0 1.0 7.0 2.0 8.0 4.0 7.0 9.0 9.0 4.0 2.0 6.0 6.0 10.0 4.0 1.0 8.0 3.0 8.0 8.0 0.0 1.0 5.0 9.0 10.0 7.0 2.0 2.0 5.0 5.0 8.0 4.0 2.0 10.0 1.0 9.0 2.0
35 6.0 4.0 5.0 8.0 6.0 2.0 8.0 9.0 1.0 8.0 2.0 1.0 10.0 4.0 1.0 7.0 7.0 10.0 10.0 3.0 3.0 8.0 5.0 10.0 8.0 4.0 4.0 1.0 10.0 6.0 5.0 10.0 7.0 1.0 0.0 1.0 6.0 1.0 2.0 7.0 10.0 8.0 3.0 1.0 9.0 6.0 9.0 1.0 9.0 1.0
36 10.0 3.0 8.0 9.0 7.0 7.0 3.0 4.0 6.0 4.0 8.0 9.0 2.0 9.0 9.0 6.0 9.0 7.0 5.0 8.0 4.0 10.0 8.0 8.0 7.0 4.0 10.0 8.0 3.0 7.0 2.0 10.0 6.0 5.0 1.0 0.0 3.0 2.0 1.0 4.0 5.0 2.0 1.0 10.0 9.0 9.0 4.0 4.0 4.0 6.0
37 8.0 10.0 8.0 10.0 2.0 9.0 6.0 6.0 8.0 9.0 5.0 4.0 10.0 8.0 1.0 6.0 3.0 6.0 4.0 9.0 7.0 9.0 5.0 5.0 8.0 2.0 5.0 10.0 1.0 3.0 3.0 8.0 9.0 9.0 6.0 3.0 0.0 7.0 7.0 7.0 10.0 5.0 2.0 5.0 2.0 6.0 5.0 4.0 7.0 4.0
38 6.0 10.0 5.0 1.0 5.0 1.0 8.0 1.0 1.0 3.0 2.0 2.0 10.0 2.0 10.0 3.0 1.0 4.0 5.0 7.0 9.0 7.0 5.0 3.0 1.0 5.0 4.0 4.0 8.0 5.0 6.0 4.0 4.0 10.0 1.0 2.0 7.0 0.0 9.0 7.0 10.0 8.0 2.0 1.0 6.0 10.0 8.0 6.0 6.0 3.0
39 1.0 1.0 3.0 5.0 6.0 3.0 2.0 2.0 4.0 6.0 9.0 10.0 6.0 3.0 6.0 7.0 7.0 5.0 4.0 7.0 10.0 8.0 6.0 1.0 4.0 9.0 10.0 3.0 8.0 7.0 2.0 5.0 9.0 7.0 2.0 1.0 7.0 9.0 0.0 6.0 9.0 9.0 9.0 9.0 8.0 7.0 6.0 8.0 1.0 6.0
40 3.0 4.0 4.0 4.0 3.0 7.0 3.0 6.0 1.0 2.0 9.0 1.0 4.0 2.0 2.0 8.0 6.0 5.0 8.0 3.0 2.0 4.0 8.0 4.0 1.0 3.0 2.0 9.0 6.0 1.0 4.0 7.0 8.0 2.0 7.0 4.0 7.0 7.0 6.0 0.0 9.0 10.0 4.0 1.0 5.0 9.0 7.0 1.0 7.0 1.0
41 2.0 8.0 5.0 9.0 5.0 10.0 5.0 2.0 2.0 9.0 10.0 3.0 10.0 4.0 7.0 7.0 10.0 7.0 2.0 6.0 1.0 1.0 6.0 3.0 7.0 1.0 9.0 10.0 9.0 2.0 1.0 7.0 9.0 2.0 10.0 5.0 10.0 10.0 9.0 9.0 0.0 6.0 6.0 9.0 5.0 4.0 1.0 7.0 4.0 4.0
42 6.0 8.0 3.0 6.0 1.0 9.0 4.0 10.0 10.0 10.0 2.0 3.0 9.0 1.0 4.0 5.0 5.0 5.0 2.0 7.0 9.0 5.0 4.0 3.0 10.0 1.0 3.0 2.0 4.0 4.0 9.0 9.0 1.0 5.0 8.0 2.0 5.0 8.0 9.0 10.0 6.0 0.0 8.0 7.0 10.0 7.0 4.0 8.0 8.0 4.0
43 8.0 7.0 6.0 1.0 4.0 1.0 5.0 4.0 9.0 9.0 7.0 4.0 7.0 8.0 8.0 1.0 6.0 1.0 3.0 8.0 4.0 5.0 8.0 10.0 1.0 7.0 9.0 4.0 4.0 8.0 9.0 5.0 3.0 5.0 3.0 1.0 2.0 2.0 9.0 4.0 6.0 8.0 0.0 9.0 4.0 1.0 5.0 6.0 3.0 10.0
44 6.0 10.0 10.0 10.0 9.0 2.0 6.0 2.0 6.0 1.0 1.0 3.0 7.0 2.0 2.0 9.0 6.0 4.0 5.0 4.0 9.0 7.0 7.0 5.0 2.0 7.0 4.0 2.0 4.0 10.0 3.0 2.0 5.0 8.0 1.0 10.0 5.0 1.0 9.0 1.0 9.0 7.0 9.0 0.0 1.0 5.0 1.0 4.0 7.0 6.0
45 5.0 4.0 4.0 1.0 10.0 8.0 6.0 1.0 4.0 6.0 10.0 1.0 7.0 4.0 9.0 10.0 10.0 9.0 8.0 6.0 6.0 4.0 10.0 10.0 2.0 3.0 2.0 1.0 3.0 3.0 8.0 4.0 4.0 4.0 9.0 9.0 2.0 6.0 8.0 5.0 5.0 10.0 4.0 1.0 0.0 4.0 7.0 8.0 7.0 6.0
46 1.0 6.0 4.0 3.0 9.0 1.0 9.0 4.0 7.0 2.0 3.0 8.0 8.0 10.0 1.0 10.0 7.0 5.0 4.0 3.0 1.0 2.0 1.0 5.0 6.0 7.0 5.0 5.0 8.0 5.0 8.0 7.0 3.0 2.0 6.0 9.0 6.0 10.0 7.0 9.0 4.0 7.0 1.0 5.0 4.0 0.0 1.0 8.0 4.0 9.0
47 8.0 8.0 1.0 9.0 6.0 8.0 6.0 2.0 5.0 6.0 7.0 7.0 2.0 10.0 5.0 10.0 3.0 2.0 5.0 9.0 6.0 1.0 7.0 3.0 7.0 6.0 5.0 4.0 7.0 9.0 2.0 2.0 7.0 10.0 9.0 4.0 5.0 8.0 6.0 7.0 1.0 4.0 5.0 1.0 7.0 1.0 0.0 2.0 8.0 4.0
48 1.0 3.0 9.0 2.0 9.0 7.0 7.0 10.0 4.0 5.0 2.0 6.0 7.0 9.0 1.0 10.0 2.0 6.0 2.0 8.0 6.0 4.0 5.0 5.0 3.0 6.0 10.0 1.0 5.0 10.0 2.0 3.0 2.0 1.0 1.0 4.0 4.0 6.0 8.0 1.0 7.0 8.0 6.0 4.0 8.0 8.0 2.0 0.0 7.0 5.0
49 3.0 2.0 5.0 2.0 2.0 4.0 9.0 7.0 9.0 10.0 1.0 10.0 2.0 10.0 6.0 2.0 4.0 10.0 7.0 8.0 4.0 10.0 8.0 4.0 7.0 5.0 3.0 3.0 6.0 1.0 7.0 4.0 2.0 9.0 9.0 4.0 7.0 6.0 1.0 7.0 4.0 8.0 3.0 7.0 7.0 4.0 8.0 7.0 0.0 7.0
50 7.0 2.0 10.0 10.0 1.0 1.0 3.0 6.0 3.0 8.0 7.0 1.0 2.0 9.0 1.0 5.0 8.0 1.0 6.0 1.0 2.0 8.0 1.0 5.0 7.0 1.0 10.0 1.0 4.0 2.0 2.0 5.0 10.0 2.0 1.0 6.0 4.0 3.0 6.0 1.0 4.0 4.0 10.0 6.0 6.0 9.0 4.0 5.0 7.0 0.0
