35
1 0.0 3.0 2.0 5.0 1.0 6.0 5.0 10.0 10.0 2.0 10.0 7.0 2.0 6.0 7.0 10.0 8.0 8.0 7.0 4.0 7.0 6.0 7.0 2.0 3.0 3.0 1.0 5.0 4.0 10.0 10.0 1.0 1.0 6.0 3.0
2 3.0 0.0 4.0 1.0 8.0 7.0 10.0 10.0 4.0 4.0 4.0 10.0 9.0 2.0 10.0 2.0 9.0 4.0 2.0 9.0 8.0 7.0 2.0 6.0 8.0 4.0 3.0 5.0 8.0 4.0 8.0 4.0 4.0 10.0 6.0
3 2.0 4.0 0.0 10.0 9.0 6.0 5.0 4.0 10.0 2.0 8.0 3.0 8.0 10.0 4.0 1.0 6.0 6.0 9.0 5.0 9.0 1.0 7.0 2.0 8.0 3.0 1.0 9.0 9.0 2.0 8.0 7.0 7.0 4.0 4.0
4 5.0 1.0 10.0 0.0 9.0 2.0 5.0 5.0 1.0 3.0 7.0 8.0 6.0 9.0 4.0 6.0 8.0 10.0 1.0 7.0 3.0 10.0 9.0 6.0 9.0 3.0 4.0 7.0 6.0 10.0 6.0 8.0 5.0 4.0 7.0
5 1.0 8.0 9.0 9.0 0.0 8.0 4.0 2.0 6.0 1.0 4.0 4.0 4.0 3.0 1.0 3.0 4.0 9.0 5.0 7.0 1.0 4.0 4.0 6.0 7.0 1.0 4.0 7.0 4.0 10.0 7.0 1.0 4.0 6.0 1.0
6 6.0 7.0 6.0 2.0 8.0 0.0 9.0 8.0 10.0 8.0 7.0 4.0 10.0 2.0 1.0 3.0 9.0 9.0 9.0 3.0 3.0 9.0 8.0 1.0 4.0 8.0 9.0 2.0 2.0 2.0 10.0 5.0 5.0 7.0 5.0
7 5.0 10.0 5.0 5.0 4.0 9.0 0.0 7.0 8.0 5.0 4.0 8.0 1.0 6.0 4.0 6.0 9.0 1.0 4.0 2.0 2.0 5.0 10.0 3.0 3.0 2.0 4.0 10.0 5.0 10.0 7.0 4.0 6.0 6.0 2.0
8 10.0 10.0 4.0 5.0 2.0 8.0 7.0 0.0 3.0 4.0 6.0 9.0 3.0 2.0 8.0 5.0 9.0 2.0 9.0 10.0 5.0 9.0 7.0 4.0 2.0 5.0 2.0 4.0 4.0 7.0 1.0 8.0 10.0 3.0 10.0
9 10.0 4.0 10.0 1.0 6.0 10.0 8.0 3.0 0.0 1.0 2.0 2.0 10.0 9.0 2.0 3.0 1.0 3.0 10.0 6.0 6.0 10.0 2.0 1.0 9.0 8.0 9.0 2.0 7.0 6.0 3.0 5.0 3.0 5.0 3.0
10 2.0 4.0 2.0 3.0 1.0 8.0 5.0 4.0 1.0 0.0 10.0 1.0 3.0 2.0 8.0 4.0 8.0 9.0 9.0 7.0 9.0 6.0 5.0 6.0 5.0 10.0 5.0 3.0 5.0 3.0 3.0 7.0 10.0 7.0 2.0
11 10.0 4.0 8.0 7.0 4.0 7.0 4.0 6.0 2.0 10.0 0.0 6.0 5.0 2.0 2.0 2.0 10.0 7.0 3.0 10.0 10.0 5.0 5.0 5.0 1.0 6.0 6.0 5.0 6.0 10.0 3.0 2.0 4.0 4.0 7.0
12 7.0 10.0 3.0 8.0 4.0 4.0 8.0 9.0 2.0 1.0 6.0 0.0 10.0 7.0 4.0 1.0 5.0 6.0 2.0 4.0 7.0 1.0 8.0 3.0 2.0 8.0 6.0 5.0 10.0 3.0 4.0 6.0 8.0 3.0 10.0
13 2.0 9.0 8.0 6.0 4.0 10.0 1.0 3.0 10.0 3.0 5.0 10.0 0.0 1.0 2.0 8.0 4.0 1.0 2.0 1.0 4.0 4.0 3.0 4.0 9.0 9.0 1.0 6.0 4.0 3.0 7.0 4.0 2.0 6.0 9.0
14 6.0 2.0 10.0 9.0 3.0 2.0 6.0 2.0 9.0 2.0 2.0 7.0 1.0 0.0 7.0 5.0 2.0 8.0 8.0 9.0 1.0 4.0 3.0 2.0 8.0 5.0 7.0 1.0 8.0 10.0 8.0 8.0 8.0 5.0 5.0
15 7.0 10.0 4.0 4.0 1.0 1.0 4.0 8.0 2.0 8.0 2.0 4.0 2.0 7.0 0.0 5.0 1.0 1.0 8.0 10.0 10.0 6.0 3.0 3.0 8.0 7.0 4.0 7.0 8.0 5.0 8.0 3.0 4.0 5.0 9.0
16 10.0 2.0 1.0 6.0 3.0 3.0 6.0 5.0 3.0 4.0 2.0 1.0 8.0 5.0 5.0 0.0 2.0 6.0 2.0 3.0 8.0 4.0 7.0 1.0 1.0 1.0 9.0 3.0 6.0 1.0 3.0 3.0 9.0 4.0 6.0
17 8.0 9.0 6.0 8.0 4.0 9.0 9.0 9.0 1.0 8.0 10.0 5.0 4.0 2.0 1.0 2.0 0.0 9.0 8.0 4.0 5.0 1.0 9.0 8.0 8.0 7.0 8.0 4.0 7.0 8.0 9.0 6.0 2.0 9.0 9.0
18 8.0 4.0 6.0 10.0 9.0 9.0 1.0 2.0 3.0 9.0 7.0 6.0 1.0 8.0 1.0 6.0 9.0 0.0 3.0 6.0 5.0 1.0 9.0 4.0 2.0 7.0 2.0 8.0 5.0 4.0 5.0 6.0 10.0 10.0 8.0
19 7.0 2.0 9.0 1.0 5.0 9.0 4.0 9.0 10.0 9.0 3.0 2.0 2.0 8.0 8.0 2.0 8.0 3.0 0.0 8.0 1.0 5.0 1.0 2.0 6.0 9.0 1.0 8.0 2.0 2.0 2.0 3.0 8.0 6.0 9.0
20 4.0 9.0 5.0 7.0 7.0 3.0 2.0 10.0 6.0 7.0 10.0 4.0 1.0 9.0 10.0 3.0 4.0 6.0 8.0 0.0 9.0 4.0 7.0 2.0 10.0 4.0 8.0 2.0 5.0 9.0 4.0 5.0 5.0 4.0 9.0
21 7.0 8.0 9.0 3.0 1.0 3.0 2.0 5.0 6.0 9.0 10.0 7.0 4.0 1.0 10.0 8.0 5.0 5.0 1.0 9.0 0.0 3.0 5.0 1.0 6.0 2.0 10.0 10.0 3.0 7.0 9.0 1.0 8.0 2.0 10.0
22 6.0 7.0 1.0 10.0 4.0 9.0 5.0 9.0 10.0 6.0 5.0 1.0 4.0 4.0 6.0 4.0 1.0 1.0 5.0 4.0 3.0 0.0 4.0 8.0 8.0 8.0 6.0 2.0 8.0 2.0 1.0 5.0 1.0 6.0 6.0
23 7.0 2.0 7.0 9.0 4.0 8.0 10.0 7.0 2.0 5.0 5.0 8.0 3.0 3.0 3.0 7.0 9.0 9.0 1.0 7.0 5.0 4.0 0.0 1.0 1.0 2.0 10.0 6.0 8.0 8.0 5.0 8.0 2.0 3.0 1.0
24 2.0 6.0 2.0 6.0 6.0 1.0 3.0 4.0 1.0 6.0 5.0 3.0 4.0 2.0 3.0 1.0 8.0 4.0 2.0 2.0 1.0 8.0 1.0 0.0 3.0 6.0 3.0 6.0 4.0 1.0 1.0 4.0 4.0 7.0 6.0
25 3.0 8.0 8.0 9.0 7.0 4.0 3.0 2.0 9.0 5.0 1.0 2.0 9.0 8.0 8.0 1.0 8.0 2.0 6.0 10.0 6.0 8.0 1.0 3.0 0.0 3.0 10.0 4.0 3.0 7.0 10.0 10.0 10.0 6.0 1.0
26 3.0 4.0 3.0 3.0 1.0 8.0 2.0 5.0 8.0 10.0 6.0 8.0 9.0 5.0 7.0 1.0 7.0 7.0 9.0 4.0 2.0 8.0 2.0 6.0 3.0 0.0 7.0 1.0 3.0 9.0 7.0 6.0 5.0 1.0 1.0
27 1.0 3.0 1.0 4.0 4.0 9.0 4.0 2.0 9.0 5.0 6.0 6.0 1.0 7.0 4.0 9.0 8.0 2.0 1.0 8.0 10.0 6.0 10.0 3.0 10.0 7.0 0.0 3.0 6.0 4.0 6.0 8.0 9.0 9.0 6.0
28 5.0 5.0 9.0 7.0 7.0 2.0 10.0 4.0 2.0 3.0 5.0 5.0 6.0 1.0 7.0 3.0 4.0 8.0 8.0 2.0 10.0 2.0 6.0 6.0 4.0 1.0 3.0 0.0 2.0 1.0 2.0 6.0 3.0 7.0 10.0
29 4.0 8.0 9.0 6.0 4.0 2.0 5.0 4.0 7.0 5.0 6.0 10.0 4.0 8.0 8.0 6.0 7.0 5.0 2.0 5.0 3.0 8.0 8.0 4.0 3.0 3.0 6.0 2.0 0.0 8.0 7.0 6.0 1.0 8.0 1.0
30 10.0 4.0 2.0 10.0 10.0 2.0 10.0 7.0 6.0 3.0 10.0 3.0 3.0 10.0 5.0 1.0 8.0 4.0 2.0 9.0 7.0 2.0 8.0 1.0 7.0 9.0 4.0 1.0 8.0 0.0 3.0 9.0 6.0 10.0 4.0
31 10.0 8.0 8.0 6.0 7.0 10.0 7.0 1.0 3.0 3.0 3.0 4.0 7.0 8.0 8.0 3.0 9.0 5.0 2.0 4.0 9.0 1.0 5.0 1.0 10.0 7.0 6.0 2.0 7.0 3.0 0.0 3.0 7.0 3.0 6.0
32 1.0 4.0 7.0 8.0 1.0 5.0 4.0 8.0 5.0 7.0 2.0 6.0 4.0 8.0 3.0 3.0 6.0 6.0 3.0 5.0 1.0 5.0 8.0 4.0 10.0 6.0 8.0 6.0 6.0 9.0 3.0 0.0 9.0 9.0 6.0
33 1.0 4.0 7.0 5.0 4.0 5.0 6.0 10.0 3.0 10.0 4.0 8.0 2.0 8.0 4.0 9.0 2.0 10.0 8.0 5.0 8.0 1.0 2.0 4.0 10.0 5.0 9.0 3.0 1.0 6.0 7.0 9.0 0.0 5.0 2.0
34 6.0 10.0 4.0 4.0 6.0 7.0 6.0 3.0 5.0 7.0 4.0 3.0 6.0 5.0 5.0 4.0 9.0 10.0 6.0 4.0 2.0 6.0 3.0 7.0 6.0 1.0 9.0 7.0 8.0 10.0 3.0 9.0 5.0 0.0 5.0
35 3.0 6.0 4.0 7.0 1.0 5.0 2.0 10.0 3.0 2.0 7.0 10.0 9.0 5.0 9.0 6.0 9.0 8.0 9.0 9.0 10.0 6.0 1.0 6.0 1.0 1.0 6.0 10.0 1.0 4.0 6.0 6.0 2.0 5.0 0.0
