50
1 0.0 10.0 3.0 3.0 6.0 5.0 8.0 6.0 7.0 1.0 7.0 5.0 7.0 3.0 4.0 4.0 9.0 9.0 10.0 2.0 1.0 1.0 4.0 5.0 1.0 1.0 9.0 2.0 8.0 5.0 7.0 5.0 3.0 2.0 3.0 5.0 9.0 4.0 5.0 4.0 5.0 7.0 5.0 7.0 6.0 6.0 10.0 2.0 4.0 4.0
2 10.0 0.0 3.0 7.0 4.0 6.0 1.0 6.0 9.0 4.0 9.0 1.0 1.0 4.0 10.0 5.0 3.0 4.0 8.0 1.0 3.0 4.0 10.0 7.0 2.0 5.0 6.0 6.0 7.0 5.0 4.0 5.0 5.0 9.0 3.0 6.0 2.0 1.0 9.0 9.0 8.0 7.0 2.0 2.0 3.0 6.0 2.0 8.0 4.0 1.0
3 3.0 3.0 0.0 6.0 2.0 1.0 1.0 5.0 10.0 8.0 10.0 7.0 8.0 1.0 5.0 10.0 6.0 3.0 1.0 9.0 2.0 8.0 6.0 9.0 7.0 6.0 7.0 5.0 1.0 10.0 5.0 10.0 2.0 10.0 7.0 6.0 10.0 2.0 5.0 9.0 10.0 10.0 6.0 8.0 9.0 3.0 7.0 4.0 5.0 4.0
4 3.0 7.0 6.0 0.0 4.0 3.0 7.0 4.0 7.0 5.0 7.0 10.0 8.0 3.0 1.0 9.0 6.0 1.0 4.0 8.0 3.0 4.0 6.0 10.0 3.0 7.0 3.0 2.0 7.0 7.0 5.0 1.0 4.0 10.0 7.0 9.0 6.0 2.0 8.0 10.0 3.0 5.0 8.0 4.0 8.0 6.0 10.0 10.0 4.0 5.0
5 6.0 4.0 2.0 4.0 0.0 6.0 1.0 1.0 8.0 1.0 6.0 7.0 1.0 8.0 2.0 9.0 10.0 8.0 3.0 6.0 2.0 5.0 3.0 4.0 5.0 3.0 10.0 6.0 6.0 1.0 6.0 1.0 7.0 7.0 5.0 6.0 8.0 10.0 7.0 3.0 5.0 7.0 5.0 5.0 7.0 10.0 6.0 3.0 9.0 2.0
6 5.0 6.0 1.0 3.0 6.0 0.0 5.0 2.0 4.0 8.0 4.0 1.0 6.0 3.0 4.0 2.0 6.0 10.0 9.0 4.0 6.0 3.0 10.0 6.0 7.0 2.0 5.0 1.0 6.0 8.0 7.0 10.0 4.0 10.0 4.0 3.0 4.0 10.0 6.0 4.0 6.0 8.0 1.0 2.0 2.0 4.0 9.0 1.0 1.0 2.0
7 8.0 1.0 1.0 7.0 1.0 5.0 0.0 1.0 9.0 3.0 4.0 10.0 7.0 4.0 7.0 3.0 8.0 5.0 10.0 7.0 1.0 9.0 2.0 9.0 7.0 10.0 8.0 1.0 5.0 6.0 8.0 8.0 5.0 10.0 5.0 1.0 2.0 8.0 4.0 10.0 8.0 1.0 7.0 1.0 2.0 9.0 1.0 5.0 8.0 1.0
8 6.0 6.0 5.0 4.0 1.0 2.0 1.0 0.0 9.0 5.0 7.0 6.0 7.0 6.0 9.0 2.0 2.0 4.0 10.0 7.0 7.0 9.0 10.0 5.0 8.0 6.0 10.0 9.0 5.0 7.0 3.0 8.0 1.0 3.0 1.0 7.0 2.0 5.0 1.0 5.0 9.0 2.0 4.0 4.0 1.0 9.0 3.0 1.0 7.0 3.0
9 7.0 9.0 10.0 7.0 8.0 4.0 9.0 9.0 0.0 4.0 3.0 3.0 2.0 7.0 9.0 6.0 9.0 2.0 1.0 7.0 4.0 7.0 6.0 9.0 2.0 1.0 1.0 5.0 2.0 3.0 5.0 9.0 1.0 2.0 1.0 7.0 6.0 6.0 2.0 7.0 7.0 10.0 9.0 3.0 1.0 10.0 5.0 4.0 8.0 7.0
10 1.0 4.0 8.0 5.0 1.0 8.0 3.0 5.0 4.0 0.0 6.0 8.0 5.0 10.0 2.0 8.0 6.0 9.0 1.0 4.0 7.0 3.0 6.0 2.0 10.0 5.0 1.0 5.0 2.0 6.0 8.0 4.0 3.0 7.0 5.0 8.0 3.0 2.0 8.0 10.0 6.0 4.0 7.0 1.0 3.0 4.0 8.0 7.0 3.0 7.0
11 7.0 9.0 10.0 7.0 6.0 4.0 4.0 7.0 3.0 6.0 0.0 10.0 1.0 10.0 2.0 4.0 1.0 9.0 9.0 7.0 9.0 7.0 2.0 2.0 6.0 10.0 8.0 6.0 2.0 1.0 3.0 1.0 5.0 5.0 2.0 2.0 5.0 1.0 7.0 10.0 5.0 4.0 3.0 5.0 7.0 8.0 7.0 9.0 3.0 8.0
12 5.0 1.0 7.0 10.0 7.0 1.0 10.0 6.0 3.0 8.0 10.0 0.0 10.0 7.0 9.0 3.0 6.0 4.0 5.0 9.0 8.0 10.0 6.0 9.0 4.0 10.0 3.0 4.0 3.0 10.0 9.0 6.0 6.0 1.0 3.0 5.0 9.0 5.0 6.0 6.0 1.0 7.0 1.0 9.0 2.0 2.0 9.0 4.0 7.0 4.0
13 7.0 1.0 8.0 8.0 1.0 6.0 7.0 7.0 2.0 5.0 1.0 10.0 0.0 5.0 9.0 4.0 8.0 6.0 9.0 3.0 4.0 4.0 4.0 10.0 3.0 8.0 3.0 8.0 10.0 2.0 10.0 9.0 2.0 3.0 10.0 1.0 2.0 7.0 8.0 1.0 3.0 4.0 2.0 1.0 2.0 2.0 2.0 8.0 6.0 6.0
14 3.0 4.0 1.0 3.0 8.0 3.0 4.0 6.0 7.0 10.0 10.0 7.0 5.0 0.0 4.0 1.0 9.0 1.0 6.0 9.0 4.0 9.0 5.0 5.0 5.0 5.0 4.0 6.0 2.0 3.0 1.0 6.0 7.0 3.0 8.0 9.0 1.0 3.0 4.0 8.0 3.0 3.0 5.0 3.0 9.0 4.0 6.0 5.0 5.0 9.0
15 4.0 10.0 5.0 1.0 2.0 4.0 7.0 9.0 9.0 2.0 2.0 9.0 9.0 4.0 0.0 1.0 7.0 4.0 7.0 10.0 4.0 3.0 10.0 7.0 3.0 10.0 5.0 9.0 10.0 7.0 4.0 5.0 1.0 6.0 6.0 1.0 3.0 6.0 10.0 8.0 10.0 7.0 6.0 9.0 2.0 6.0 7.0 5.0 2.0 8.0
16 4.0 5.0 10.0 9.0 9.0 2.0 3.0 2.0 6.0 8.0 4.0 3.0 4.0 1.0 1.0 0.0 1.0 3.0 8.0 8.0 10.0 10.0 10.0 9.0 7.0 6.0 1.0 9.0 6.0 8.0 5.0 3.0 9.0 10.0 8.0 5.0 9.0 8.0 8.0 4.0 8.0 7.0 6.0 8.0 5.0 2.0 1.0 5.0 4.0 1.0
17 9.0 3.0 6.0 6.0 10.0 6.0 8.0 2.0 9.0 6.0 1.0 6.0 8.0 9.0 7.0 1.0 0.0 4.0 9.0 3.0 6.0 3.0 1.0 8.0 4.0 6.0 9.0 9.0 9.0 9.0 6.0 8.0 6.0 3.0 6.0 4.0 2.0 8.0 9.0 6.0 3.0 6.0 1.0 5.0 9.0 7.0 4.0 1.0 5.0 10.0
18 9.0 4.0 3.0 1.0 8.0 10.0 5.0 4.0 2.0 9.0 9.0 4.0 6.0 1.0 4.0 3.0 4.0 0.0 2.0 2.0 10.0 4.0 2.0 7.0 3.0 9.0 10.0 8.0 3.0 4.0 5.0 3.0 10.0 10.0 5.0 6.0 6.0 7.0 9.0 7.0 2.0 4.0 5.0 9.0 2.0 8.0 3.0 1.0 3.0 3.0
19 10.0 8.0 1.0 4.0 3.0 9.0 10.0 10.0 1.0 1.0 9.0 5.0 9.0 6.0 7.0 8.0 9.0 2.0 0.0 2.0 9.0 10.0 8.0 4.0 4.0 7.0 7.0 1.0 8.0 9.0 2.0 9.0 3.0 7.0 5.0 1.0 4.0 9.0 5.0 10.0 1.0 9.0 2.0 7.0 2.0 6.0 4.0 7.0 2.0 4.0
20 2.0 1.0 9.0 8.0 6.0 4.0 7.0 7.0 7.0 4.0 7.0 9.0 3.0 9.0 10.0 8.0 3.0 2.0 2.0 0.0 5.0 6.0 7.0 7.0 6.0 1.0 3.0 9.0 8.0 1.0 6.0 7.0 2.0 1.0 10.0 4.0 3.0 10.0 5.0 7.0 4.0 4.0 6.0 2.0 5.0 9.0 5.0 2.0 6.0 3.0
21 1.0 3.0 2.0 3.0 2.0 6.0 1.0 7.0 4.0 7.0 9.0 8.0 4.0 4.0 4.0 10.0 6.0 10.0 9.0 5.0 0.0 8.0 6.0 10.0 1.0 10.0 4.0 10.0 10.0 9.0 6.0 5.0 6.0 9.0 2.0 6.0 8.0 7.0 6.0 3.0 7.0 6.0 1.0 4.0 3.0 10.0 8.0 10.0 7.0 9.0
22 1.0 4.0 8.0 4.0 5.0 3.0 9.0 9.0 7.0 3.0 7.0 10.0 4.0 9.0 3.0 10.0 3.0 4.0 10.0 6.0 8.0 0.0 9.0 6.0 1.0 10.0 4.0 3.0 4.0 4.0 5.0 5.0 6.0 6.0 1.0 3.0 6.0 10.0 6.0 10.0 8.0 4.0 3.0 10.0 1.0 9.0 3.0 10.0 2.0 9.0
23 4.0 10.0 6.0 6.0 3.0 10.0 2.0 10.0 6.0 6.0 2.0 6.0 4.0 5.0 10.0 10.0 1.0 2.0 8.0 7.0 6.0 9.0 0.0 6.0 9.0 9.0 1.0 8.0 5.0 3.0 3.0 1.0 4.0 5.0 9.0 6.0 1.0 10.0 4.0 1.0 1.0 4.0 10.0 4.0 9.0 4.0 4.0 4.0 8.0 6.0
24 5.0 7.0 9.0 10.0 4.0 6.0 9.0 5.0 9.0 2.0 2.0 9.0 10.0 5.0 7.0 9.0 8.0 7.0 4.0 7.0 10.0 6.0 6.0 0.0 1.0 10.0 9.0 9.0 10.0 4.0 9.0 9.0 2.0 9.0 3.0 10.0 2.0 6.0 6.0 5.0 9.0 5.0 10.0 5.0 9.0 1.0 7.0 1.0 7.0 5.0
25 1.0 2.0 7.0 3.0 5.0 7.0 7.0 8.0 2.0 10.0 6.0 4.0 3.0 5.0 3.0 7.0 4.0 3.0 4.0 6.0 1.0 1.0 9.0 1.0 0.0 7.0 7.0 1.0 10.0 7.0 2.0 8.0 5.0 5.0 9.0 5.0 9.0 5.0 3.0 3.0 9.0 7.0 9.0 9.0 3.0 7.0 2.0 3.0 5.0 8.0
26 1.0 5.0 6.0 7.0 3.0 2.0 10.0 6.0 1.0 5.0 10.0 10.0 8.0 5.0 10.0 6.0 6.0 9.0 7.0 1.0 10.0 10.0 9.0 10.0 7.0 0.0 5.0 10.0 9.0 8.0 2.0 6.0 8.0 2.0 2.0 9.0 10.0 3.0 6.0 7.0 3.0 9.0 4.0 1.0 6.0 3.0 1.0 6.0 5.0 8.0
27 9.0 6.0 7.0 3.0 10.0 5.0 8.0 10.0 1.0 1.0 8.0 3.0 3.0 4.0 5.0 1.0 9.0 10.0 7.0 3.0 4.0 4.0 1.0 9.0 7.0 5.0 0.0 7.0 9.0 4.0 2.0 10.0 2.0 4.0 9.0 5.0 1.0 10.0 3.0 9.0 2.0 5.0 9.0 4.0 5.0 8.0 5.0 5.0 3.0 5.0
28 2.0 6.0 5.0 2.0 6.0 1.0 1.0 9.0 5.0 5.0 6.0 4.0 8.0 6.0 9.0 9.0 9.0 8.0 1.0 9.0 10.0 3.0 8.0 9.0 1.0 10.0 7.0 0.0 1.0 1.0 1.0 1.0 7.0 10.0 10.0 8.0 2.0 3.0 2.0 7.0 10.0 9.0 1.0 9.0 1.0 6.0 8.0 5.0 2.0 5.0
29 8.0 7.0 1.0 7.0 6.0 6.0 5.0 5.0 2.0 2.0 2.0 3.0 10.0 2.0 10.0 6.0 9.0 3.0 8.0 8.0 10.0 4.0 5.0 10.0 10.0 9.0 9.0 1.0 0.0 1.0 10.0 6.0 3.0 5.0 10.0 4.0 5.0 10.0 7.0 6.0 10.0 6.0 1.0 6.0 8.0 3.0 4.0 8.0 5.0 10.0
30 5.0 5.0 10.0 7.0 1.0 8.0 6.0 7.0 3.0 6.0 1.0 10.0 2.0 3.0 7.0 8.0 9.0 4.0 9.0 1.0 9.0 4.0 3.0 4.0 7.0 8.0 4.0 1.0 1.0 0.0 1.0 1.0 6.0 6.0 7.0 6.0 8.0 1.0 1.0 1.0 7.0 6.0 8.0 4.0 2.0 4.0 10.0 10.0 10.0 9.0
31 7.0 4.0 5.0 5.0 6.0 7.0 8.0 3.0 5.0 8.0 3.0 9.0 10.0 1.0 4.0 5.0 6.0 5.0 2.0 6.0 6.0 5.0 3.0 9.0 2.0 2.0 2.0 1.0 10.0 1.0 0.0 10.0 3.0 7.0 8.0 1.0 7.0 2.0 4.0 5.0 9.0 2.0 3.0 5.0 1.0 2.0 1.0 1.0 2.0 8.0
32 5.0 5.0 10.0 1.0 1.0 10.0 8.0 8.0 9.0 4.0 1.0 6.0 9.0 6.0 5.0 3.0 8.0 3.0 9.0 7.0 5.0 5.0 1.0 9.0 8.0 6.0 10.0 1.0 6.0 1.0 10.0 0.0 5.0 7.0 4.0 10.0 3.0 8.0 6.0 3.0 8.0 10.0 3.0 3.0 6.0 6.0 4.0 7.0 2.0 10.0
33 3.0 5.0 2.0 4.0 7.0 4.0 5.0 1.0 1.0 3.0 5.0 6.0 2.0 7.0 1.0 9.0 6.0 10.0 3.0 2.0 6.0 6.0 4.0 2.0 5.0 8.0 2.0 7.0 3.0 6.0 3.0 5.0 0.0 4.0 1.0 8.0 10.0 8.0 5.0 4.0 4.0 9.0 7.0 7.0 6.0 8.0 1.0 4.0 7.0 10.0
34 2.0 9.0 10.0 10.0 7.0 10.0 10.0 3.0 2.0 7.0 5.0 1.0 3.0 3.0 6.0 10.0 3.0 10.0 7.0 1.0 9.0 6.0 5.0 9.0 5.0 2.0 4.0 10.0 5.0 6.0 7.0 7.0 4.0 0.0 9.0 10.0 3.0 9.0 7.0 7.0 8.0 2.0 9.0 4.0 5.0 8.0 6.0 4.0 9.0 3.0
35 3.0 3.0 7.0 7.0 5.0 4.0 5.0 1.0 1.0 5.0 2.0 3.0 10.0 8.0 6.0 8.0 6.0 5.0 5.0 10.0 2.0 1.0 9.0 3.0 9.0 2.0 9.0 10.0 10.0 7.0 8.0 4.0 1.0 9.0 0.0 2.0 8.0 6.0 5.0 9.0 10.0 1.0 6.0 6.0 7.0 3.0 8.0 3.0 5.0 6.0
36 5.0 6.0 6.0 9.0 6.0 3.0 1.0 7.0 7.0 8.0 2.0 5.0 1.0 9.0 1.0 5.0 4.0 6.0 1.0 4.0 6.0 3.0 6.0 10.0 5.0 9.0 5.0 8.0 4.0 6.0 1.0 10.0 8.0 10.0 2.0 0.0 9.0 8.0 6.0 10.0 2.0 10.0 5.0 6.0 7.0 6.0 3.0 1.0 6.0 2.0
37 9.0 2.0 10.0 6.0 8.0 4.0 2.0 2.0 6.0 3.0 5.0 9.0 2.0 1.0 3.0 9.0 2.0 6.0 4.0 3.0 8.0 6.0 1.0 2.0 9.0 10.0 1.0 2.0 5.0 8.0 7.0 3.0 10.0 3.0 8.0 9.0 0.0 7.0 2.0 8.0 3.0 10.0 6.0 5.0 10.0 3.0 3.0 3.0 4.0 10.0
38 4.0 1.0 2.0 2.0 10.0 10.0 8.0 5.0 6.0 2.0 1.0 5.0 7.0 3.0 6.0 8.0 8.0 7.0 9.0 10.0 7.0 10.0 10.0 6.0 5.0 3.0 10.0 3.0 10.0 1.0 2.0 8.0 8.0 9.0 6.0 8.0 7.0 0.0 2.0 5.0 6.0 2.0 8.0 8.0 3.0 9.0 7.0 8.0 3.0 7.0
39 5.0 9.0 5.0 8.0 7.0 6.0 4.0 1.0 2.0 8.0 7.0 6.0 8.0 4.0 10.0 8.0 9.0 9.0 5.0 5.0 6.0 6.0 4.0 6.0 3.0 6.0 3.0 2.0 7.0 1.0 4.0 6.0 5.0 7.0 5.0 6.0 2.0 2.0 0.0 8.0 5.0 4.0 7.0 7.0 1.0 4.0 8.0 9.0 10.0 6.0
40 4.0 9.0 9.0 10.0 3.0 4.0 10.0 5.0 7.0 10.0 10.0 6.0 1.0 8.0 8.0 4.0 6.0 7.0 10.0 7.0 3.0 10.0 1.0 5.0 3.0 7.0 9.0 7.0 6.0 1.0 5.0 3.0 4.0 7.0 9.0 10.0 8.0 5.0 8.0 0.0 5.0 2.0 8.0 6.0 3.0 4.0 2.0 8.0 1.0 5.0
41 5.0 8.0 10.0 3.0 5.0 6.0 8.0 9.0 7.0 6.0 5.0 1.0 3.0 3.0 10.0 8.0 3.0 2.0 1.0 4.0 7.0 8.0 1.0 9.0 9.0 3.0 2.0 10.0 10.0 7.0 9.0 8.0 4.0 8.0 10.0 2.0 3.0 6.0 5.0 5.0 0.0 6.0 10.0 4.0 4.0 4.0 2.0 5.0 4.0 5.0
42 7.0 7.0 10.0 5.0 7.0 8.0 1.0 2.0 10.0 4.0 4.0 7.0 4.0 3.0 7.0 7.0 6.0 4.0 9.0 4.0 6.0 4.0 4.0 5.0 7.0 9.0 5.0 9.0 6.0 6.0 2.0 10.0 9.0 2.0 1.0 10.0 10.0 2.0 4.0 2.0 6.0 0.0 4.0 5.0 4.0 2.0 4.0 4.0 3.0 8.0
43 5.0 2.0 6.0 8.0 5.0 1.0 7.0 4.0 9.0 7.0 3.0 1.0 2.0 5.0 6.0 6.0 1.0 5.0 2.0 6.0 1.0 3.0 10.0 10.0 9.0 4.0 9.0 1.0 1.0 8.0 3.0 3.0 7.0 9.0 6.0 5.0 6.0 8.0 7.0 8.0 10.0 4.0 0.0 3.0 10.0 6.0 2.0 8.0 10.0 10.0
44 7.0 2.0 8.0 4.0 5.0 2.0 1.0 4.0 3.0 1.0 5.0 9.0 1.0 3.0 9.0 8.0 5.0 9.0 7.0 2.0 4.0 10.0 4.0 5.0 9.0 1.0 4.0 9.0 6.0 4.0 5.0 3.0 7.0 4.0 6.0 6.0 5.0 8.0 7.0 6.0 4.0 5.0 3.0 0.0 5.0 9.0 4.0 2.0 8.0 5.0
45 6.0 3.0 9.0 8.0 7.0 2.0 2.0 1.0 1.0 3.0 7.0 2.0 2.0 9.0 2.0 5.0 9.0 2.0 2.0 5.0 3.0 1.0 9.0 9.0 3.0 6.0 5.0 1.0 8.0 2.0 1.0 6.0 6.0 5.0 7.0 7.0 10.0 3.0 1.0 3.0 4.0 4.0 10.0 5.0 0.0 9.0 3.0 5.0 3.0 10.0
46 6.0 6.0 3.0 6.0 10.0 4.0 9.0 9.0 10.0 4.0 8.0 2.0 2.0 4.0 6.0 2.0 7.0 8.0 6.0 9.0 10.0 9.0 4.0 1.0 7.0 3.0 8.0 6.0 3.0 4.0 2.0 6.0 8.0 8.0 3.0 6.0 3.0 9.0 4.0 4.0 4.0 2.0 6.0 9.0 9.0 0.0 10.0 1.0 5.0 6.0
47 10.0 2.0 7.0 10.0 6.0 9.0 1.0 3.0 5.0 8.0 7.0 9.0 2.0 6.0 7.0 1.0 4.0 3.0 4.0 5.0 8.0 3.0 4.0 7.0 2.0 1.0 5.0 8.0 4.0 10.0 1.0 4.0 1.0 6.0 8.0 3.0 3.0 7.0 8.0 2.0 2.0 4.0 2.0 4.0 3.0 10.0 0.0 2.0 6.0 6.0
48 2.0 8.0 4.0 10.0 3.0 1.0 5.0 1.0 4.0 7.0 9.0 4.0 8.0 5.0 5.0 5.0 1.0 1.0 7.0 2.0 10.0 10.0 4.0 1.0 3.0 6.0 5.0 5.0 8.0 10.0 1.0 7.0 4.0 4.0 3.0 1.0 3.0 8.0 9.0 8.0 5.0 4.0 8.0 2.0 5.0 1.0 2.0 0.0 10.0 7.0
49 4.0 4.0 5.0 4.0 9.0 1.0 8.0 7.0 8.0 3.0 3.0 7.0 6.0 5.0 2.0 4.0 5.0 3.0 2.0 6.0 7.0 2.0 8.0 7.0 5.0 5.0 3.0 2.0 5.0 10.0 2.0 2.0 7.0 9.0 5.0 6.0 4.0 3.0 10.0 1.0 4.0 3.0 10.0 8.0 3.0 5.0 6.0 10.0 0.0 1.0
50 4.0 1.0 4.0 5.0 2.0 2.0 1.0 3.0 7.0 7.0 8.0 4.0 6.0 9.0 8.0 1.0 10.0 3.0 4.0 3.0 9.0 9.0 6.0 5.0 8.0 8.0 5.0 5.0 10.0 9.0 8.0 10.0 10.0 3.0 6.0 2.0 10.0 7.0 6.0 5.0 5.0 8.0 10.0 5.0 10.0 6.0 6.0 7.0 1.0 0.0
