50
1 0.0 5.0 1.0 7.0 6.0 7.0 8.0 4.0 5.0 9.0 9.0 10.0 2.0 2.0 4.0 10.0 10.0 7.0 10.0 10.0 6.0 10.0 8.0 6.0 1.0 1.0 2.0 5.0 5.0 4.0 4.0 2.0 6.0 10.0 5.0 8.0 2.0 7.0 5.0 9.0 5.0 3.0 2.0 1.0 2.0 3.0 1.0 3.0 8.0 9.0
2 5.0 0.0 6.0 1.0 6.0 5.0 9.0 5.0 6.0 7.0 2.0 3.0 4.0 4.0 7.0 7.0 9.0 9.0 2.0 8.0 9.0 6.0 10.0 2.0 8.0 8.0 5.0 9.0 7.0 7.0 10.0 1.0 8.0 2.0 7.0 6.0 3.0 6.0 3.0 5.0 9.0 9.0 5.0 7.0 9.0 10.0 6.0 10.0 4.0 4.0
3 1.0 6.0 0.0 2.0 7.0 2.0 7.0 10.0 9.0 2.0 8.0 7.0 8.0 8.0 3.0 3.0 4.0 8.0 9.0 10.0 2.0 5.0 1.0 5.0 7.0 9.0 6.0 4.0 2.0 9.0 1.0 7.0 8.0 7.0 9.0 5.0 8.0 8.0 1.0 4.0 8.0 9.0 10.0 10.0 2.0 6.0 3.0 3.0 10.0 10.0
4 7.0 1.0 2.0 0.0 6.0 8.0 1.0 7.0 5.0 6.0 10.0 5.0 1.0 8.0 4.0 4.0 10.0 8.0 10.0 6.0 4.0 2.0 2.0 9.0 5.0 9.0 7.0 8.0 9.0 10.0 1.0 7.0 1.0 7.0 4.0 8.0 7.0 4.0 5.0 8.0 8.0 9.0 6.0 9.0 7.0 8.0 4.0 5.0 7.0 5.0
5 6.0 6.0 7.0 6.0 0.0 8.0 10.0 1.0 1.0 10.0 2.0 9.0 7.0 9.0 2.0 5.0 8.0 10.0 2.0 9.0 10.0 5.0 1.0 10.0 1.0 1.0 9.0 9.0 8.0 1.0 9.0 3.0 7.0 6.0 8.0 7.0 5.0 9.0 5.0 2.0 6.0 3.0 5.0 3.0 2.0 7.0 5.0 1.0 7.0 7.0
6 7.0 5.0 2.0 8.0 8.0 0.0 9.0 1.0 9.0 9.0 6.0 6.0 4.0 1.0 8.0 5.0 3.0 9.0 9.0 3.0 3.0 9.0 8.0 4.0 3.0 1.0 1.0 10.0 7.0 3.0 10.0 9.0 1.0 2.0 6.0 9.0 9.0 3.0 1.0 6.0 5.0 2.0 6.0 5.0 10.0 5.0 5.0 4.0 8.0 6.0
7 8.0 9.0 7.0 1.0 10.0 9.0 0.0 7.0 1.0 8.0 9.0 1.0 7.0 4.0 7.0 7.0 10.0 10.0 9.0 10.0 1.0 5.0 3.0 3.0 1.0 3.0 10.0 7.0 4.0 1.0 6.0 10.0 8.0 5.0 3.0 4.0 1.0 9.0 10.0 4.0 2.0 1.0 9.0 4.0 5.0 9.0 8.0 5.0 6.0 9.0
8 4.0 5.0 10.0 7.0 1.0 1.0 7.0 0.0 2.0 9.0 3.0 7.0 6.0 7.0 4.0 5.0 8.0 10.0 10.0 10.0 9.0 1.0 4.0 1.0 10.0 10.0 2.0 1.0 2.0 9.0 9.0 3.0 5.0 5.0 3.0 3.0 8.0 6.0 4.0 8.0 4.0 4.0 6.0 10.0 10.0 9.0 4.0 8.0 3.0 9.0
9 5.0 6.0 9.0 5.0 1.0 9.0 1.0 2.0 0.0 6.0 7.0 5.0 3.0 8.0 6.0 8.0 2.0 2.0 3.0 5.0 4.0 8.0 1.0 9.0 5.0 5.0 2.0 4.0 2.0 2.0 2.0 1.0 4.0 10.0 5.0 6.0 5.0 6.0 3.0 7.0 8.0 3.0 10.0 7.0 10.0 2.0 6.0 10.0 4.0 2.0
10 9.0 7.0 2.0 6.0 10.0 9.0 8.0 9.0 6.0 0.0 7.0 5.0 4.0 2.0 5.0 8.0 3.0 4.0 7.0 3.0 10.0 3.0 1.0 6.0 2.0 1.0 10.0 2.0 3.0 3.0 5.0 8.0 3.0 9.0 2.0 3.0 4.0 9.0 10.0 2.0 8.0 6.0 4.0 5.0 6.0 3.0 3.0 10.0 7.0 6.0
11 9.0 2.0 8.0 10.0 2.0 6.0 9.0 3.0 7.0 7.0 0.0 1.0 7.0 5.0 6.0 5.0 6.0 10.0 3.0 1.0 3.0 9.0 2.0 3.0 7.0 7.0 6.0 7.0 4.0 1.0 8.0 10.0 2.0 4.0 1.0 10.0 3.0 3.0 6.0 8.0 5.0 7.0 4.0 10.0 6.0 10.0 2.0 10.0 6.0 10.0
12 10.0 3.0 7.0 5.0 9.0 6.0 1.0 7.0 5.0 5.0 1.0 0.0 6.0 4.0 3.0 4.0 10.0 1.0 3.0 2.0 1.0 2.0 6.0 1.0 1.0 2.0 5.0 6.0 5.0 9.0 7.0 4.0 10.0 1.0 6.0 9.0 1.0 4.0 5.0 8.0 4.0 7.0 1.0 2.0 5.0 4.0 1.0 9.0 10.0 8.0
13 2.0 4.0 8.0 1.0 7.0 4.0 7.0 6.0 3.0 4.0 7.0 6.0 0.0 8.0 2.0 3.0 2.0 7.0 6.0 7.0 10.0 1.0 5.0 8.0 6.0 8.0 6.0 1.0 3.0 9.0 7.0 5.0 5.0 10.0 1.0 8.0 7.0 5.0 6.0 10.0 1.0 5.0 6.0 3.0 3.0 10.0 1.0 3.0 1.0 3.0
14 2.0 4.0 8.0 8.0 9.0 1.0 4.0 7.0 8.0 2.0 5.0 4.0 8.0 0.0 1.0 5.0 8.0 9.0 5.0 6.0 8.0 10.0 1.0 6.0 7.0 5.0 5.0 2.0 7.0 9.0 7.0 5.0 2.0 8.0 3.0 4.0 8.0 4.0 3.0 1.0 4.0 2.0 8.0 4.0 3.0 9.0 10.0 7.0 2.0 6.0
15 4.0 7.0 3.0 4.0 2.0 8.0 7.0 4.0 6.0 5.0 6.0 3.0 2.0 1.0 0.0 4.0 10.0 2.0 3.0 10.0 10.0 9.0 4.0 8.0 7.0 5.0 5.0 8.0 6.0 5.0 6.0 10.0 4.0 1.0 5.0 5.0 9.0 9.0 8.0 2.0 3.0 5.0 8.0 6.0 9.0 2.0 9.0 7.0 2.0 6.0
16 10.0 7.0 3.0 4.0 5.0 5.0 7.0 5.0 8.0 8.0 5.0 4.0 3.0 5.0 4.0 0.0 10.0 8.0 10.0 8.0 1.0 2.0 9.0 4.0 3.0 1.0 4.0 2.0 2.0 5.0 5.0 5.0 1.0 3.0 1.0 7.0 8.0 1.0 10.0 7.0 8.0 6.0 7.0 2.0 10.0 7.0 8.0 2.0 9.0 9.0
17 10.0 9.0 4.0 10.0 8.0 3.0 10.0 8.0 2.0 3.0 6.0 10.0 2.0 8.0 10.0 10.0 0.0 8.0 10.0 1.0 7.0 7.0 10.0 4.0 9.0 10.0 6.0 4.0 3.0 9.0 2.0 9.0 2.0 5.0 3.0 10.0 10.0 3.0 6.0 5.0 5.0 6.0 4.0 3.0 3.0 8.0 10.0 6.0 5.0 10.0
18 7.0 9.0 8.0 8.0 10.0 9.0 10.0 10.0 2.0 4.0 10.0 1.0 7.0 9.0 2.0 8.0 8.0 0.0 3.0 8.0 7.0 2.0 7.0 3.0 8.0 9.0 5.0 1.0 3.0 2.0 1.0 4.0 7.0 6.0 2.0 3.0 8.0 6.0 6.0 2.0 3.0 3.0 1.0 2.0 9.0 2.0 3.0 8.0 1.0 9.0
19 10.0 2.0 9.0 10.0 2.0 9.0 9.0 10.0 3.0 7.0 3.0 3.0 6.0 5.0 3.0 10.0 10.0 3.0 0.0 4.0 3.0 3.0 7.0 10.0 10.0 4.0 6.0 10.0 2.0 7.0 8.0 4.0 7.0 8.0 3.0 9.0 7.0 4.0 5.0 1.0 5.0 1.0 10.0 3.0 6.0 5.0 10.0 3.0 7.0 3.0
20 10.0 8.0 10.0 6.0 9.0 3.0 10.0 10.0 5.0 3.0 1.0 2.0 7.0 6.0 10.0 8.0 1.0 8.0 4.0 0.0 2.0 1.0 5.0 8.0 2.0 10.0 4.0 7.0 10.0 3.0 7.0 9.0 9.0 7.0 4.0 5.0 10.0 6.0 7.0 10.0 3.0 8.0 1.0 1.0 6.0 3.0 6.0 5.0 1.0 2.0
21 6.0 9.0 2.0 4.0 10.0 3.0 1.0 9.0 4.0 10.0 3.0 1.0 10.0 8.0 10.0 1.0 7.0 7.0 3.0 2.0 0.0 3.0 5.0 7.0 8.0 10.0 1.0 7.0 10.0 10.0 1.0 3.0 7.0 4.0 5.0 9.0 8.0 1.0 5.0 8.0 2.0 4.0 4.0 6.0 10.0 1.0 3.0 10.0 8.0 9.0
22 10.0 6.0 5.0 2.0 5.0 9.0 5.0 1.0 8.0 3.0 9.0 2.0 1.0 10.0 9.0 2.0 7.0 2.0 3.0 1.0 3.0 0.0 1.0 2.0 7.0 7.0 1.0 1.0 8.0 1.0 9.0 8.0 4.0 1.0 3.0 4.0 5.0 5.0 3.0 5.0 4.0 5.0 3.0 3.0 7.0 6.0 7.0 10.0 4.0 8.0
23 8.0 10.0 1.0 2.0 1.0 8.0 3.0 4.0 1.0 1.0 2.0 6.0 5.0 1.0 4.0 9.0 10.0 7.0 7.0 5.0 5.0 1.0 0.0 1.0 8.0 10.0 9.0 8.0 4.0 2.0 3.0 5.0 4.0 1.0 6.0 10.0 5.0 5.0 1.0 3.0 10.0 10.0 4.0 5.0 1.0 8.0 1.0 3.0 6.0 8.0
24 6.0 2.0 5.0 9.0 10.0 4.0 3.0 1.0 9.0 6.0 3.0 1.0 8.0 6.0 8.0 4.0 4.0 3.0 10.0 8.0 7.0 2.0 1.0 0.0 8.0 5.0 5.0 8.0 5.0 10.0 4.0 2.0 3.0 3.0 10.0 3.0 6.0 9.0 4.0 5.0 9.0 10.0 1.0 3.0 7.0 5.0 6.0 8.0 7.0 9.0
25 1.0 8.0 7.0 5.0 1.0 3.0 1.0 10.0 5.0 2.0 7.0 1.0 6.0 7.0 7.0 3.0 9.0 8.0 10.0 2.0 8.0 7.0 8.0 8.0 0.0 9.0 3.0 2.0 4.0 9.0 2.0 8.0 3.0 10.0 2.0 6.0 3.0 6.0 4.0 1.0 9.0 5.0 6.0 3.0 2.0 10.0 8.0 1.0 4.0 7.0
26 1.0 8.0 9.0 9.0 1.0 1.0 3.0 10.0 5.0 1.0 7.0 2.0 8.0 5.0 5.0 1.0 10.0 9.0 4.0 10.0 10.0 7.0 10.0 5.0 9.0 0.0 10.0 2.0 6.0 6.0 1.0 7.0 10.0 4.0 1.0 2.0 10.0 9.0 4.0 7.0 7.0 10.0 7.0 7.0 8.0 10.0 8.0 4.0 2.0 8.0
27 2.0 5.0 6.0 7.0 9.0 1.0 10.0 2.0 2.0 10.0 6.0 5.0 6.0 5.0 5.0 4.0 6.0 5.0 6.0 4.0 1.0 1.0 9.0 5.0 3.0 10.0 0.0 5.0 9.0 3.0 5.0 1.0 8.0 6.0 6.0 10.0 5.0 5.0 7.0 8.0 5.0 2.0 3.0 5.0 3.0 1.0 4.0 8.0 8.0 10.0
28 5.0 9.0 4.0 8.0 9.0 10.0 7.0 1.0 4.0 2.0 7.0 6.0 1.0 2.0 8.0 2.0 4.0 1.0 10.0 7.0 7.0 1.0 8.0 8.0 2.0 2.0 5.0 0.0 1.0 7.0 3.0 5.0 7.0 10.0 9.0 2.0 8.0 6.0 1.0 4.0 4.0 3.0 4.0 8.0 9.0 6.0 1.0 3.0 3.0 4.0
29 5.0 7.0 2.0 9.0 8.0 7.0 4.0 2.0 2.0 3.0 4.0 5.0 3.0 7.0 6.0 2.0 3.0 3.0 2.0 10.0 10.0 8.0 4.0 5.0 4.0 6.0 9.0 1.0 0.0 5.0 6.0 8.0 10.0 8.0 10.0 8.0 5.0 4.0 9.0 7.0 4.0 2.0 8.0 9.0 9.0 10.0 9.0 5.0 1.0 6.0
30 4.0 7.0 9.0 10.0 1.0 3.0 1.0 9.0 2.0 3.0 1.0 9.0 9.0 9.0 5.0 5.0 9.0 2.0 7.0 3.0 10.0 1.0 2.0 10.0 9.0 6.0 3.0 7.0 5.0 0.0 6.0 10.0 1.0 6.0 1.0 3.0 9.0 9.0 9.0 2.0 6.0 2.0 5.0 4.0 9.0 1.0 3.0 3.0 2.0 8.0
31 4.0 10.0 1.0 1.0 9.0 10.0 6.0 9.0 2.0 5.0 8.0 7.0 7.0 7.0 6.0 5.0 2.0 1.0 8.0 7.0 1.0 9.0 3.0 4.0 2.0 1.0 5.0 3.0 6.0 6.0 0.0 4.0 4.0 10.0 10.0 7.0 10.0 8.0 8.0 7.0 5.0 8.0 6.0 5.0 1.0 7.0 3.0 2.0 5.0 7.0
32 2.0 1.0 7.0 7.0 3.0 9.0 10.0 3.0 1.0 8.0 10.0 4.0 5.0 5.0 10.0 5.0 9.0 4.0 4.0 9.0 3.0 8.0 5.0 2.0 8.0 7.0 1.0 5.0 8.0 10.0 4.0 0.0 5.0 10.0 8.0 2.0 9.0 9.0 5.0 7.0 6.0 8.0 6.0 1.0 10.0 3.0 8.0 6.0 8.0 2.0
33 6.0 8.0 8.0 1.0 7.0 1.0 8.0 5.0 4.0 3.0 2.0 10.0 5.0 2.0 4.0 1.0 2.0 7.0 7.0 9.0 7.0 4.0 4.0 3.0 3.0 10.0 8.0 7.0 10.0 1.0 4.0 5.0 0.0 3.0 1.0 6.0 1.0 3.0 9.0 4.0 4.0 10.0 5.0 9.0 6.0 3.0 10.0 2.0 10.0 8.0
34 10.0 2.0 7.0 7.0 6.0 2.0 5.0 5.0 10.0 9.0 4.0 1.0 10.0 8.0 1.0 3.0 5.0 6.0 8.0 7.0 4.0 1.0 1.0 3.0 10.0 4.0 6.0 10.0 8.0 6.0 10.0 10.0 3.0 0.0 7.0 4.0 2.0 8.0 8.0 10.0 4.0 2.0 4.0 7.0 10.0 6.0 10.0 3.0 5.0 7.0
35 5.0 7.0 9.0 4.0 8.0 6.0 3.0 3.0 5.0 2.0 1.0 6.0 1.0 3.0 5.0 1.0 3.0 2.0 3.0 4.0 5.0 3.0 6.0 10.0 2.0 1.0 6.0 9.0 10.0 1.0 10.0 8.0 1.0 7.0 0.0 4.0 7.0 3.0 9.0 5.0 8.0 1.0 2.0 10.0 1.0 1.0 1.0 7.0 10.0 4.0
36 8.0 6.0 5.0 8.0 7.0 9.0 4.0 3.0 6.0 3.0 10.0 9.0 8.0 4.0 5.0 7.0 10.0 3.0 9.0 5.0 9.0 4.0 10.0 3.0 6.0 2.0 10.0 2.0 8.0 3.0 7.0 2.0 6.0 4.0 4.0 0.0 6.0 8.0 8.0 10.0 3.0 6.0 8.0 6.0 3.0 1.0 8.0 4.0 7.0 9.0
37 2.0 3.0 8.0 7.0 5.0 9.0 1.0 8.0 5.0 4.0 3.0 1.0 7.0 8.0 9.0 8.0 10.0 8.0 7.0 10.0 8.0 5.0 5.0 6.0 3.0 10.0 5.0 8.0 5.0 9.0 10.0 9.0 1.0 2.0 7.0 6.0 0.0 7.0 7.0 3.0 6.0 5.0 5.0 9.0 6.0 8.0 1.0 10.0 9.0 5.0
38 7.0 6.0 8.0 4.0 9.0 3.0 9.0 6.0 6.0 9.0 3.0 4.0 5.0 4.0 9.0 1.0 3.0 6.0 4.0 6.0 1.0 5.0 5.0 9.0 6.0 9.0 5.0 6.0 4.0 9.0 8.0 9.0 3.0 8.0 3.0 8.0 7.0 0.0 5.0 8.0 4.0 4.0 6.0 1.0 10.0 2.0 4.0 8.0 8.0 9.0
39 5.0 3.0 1.0 5.0 5.0 1.0 10.0 4.0 3.0 10.0 6.0 5.0 6.0 3.0 8.0 10.0 6.0 6.0 5.0 7.0 5.0 3.0 1.0 4.0 4.0 4.0 7.0 1.0 9.0 9.0 8.0 5.0 9.0 8.0 9.0 8.0 7.0 5.0 0.0 4.0 5.0 6.0 6.0 6.0 5.0 5.0 1.0 5.0 8.0 3.0
40 9.0 5.0 4.0 8.0 2.0 6.0 4.0 8.0 7.0 2.0 8.0 8.0 10.0 1.0 2.0 7.0 5.0 2.0 1.0 10.0 8.0 5.0 3.0 5.0 1.0 7.0 8.0 4.0 7.0 2.0 7.0 7.0 4.0 10.0 5.0 10.0 3.0 8.0 4.0 0.0 8.0 6.0 8.0 9.0 4.0 10.0 10.0 5.0 2.0 8.0
41 5.0 9.0 8.0 8.0 6.0 5.0 2.0 4.0 8.0 8.0 5.0 4.0 1.0 4.0 3.0 8.0 5.0 3.0 5.0 3.0 2.0 4.0 10.0 9.0 9.0 7.0 5.0 4.0 4.0 6.0 5.0 6.0 4.0 4.0 8.0 3.0 6.0 4.0 5.0 8.0 0.0 9.0 4.0 7.0 5.0 7.0 2.0 8.0 4.0 7.0
42 3.0 9.0 9.0 9.0 3.0 2.0 1.0 4.0 3.0 6.0 7.0 7.0 5.0 2.0 5.0 6.0 6.0 3.0 1.0 8.0 4.0 5.0 10.0 10.0 5.0 10.0 2.0 3.0 2.0 2.0 8.0 8.0 10.0 2.0 1.0 6.0 5.0 4.0 6.0 6.0 9.0 0.0 6.0 6.0 3.0 2.0 1.0 2.0 10.0 2.0
43 2.0 5.0 10.0 6.0 5.0 6.0 9.0 6.0 10.0 4.0 4.0 1.0 6.0 8.0 8.0 7.0 4.0 1.0 10.0 1.0 4.0 3.0 4.0 1.0 6.0 7.0 3.0 4.0 8.0 5.0 6.0 6.0 5.0 4.0 2.0 8.0 5.0 6.0 6.0 8.0 4.0 6.0 0.0 1.0 8.0 6.0 7.0 1.0 6.0 5.0
44 1.0 7.0 10.0 9.0 3.0 5.0 4.0 10.0 7.0 5.0 10.0 2.0 3.0 4.0 6.0 2.0 3.0 2.0 3.0 1.0 6.0 3.0 5.0 3.0 3.0 7.0 5.0 8.0 9.0 4.0 5.0 1.0 9.0 7.0 10.0 6.0 9.0 1.0 6.0 9.0 7.0 6.0 1.0 0.0 1.0 6.0 1.0 5.0 8.0 9.0
45 2.0 9.0 2.0 7.0 2.0 10.0 5.0 10.0 10.0 6.0 6.0 5.0 3.0 3.0 9.0 10.0 3.0 9.0 6.0 6.0 10.0 7.0 1.0 7.0 2.0 8.0 3.0 9.0 9.0 9.0 1.0 10.0 6.0 10.0 1.0 3.0 6.0 10.0 5.0 4.0 5.0 3.0 8.0 1.0 0.0 3.0 6.0 10.0 10.0 9.0
46 3.0 10.0 6.0 8.0 7.0 5.0 9.0 9.0 2.0 3.0 10.0 4.0 10.0 9.0 2.0 7.0 8.0 2.0 5.0 3.0 1.0 6.0 8.0 5.0 10.0 10.0 1.0 6.0 10.0 1.0 7.0 3.0 3.0 6.0 1.0 1.0 8.0 2.0 5.0 10.0 7.0 2.0 6.0 6.0 3.0 0.0 7.0 9.0 3.0 3.0
47 1.0 6.0 3.0 4.0 5.0 5.0 8.0 4.0 6.0 3.0 2.0 1.0 1.0 10.0 9.0 8.0 10.0 3.0 10.0 6.0 3.0 7.0 1.0 6.0 8.0 8.0 4.0 1.0 9.0 3.0 3.0 8.0 10.0 10.0 1.0 8.0 1.0 4.0 1.0 10.0 2.0 1.0 7.0 1.0 6.0 7.0 0.0 1.0 5.0 9.0
48 3.0 10.0 3.0 5.0 1.0 4.0 5.0 8.0 10.0 10.0 10.0 9.0 3.0 7.0 7.0 2.0 6.0 8.0 3.0 5.0 10.0 10.0 3.0 8.0 1.0 4.0 8.0 3.0 5.0 3.0 2.0 6.0 2.0 3.0 7.0 4.0 10.0 8.0 5.0 5.0 8.0 2.0 1.0 5.0 10.0 9.0 1.0 0.0 5.0 1.0
49 8.0 4.0 10.0 7.0 7.0 8.0 6.0 3.0 4.0 7.0 6.0 10.0 1.0 2.0 2.0 9.0 5.0 1.0 7.0 1.0 8.0 4.0 6.0 7.0 4.0 2.0 8.0 3.0 1.0 2.0 5.0 8.0 10.0 5.0 10.0 7.0 9.0 8.0 8.0 2.0 4.0 10.0 6.0 8.0 10.0 3.0 5.0 5.0 0.0 8.0
50 9.0 4.0 10.0 5.0 7.0 6.0 9.0 9.0 2.0 6.0 10.0 8.0 3.0 6.0 6.0 9.0 10.0 9.0 3.0 2.0 9.0 8.0 8.0 9.0 7.0 8.0 10.0 4.0 6.0 8.0 7.0 2.0 8.0 7.0 4.0 9.0 5.0 9.0 3.0 8.0 7.0 2.0 5.0 9.0 9.0 3.0 9.0 1.0 8.0 0.0
