60
1 0.0 6.0 9.0 3.0 6.0 7.0 9.0 9.0 1.0 10.0 2.0 9.0 5.0 8.0 1.0 4.0 8.0 4.0 3.0 6.0 6.0 6.0 1.0 7.0 7.0 1.0 2.0 6.0 5.0 8.0 4.0 10.0 5.0 7.0 5.0 1.0 6.0 3.0 1.0 1.0 6.0 5.0 5.0 8.0 3.0 3.0 5.0 3.0 7.0 6.0 4.0 5.0 8.0 6.0 10.0 4.0 6.0 8.0 7.0 1.0
2 6.0 0.0 4.0 10.0 9.0 6.0 1.0 1.0 2.0 10.0 1.0 7.0 9.0 10.0 2.0 8.0 6.0 7.0 7.0 5.0 6.0 3.0 1.0 3.0 3.0 7.0 7.0 3.0 10.0 1.0 4.0 1.0 8.0 2.0 9.0 9.0 7.0 10.0 6.0 2.0 10.0 10.0 8.0 5.0 9.0 4.0 7.0 1.0 10.0 10.0 2.0 5.0 9.0 6.0 6.0 6.0 8.0 5.0 7.0 10.0
3 9.0 4.0 0.0 3.0 7.0 10.0 9.0 4.0 1.0 4.0 3.0 7.0 8.0 9.0 7.0 9.0 4.0 5.0 10.0 7.0 6.0 1.0 3.0 5.0 6.0 8.0 5.0 10.0 9.0 5.0 2.0 10.0 5.0 8.0 8.0 7.0 8.0 1.0 9.0 1.0 9.0 10.0 7.0 7.0 4.0 6.0 4.0 6.0 10.0 6.0 2.0 6.0 4.0 10.0 6.0 5.0 7.0 7.0 1.0 2.0
4 3.0 10.0 3.0 0.0 2.0 1.0 4.0 1.0 1.0 3.0 7.0 5.0 9.0 7.0 2.0 1.0 9.0 5.0 10.0 5.0 5.0 1.0 6.0 1.0 6.0 8.0 9.0 4.0 1.0 3.0 6.0 10.0 8.0 7.0 8.0 4.0 3.0 6.0 2.0 10.0 4.0 6.0 8.0 1.0 6.0 6.0 6.0 4.0 1.0 8.0 1.0 1.0 8.0 7.0 2.0 10.0 7.0 9.0 10.0 6.0
5 6.0 9.0 7.0 2.0 0.0 10.0 9.0 1.0 8.0 7.0 7.0 4.0 6.0 5.0 4.0 3.0 9.0 9.0 4.0 6.0 8.0 10.0 1.0 1.0 9.0 8.0 2.0 10.0 9.0 3.0 5.0 3.0 1.0 7.0 3.0 4.0 1.0 7.0 6.0 7.0 10.0 5.0 10.0 7.0 7.0 3.0 4.0 8.0 3.0 5.0 1.0 1.0 10.0 9.0 4.0 4.0 9.0 9.0 4.0 5.0
6 7.0 6.0 10.0 1.0 10.0 0.0 7.0 10.0 9.0 3.0 3.0 6.0 1.0 7.0 3.0 5.0 1.0 5.0 3.0 10.0 10.0 4.0 7.0 6.0 4.0 2.0 10.0 1.0 1.0 8.0 2.0 1.0 10.0 2.0 3.0 3.0 9.0 5.0 3.0 1.0 1.0 4.0 1.0 1.0 4.0 4.0 4.0 2.0 5.0 2.0 9.0 2.0 6.0 6.0 7.0 3.0 1.0 1.0 10.0 5.0
7 9.0 1.0 9.0 4.0 9.0 7.0 0.0 10.0 4.0 7.0 8.0 3.0 6.0 5.0 8.0 7.0 1.0 1.0 8.0 6.0 6.0 6.0 3.0 5.0 3.0 2.0 4.0 3.0 10.0 9.0 8.0 2.0 1.0 1.0 10.0 4.0 9.0 5.0 3.0 2.0 2.0 10.0 8.0 6.0 1.0 7.0 8.0 7.0 7.0 10.0 2.0 4.0 1.0 2.0 1.0 10.0 7.0 8.0 6.0 6.0
8 9.0 1.0 4.0 1.0 1.0 10.0 10.0 0.0 10.0 1.0 6.0 9.0 8.0 4.0 6.0 8.0 8.0 10.0 4.0 4.0 5.0 10.0 4.0 6.0 8.0 9.0 1.0 3.0 10.0 8.0 3.0 4.0 4.0 5.0 3.0 5.0 3.0 2.0 3.0 10.0 8.0 10.0 6.0 9.0 3.0 3.0 4.0 10.0 2.0 8.0 6.0 10.0 5.0 7.0 1.0 9.0 3.0 8.0 8.0 2.0
9 1.0 2.0 1.0 1.0 8.0 9.0 4.0 10.0 0.0 2.0 7.0 4.0 2.0 8.0 8.0 7.0 8.0 3.0 2.0 4.0 8.0 7.0 8.0 8.0 2.0 3.0 9.0 6.0 2.0 2.0 1.0 5.0 2.0 6.0 3.0 9.0 1.0 9.0 4.0 1.0 7.0 2.0 7.0 9.0 5.0 3.0 6.0 7.0 9.0 10.0 3.0 9.0 3.0 1.0 9.0 4.0 5.0 7.0 4.0 6.0
10 10.0 10.0 4.0 3.0 7.0 3.0 7.0 1.0 2.0 0.0 4.0 2.0 6.0 6.0 10.0 9.0 8.0 7.0 8.0 9.0 1.0 7.0 8.0 3.0 4.0 7.0 7.0 4.0 9.0 9.0 5.0 6.0 9.0 1.0 6.0 7.0 9.0 2.0 2.0 1.0 6.0 4.0 10.0 1.0 5.0 9.0 10.0 10.0 4.0 9.0 8.0 10.0 8.0 8.0 9.0 5.0 5.0 4.0 6.0 2.0
11 2.0 1.0 3.0 7.0 7.0 3.0 8.0 6.0 7.0 4.0 0.0 9.0 8.0 4.0 9.0 2.0 8.0 10.0 7.0 5.0 8.0 6.0 7.0 8.0 4.0 1.0 10.0 10.0 6.0 5.0 6.0 2.0 10.0 5.0 10.0 6.0 1.0 3.0 8.0 6.0 4.0 7.0 2.0 3.0 1.0 1.0 9.0 7.0 2.0 7.0 4.0 5.0 5.0 4.0 10.0 8.0 3.0 9.0 2.0 7.0
12 9.0 7.0 7.0 5.0 4.0 6.0 3.0 9.0 4.0 2.0 9.0 0.0 1.0 8.0 4.0 1.0 8.0 7.0 9.0 10.0 6.0 4.0 4.0 2.0 9.0 2.0 8.0 6.0 2.0 7.0 3.0 3.0 10.0 2.0 6.0 4.0 6.0 4.0 7.0 9.0 10.0 4.0 1.0 8.0 10.0 8.0 4.0 10.0 5.0 10.0 7.0 2.0 9.0 7.0 3.0 2.0 8.0 1.0 6.0 2.0
13 5.0 9.0 8.0 9.0 6.0 1.0 6.0 8.0 2.0 6.0 8.0 1.0 0.0 1.0 5.0 4.0 1.0 5.0 5.0 7.0 5.0 5.0 4.0 6.0 8.0 5.0 1.0 4.0 5.0 2.0 6.0 5.0 1.0 4.0 7.0 2.0 3.0 8.0 1.0 6.0 6.0 5.0 7.0 2.0 2.0 1.0 1.0 4.0 3.0 6.0 2.0 9.0 7.0 2.0 8.0 1.0 6.0 1.0 7.0 10.0
14 8.0 10.0 9.0 7.0 5.0 7.0 5.0 4.0 8.0 6.0 4.0 8.0 1.0 0.0 6.0 9.0 4.0 10.0 3.0 10.0 10.0 6.0 3.0 6.0 10.0 10.0 8.0 7.0 6.0 8.0 6.0 3.0 2.0 8.0 9.0 9.0 8.0 7.0 4.0 2.0 6.0 9.0 6.0 7.0 6.0 7.0 7.0 8.0 5.0 8.0 8.0 3.0 3.0 1.0 9.0 3.0 2.0 2.0 7.0 2.0
15 1.0 2.0 7.0 2.0 4.0 3.0 8.0 6.0 8.0 10.0 9.0 4.0 5.0 6.0 0.0 4.0 2.0 3.0 4.0 8.0 5.0 8.0 4.0 4.0 9.0 2.0 8.0 8.0 2.0 5.0 3.0 7.0 4.0 3.0 3.0 1.0 9.0 2.0 6.0 4.0 7.0 2.0 3.0 4.0 8.0 6.0 4.0 9.0 9.0 5.0 2.0 8.0 6.0 7.0 4.0 4.0 3.0 4.0 3.0 8.0
16 4.0 8.0 9.0 1.0 3.0 5.0 7.0 8.0 7.0 9.0 2.0 1.0 4.0 9.0 4.0 0.0 2.0 8.0 10.0 2.0 4.0 4.0 8.0 5.0 8.0 10.0 6.0 7.0 1.0 3.0 10.0 7.0 4.0 8.0 9.0 10.0 3.0 4.0 1.0 10.0 10.0 5.0 1.0 3.0 8.0 10.0 5.0 8.0 3.0 3.0 8.0 3.0 5.0 6.0 6.0 1.0 9.0 5.0 7.0 1.0
17 8.0 6.0 4.0 9.0 9.0 1.0 1.0 8.0 8.0 8.0 8.0 8.0 1.0 4.0 2.0 2.0 0.0 8.0 4.0 9.0 5.0 2.0 3.0 3.0 8.0 10.0 9.0 5.0 4.0 2.0 8.0 1.0 8.0 6.0 3.0 2.0 3.0 3.0 10.0 1.0 4.0 2.0 7.0 8.0 6.0 10.0 6.0 6.0 1.0 6.0 8.0 2.0 5.0 2.0 2.0 3.0 10.0 4.0 9.0 10.0
18 4.0 7.0 5.0 5.0 9.0 5.0 1.0 10.0 3.0 7.0 10.0 7.0 5.0 10.0 3.0 8.0 8.0 0.0 1.0 9.0 10.0 9.0 4.0 2.0 1.0 10.0 4.0 1.0 4.0 8.0 4.0 7.0 1.0 8.0 5.0 6.0 8.0 4.0 8.0 1.0 9.0 8.0 5.0 7.0 1.0 9.0 8.0 3.0 5.0 5.0 2.0 8.0 8.0 6.0 2.0 9.0 8.0 8.0 9.0 1.0
19 3.0 7.0 10.0 10.0 4.0 3.0 8.0 4.0 2.0 8.0 7.0 9.0 5.0 3.0 4.0 10.0 4.0 1.0 0.0 9.0 4.0 6.0 4.0 6.0 1.0 2.0 10.0 6.0 3.0 1.0 10.0 8.0 5.0 5.0 10.0 9.0 10.0 1.0 2.0 10.0 9.0 3.0 2.0 4.0 5.0 1.0 10.0 6.0 5.0 2.0 4.0 1.0 7.0 3.0 3.0 8.0 3.0 6.0 1.0 7.0
20 6.0 5.0 7.0 5.0 6.0 10.0 6.0 4.0 4.0 9.0 5.0 10.0 7.0 10.0 8.0 2.0 9.0 9.0 9.0 0.0 2.0 6.0 1.0 3.0 3.0 4.0 9.0 1.0 10.0 5.0 8.0 1.0 7.0 10.0 6.0 3.0 6.0 10.0 9.0 5.0 9.0 5.0 7.0 4.0 5.0 2.0 2.0 10.0 4.0 5.0 2.0 6.0 9.0 5.0 10.0 2.0 2.0 3.0 8.0 5.0
21 6.0 6.0 6.0 5.0 8.0 10.0 6.0 5.0 8.0 1.0 8.0 6.0 5.0 10.0 5.0 4.0 5.0 10.0 4.0 2.0 0.0 8.0 8.0 6.0 4.0 6.0 4.0 8.0 7.0 6.0 6.0 9.0 7.0 9.0 2.0 10.0 4.0 10.0 1.0 2.0 7.0 3.0 4.0 2.0 3.0 2.0 3.0 8.0 9.0 9.0 4.0 3.0 8.0 1.0 7.0 7.0 8.0 2.0 6.0 3.0
22 6.0 3.0 1.0 1.0 10.0 4.0 6.0 10.0 7.0 7.0 6.0 4.0 5.0 6.0 8.0 4.0 2.0 9.0 6.0 6.0 8.0 0.0 5.0 10.0 3.0 1.0 4.0 9.0 6.0 7.0 9.0 8.0 1.0 10.0 9.0 4.0 4.0 5.0 7.0 1.0 9.0 1.0 6.0 5.0 7.0 3.0 1.0 1.0 7.0 8.0 6.0 2.0 10.0 10.0 10.0 1.0 10.0 6.0 8.0 10.0
23 1.0 1.0 3.0 6.0 1.0 7.0 3.0 4.0 8.0 8.0 7.0 4.0 4.0 3.0 4.0 8.0 3.0 4.0 4.0 1.0 8.0 5.0 0.0 3.0 6.0 9.0 3.0 4.0 7.0 10.0 3.0 6.0 10.0 9.0 1.0 3.0 1.0 10.0 5.0 6.0 10.0 8.0 4.0 7.0 5.0 1.0 9.0 4.0 3.0 3.0 4.0 1.0 9.0 4.0 3.0 2.0 10.0 9.0 10.0 10.0
24 7.0 3.0 5.0 1.0 1.0 6.0 5.0 6.0 8.0 3.0 8.0 2.0 6.0 6.0 4.0 5.0 3.0 2.0 6.0 3.0 6.0 10.0 3.0 0.0 5.0 7.0 9.0 7.0 8.0 10.0 1.0 2.0 7.0 10.0 8.0 1.0 1.0 7.0 2.0 7.0 8.0 2.0 3.0 7.0 1.0 9.0 3.0 10.0 3.0 1.0 1.0 8.0 5.0 2.0 9.0 1.0 7.0 3.0 2.0 1.0
25 7.0 3.0 6.0 6.0 9.0 4.0 3.0 8.0 2.0 4.0 4.0 9.0 8.0 10.0 9.0 8.0 8.0 1.0 1.0 3.0 4.0 3.0 6.0 5.0 0.0 1.0 7.0 1.0 10.0 4.0 3.0 6.0 5.0 8.0 5.0 9.0 6.0 4.0 3.0 7.0 10.0 5.0 5.0 8.0 3.0 7.0 6.0 4.0 6.0 9.0 7.0 4.0 6.0 9.0 9.0 5.0 2.0 8.0 3.0 2.0
26 1.0 7.0 8.0 8.0 8.0 2.0 2.0 9.0 3.0 7.0 1.0 2.0 5.0 10.0 2.0 10.0 10.0 10.0 2.0 4.0 6.0 1.0 9.0 7.0 1.0 0.0 6.0 9.0 1.0 4.0 5.0 10.0 9.0 8.0 7.0 8.0 8.0 6.0 9.0 3.0 1.0 8.0 4.0 4.0 1.0 1.0 2.0 10.0 8.0 2.0 5.0 7.0 5.0 3.0 6.0 10.0 8.0 10.0 10.0 4.0
27 2.0 7.0 5.0 9.0 2.0 10.0 4.0 1.0 9.0 7.0 10.0 8.0 1.0 8.0 8.0 6.0 9.0 4.0 10.0 9.0 4.0 4.0 3.0 9.0 7.0 6.0 0.0 7.0 3.0 9.0 6.0 5.0 6.0 3.0 6.0 3.0 2.0 10.0 5.0 9.0 6.0 6.0 10.0 9.0 9.0 2.0 1.0 4.0 6.0 10.0 2.0 8.0 10.0 5.0 9.0 2.0 10.0 7.0 7.0 6.0
28 6.0 3.0 10.0 4.0 10.0 1.0 3.0 3.0 6.0 4.0 10.0 6.0 4.0 7.0 8.0 7.0 5.0 1.0 6.0 1.0 8.0 9.0 4.0 7.0 1.0 9.0 7.0 0.0 9.0 2.0 3.0 4.0 4.0 2.0 7.0 5.0 5.0 10.0 2.0 7.0 4.0 10.0 4.0 2.0 1.0 9.0 5.0 7.0 5.0 2.0 1.0 4.0 9.0 6.0 2.0 5.0 5.0 2.0 9.0 1.0
29 5.0 10.0 9.0 1.0 9.0 1.0 10.0 10.0 2.0 9.0 6.0 2.0 5.0 6.0 2.0 1.0 4.0 4.0 3.0 10.0 7.0 6.0 7.0 8.0 10.0 1.0 3.0 9.0 0.0 8.0 2.0 5.0 4.0 4.0 7.0 6.0 4.0 6.0 1.0 10.0 4.0 1.0 5.0 8.0 6.0 9.0 6.0 1.0 6.0 5.0 7.0 1.0 6.0 4.0 3.0 8.0 6.0 7.0 3.0 1.0
30 8.0 1.0 5.0 3.0 3.0 8.0 9.0 8.0 2.0 9.0 5.0 7.0 2.0 8.0 5.0 3.0 2.0 8.0 1.0 5.0 6.0 7.0 10.0 10.0 4.0 4.0 9.0 2.0 8.0 0.0 5.0 6.0 1.0 1.0 10.0 3.0 5.0 3.0 1.0 7.0 7.0 9.0 10.0 8.0 5.0 3.0 10.0 9.0 5.0 7.0 5.0 7.0 6.0 6.0 1.0 6.0 4.0 2.0 9.0 8.0
31 4.0 4.0 2.0 6.0 5.0 2.0 8.0 3.0 1.0 5.0 6.0 3.0 6.0 6.0 3.0 10.0 8.0 4.0 10.0 8.0 6.0 9.0 3.0 1.0 3.0 5.0 6.0 3.0 2.0 5.0 0.0 9.0 10.0 4.0 2.0 9.0 1.0 2.0 5.0 6.0 8.0 10.0 2.0 6.0 1.0 8.0 7.0 5.0 4.0 8.0 9.0 9.0 5.0 6.0 4.0 2.0 9.0 2.0 7.0 2.0
32 10.0 1.0 10.0 10.0 3.0 1.0 2.0 4.0 5.0 6.0 2.0 3.0 5.0 3.0 7.0 7.0 1.0 7.0 8.0 1.0 9.0 8.0 6.0 2.0 6.0 10.0 5.0 4.0 5.0 6.0 9.0 0.0 10.0 1.0 7.0 9.0 6.0 8.0 6.0 8.0 4.0 7.0 5.0 6.0 5.0 4.0 1.0 7.0 2.0 6.0 10.0 3.0 4.0 9.0 9.0 4.0 2.0 6.0 10.0 7.0
33 5.0 8.0 5.0 8.0 1.0 10.0 1.0 4.0 2.0 9.0 10.0 10.0 1.0 2.0 4.0 4.0 8.0 1.0 5.0 7.0 7.0 1.0 10.0 7.0 5.0 9.0 6.0 4.0 4.0 1.0 10.0 10.0 0.0 6.0 4.0 1.0 5.0 1.0 1.0 1.0 4.0 1.0 5.0 6.0 7.0 10.0 3.0 4.0 3.0 3.0 6.0 10.0 4.0 1.0 10.0 10.0 3.0 8.0 4.0 5.0
34 7.0 2.0 8.0 7.0 7.0 2.0 1.0 5.0 6.0 1.0 5.0 2.0 4.0 8.0 3.0 8.0 6.0 8.0 5.0 10.0 9.0 10.0 9.0 10.0 8.0 8.0 3.0 2.0 4.0 1.0 4.0 1.0 6.0 0.0 9.0 1.0 5.0 10.0 2.0 7.0 9.0 7.0 9.0 4.0 7.0 5.0 3.0 10.0 7.0 5.0 1.0 8.0 10.0 3.0 3.0 9.0 6.0 6.0 4.0 9.0
35 5.0 9.0 8.0 8.0 3.0 3.0 10.0 3.0 3.0 6.0 10.0 6.0 7.0 9.0 3.0 9.0 3.0 5.0 10.0 6.0 2.0 9.0 1.0 8.0 5.0 7.0 6.0 7.0 7.0 10.0 2.0 7.0 4.0 9.0 0.0 10.0 1.0 4.0 7.0 6.0 1.0 9.0 5.0 4.0 10.0 6.0 4.0 9.0 1.0 10.0 1.0 5.0 7.0 7.0 3.0 6.0 4.0 2.0 6.0 2.0
36 1.0 9.0 7.0 4.0 4.0 3.0 4.0 5.0 9.0 7.0 6.0 4.0 2.0 9.0 1.0 10.0 2.0 6.0 9.0 3.0 10.0 4.0 3.0 1.0 9.0 8.0 3.0 5.0 6.0 3.0 9.0 9.0 1.0 1.0 10.0 0.0 2.0 6.0 8.0 5.0 1.0 10.0 4.0 3.0 4.0 2.0 6.0 8.0 8.0 8.0 7.0 1.0 7.0 2.0 9.0 2.0 5.0 10.0 9.0 5.0
37 6.0 7.0 8.0 3.0 1.0 9.0 9.0 3.0 1.0 9.0 1.0 6.0 3.0 8.0 9.0 3.0 3.0 8.0 10.0 6.0 4.0 4.0 1.0 1.0 6.0 8.0 2.0 5.0 4.0 5.0 1.0 6.0 5.0 5.0 1.0 2.0 0.0 7.0 4.0 4.0 4.0 7.0 10.0 9.0 4.0 2.0 8.0 6.0 3.0 10.0 2.0 6.0 10.0 10.0 10.0 10.0 1.0 4.0 1.0 7.0
38 3.0 10.0 1.0 6.0 7.0 5.0 5.0 2.0 9.0 2.0 3.0 4.0 8.0 7.0 2.0 4.0 3.0 4.0 1.0 10.0 10.0 5.0 10.0 7.0 4.0 6.0 10.0 10.0 6.0 3.0 2.0 8.0 1.0 10.0 4.0 6.0 7.0 0.0 4.0 7.0 3.0 1.0 2.0 9.0 2.0 6.0 2.0 10.0 9.0 2.0 4.0 1.0 7.0 4.0 1.0 4.0 7.0 5.0 9.0 6.0
39 1.0 6.0 9.0 2.0 6.0 3.0 3.0 3.0 4.0 2.0 8.0 7.0 1.0 4.0 6.0 1.0 10.0 8.0 2.0 9.0 1.0 7.0 5.0 2.0 3.0 9.0 5.0 2.0 1.0 1.0 5.0 6.0 1.0 2.0 7.0 8.0 4.0 4.0 0.0 4.0 4.0 4.0 10.0 10.0 2.0 9.0 2.0 4.0 8.0 5.0 9.0 1.0 4.0 5.0 8.0 3.0 4.0 3.0 6.0 1.0
40 1.0 2.0 1.0 10.0 7.0 1.0 2.0 10.0 1.0 1.0 6.0 9.0 6.0 2.0 4.0 10.0 1.0 1.0 10.0 5.0 2.0 1.0 6.0 7.0 7.0 3.0 9.0 7.0 10.0 7.0 6.0 8.0 1.0 7.0 6.0 5.0 4.0 7.0 4.0 0.0 8.0 4.0 7.0 3.0 10.0 6.0 6.0 7.0 8.0 7.0 7.0 10.0 3.0 6.0 7.0 10.0 10.0 3.0 6.0 10.0
41 6.0 10.0 9.0 4.0 10.0 1.0 2.0 8.0 7.0 6.0 4.0 10.0 6.0 6.0 7.0 10.0 4.0 9.0 9.0 9.0 7.0 9.0 10.0 8.0 10.0 1.0 6.0 4.0 4.0 7.0 8.0 4.0 4.0 9.0 1.0 1.0 4.0 3.0 4.0 8.0 0.0 10.0 9.0 4.0 4.0 10.0 1.0 10.0 2.0 8.0 3.0 10.0 4.0 1.0 5.0 9.0 7.0 2.0 7.0 3.0
42 5.0 10.0 10.0 6.0 5.0 4.0 10.0 10.0 2.0 4.0 7.0 4.0 5.0 9.0 2.0 5.0 2.0 8.0 3.0 5.0 3.0 1.0 8.0 2.0 5.0 8.0 6.0 10.0 1.0 9.0 10.0 7.0 1.0 7.0 9.0 10.0 7.0 1.0 4.0 4.0 10.0 0.0 6.0 4.0 9.0 5.0 8.0 7.0 7.0 4.0 6.0 1.0 8.0 2.0 9.0 5.0 10.0 7.0 8.0 9.0
43 5.0 8.0 7.0 8.0 10.0 1.0 8.0 6.0 7.0 10.0 2.0 1.0 7.0 6.0 3.0 1.0 7.0 5.0 2.0 7.0 4.0 6.0 4.0 3.0 5.0 4.0 10.0 4.0 5.0 10.0 2.0 5.0 5.0 9.0 5.0 4.0 10.0 2.0 10.0 7.0 9.0 6.0 0.0 2.0 2.0 5.0 3.0 9.0 4.0 7.0 2.0 2.0 7.0 2.0 6.0 5.0 9.0 7.0 9.0 9.0
44 8.0 5.0 7.0 1.0 7.0 1.0 6.0 9.0 9.0 1.0 3.0 8.0 2.0 7.0 4.0 3.0 8.0 7.0 4.0 4.0 2.0 5.0 7.0 7.0 8.0 4.0 9.0 2.0 8.0 8.0 6.0 6.0 6.0 4.0 4.0 3.0 9.0 9.0 10.0 3.0 4.0 4.0 2.0 0.0 1.0 1.0 4.0 10.0 3.0 1.0 10.0 9.0 7.0 5.0 9.0 5.0 6.0 7.0 5.0 6.0
45 3.0 9.0 4.0 6.0 7.0 4.0 1.0 3.0 5.0 5.0 1.0 10.0 2.0 6.0 8.0 8.0 6.0 1.0 5.0 5.0 3.0 7.0 5.0 1.0 3.0 1.0 9.0 1.0 6.0 5.0 1.0 5.0 7.0 7.0 10.0 4.0 4.0 2.0 2.0 10.0 4.0 9.0 2.0 1.0 0.0 8.0 9.0 5.0 3.0 9.0 5.0 7.0 10.0 8.0 1.0 3.0 3.0 3.0 8.0 4.0
46 3.0 4.0 6.0 6.0 3.0 4.0 7.0 3.0 3.0 9.0 1.0 8.0 1.0 7.0 6.0 10.0 10.0 9.0 1.0 2.0 2.0 3.0 1.0 9.0 7.0 1.0 2.0 9.0 9.0 3.0 8.0 4.0 10.0 5.0 6.0 2.0 2.0 6.0 9.0 6.0 10.0 5.0 5.0 1.0 8.0 0.0 6.0 5.0 1.0 9.0 1.0 8.0 8.0 10.0 10.0 10.0 1.0 1.0 1.0 5.0
47 5.0 7.0 4.0 6.0 4.0 4.0 8.0 4.0 6.0 10.0 9.0 4.0 1.0 7.0 4.0 5.0 6.0 8.0 10.0 2.0 3.0 1.0 9.0 3.0 6.0 2.0 1.0 5.0 6.0 10.0 7.0 1.0 3.0 3.0 4.0 6.0 8.0 2.0 2.0 6.0 1.0 8.0 3.0 4.0 9.0 6.0 0.0 7.0 1.0 2.0 1.0 6.0 10.0 9.0 4.0 5.0 10.0 4.0 1.0 10.0
48 3.0 1.0 6.0 4.0 8.0 2.0 7.0 10.0 7.0 10.0 7.0 10.0 4.0 8.0 9.0 8.0 6.0 3.0 6.0 10.0 8.0 1.0 4.0 10.0 4.0 10.0 4.0 7.0 1.0 9.0 5.0 7.0 4.0 10.0 9.0 8.0 6.0 10.0 4.0 7.0 10.0 7.0 9.0 10.0 5.0 5.0 7.0 0.0 8.0 2.0 5.0 8.0 2.0 10.0 6.0 7.0 3.0 8.0 5.0 7.0
49 7.0 10.0 10.0 1.0 3.0 5.0 7.0 2.0 9.0 4.0 2.0 5.0 3.0 5.0 9.0 3.0 1.0 5.0 5.0 4.0 9.0 7.0 3.0 3.0 6.0 8.0 6.0 5.0 6.0 5.0 4.0 2.0 3.0 7.0 1.0 8.0 3.0 9.0 8.0 8.0 2.0 7.0 4.0 3.0 3.0 1.0 1.0 8.0 0.0 2.0 7.0 4.0 9.0 2.0 4.0 2.0 4.0 6.0 9.0 5.0
50 6.0 10.0 6.0 8.0 5.0 2.0 10.0 8.0 10.0 9.0 7.0 10.0 6.0 8.0 5.0 3.0 6.0 5.0 2.0 5.0 9.0 8.0 3.0 1.0 9.0 2.0 10.0 2.0 5.0 7.0 8.0 6.0 3.0 5.0 10.0 8.0 10.0 2.0 5.0 7.0 8.0 4.0 7.0 1.0 9.0 9.0 2.0 2.0 2.0 0.0 4.0 2.0 8.0 2.0 8.0 10.0 10.0 8.0 7.0 3.0
51 4.0 2.0 2.0 1.0 1.0 9.0 2.0 6.0 3.0 8.0 4.0 7.0 2.0 8.0 2.0 8.0 8.0 2.0 4.0 2.0 4.0 6.0 4.0 1.0 7.0 5.0 2.0 1.0 7.0 5.0 9.0 10.0 6.0 1.0 1.0 7.0 2.0 4.0 9.0 7.0 3.0 6.0 2.0 10.0 5.0 1.0 1.0 5.0 7.0 4.0 0.0 5.0 6.0 9.0 2.0 10.0 8.0 7.0 9.0 6.0
52 5.0 5.0 6.0 1.0 1.0 2.0 4.0 10.0 9.0 10.0 5.0 2.0 9.0 3.0 8.0 3.0 2.0 8.0 1.0 6.0 3.0 2.0 1.0 8.0 4.0 7.0 8.0 4.0 1.0 7.0 9.0 3.0 10.0 8.0 5.0 1.0 6.0 1.0 1.0 10.0 10.0 1.0 2.0 9.0 7.0 8.0 6.0 8.0 4.0 2.0 5.0 0.0 4.0 6.0 5.0 5.0 8.0 6.0 1.0 8.0
53 8.0 9.0 4.0 8.0 10.0 6.0 1.0 5.0 3.0 8.0 5.0 9.0 7.0 3.0 6.0 5.0 5.0 8.0 7.0 9.0 8.0 10.0 9.0 5.0 6.0 5.0 10.0 9.0 6.0 6.0 5.0 4.0 4.0 10.0 7.0 7.0 10.0 7.0 4.0 3.0 4.0 8.0 7.0 7.0 10.0 8.0 10.0 2.0 9.0 8.0 6.0 4.0 0.0 6.0 5.0 9.0 7.0 4.0 7.0 3.0
54 6.0 6.0 10.0 7.0 9.0 6.0 2.0 7.0 1.0 8.0 4.0 7.0 2.0 1.0 7.0 6.0 2.0 6.0 3.0 5.0 1.0 10.0 4.0 2.0 9.0 3.0 5.0 6.0 4.0 6.0 6.0 9.0 1.0 3.0 7.0 2.0 10.0 4.0 5.0 6.0 1.0 2.0 2.0 5.0 8.0 10.0 9.0 10.0 2.0 2.0 9.0 6.0 6.0 0.0 3.0 6.0 8.0 10.0 3.0 8.0
55 10.0 6.0 6.0 2.0 4.0 7.0 1.0 1.0 9.0 9.0 10.0 3.0 8.0 9.0 4.0 6.0 2.0 2.0 3.0 10.0 7.0 10.0 3.0 9.0 9.0 6.0 9.0 2.0 3.0 1.0 4.0 9.0 10.0 3.0 3.0 9.0 10.0 1.0 8.0 7.0 5.0 9.0 6.0 9.0 1.0 10.0 4.0 6.0 4.0 8.0 2.0 5.0 5.0 3.0 0.0 5.0 6.0 2.0 6.0 3.0
56 4.0 6.0 5.0 10.0 4.0 3.0 10.0 9.0 4.0 5.0 8.0 2.0 1.0 3.0 4.0 1.0 3.0 9.0 8.0 2.0 7.0 1.0 2.0 1.0 5.0 10.0 2.0 5.0 8.0 6.0 2.0 4.0 10.0 9.0 6.0 2.0 10.0 4.0 3.0 10.0 9.0 5.0 5.0 5.0 3.0 10.0 5.0 7.0 2.0 10.0 10.0 5.0 9.0 6.0 5.0 0.0 2.0 10.0 5.0 1.0
57 6.0 8.0 7.0 7.0 9.0 1.0 7.0 3.0 5.0 5.0 3.0 8.0 6.0 2.0 3.0 9.0 10.0 8.0 3.0 2.0 8.0 10.0 10.0 7.0 2.0 8.0 10.0 5.0 6.0 4.0 9.0 2.0 3.0 6.0 4.0 5.0 1.0 7.0 4.0 10.0 7.0 10.0 9.0 6.0 3.0 1.0 10.0 3.0 4.0 10.0 8.0 8.0 7.0 8.0 6.0 2.0 0.0 1.0 6.0 5.0
58 8.0 5.0 7.0 9.0 9.0 1.0 8.0 8.0 7.0 4.0 9.0 1.0 1.0 2.0 4.0 5.0 4.0 8.0 6.0 3.0 2.0 6.0 9.0 3.0 8.0 10.0 7.0 2.0 7.0 2.0 2.0 6.0 8.0 6.0 2.0 10.0 4.0 5.0 3.0 3.0 2.0 7.0 7.0 7.0 3.0 1.0 4.0 8.0 6.0 8.0 7.0 6.0 4.0 10.0 2.0 10.0 1.0 0.0 4.0 7.0
59 7.0 7.0 1.0 10.0 4.0 10.0 6.0 8.0 4.0 6.0 2.0 6.0 7.0 7.0 3.0 7.0 9.0 9.0 1.0 8.0 6.0 8.0 10.0 2.0 3.0 10.0 7.0 9.0 3.0 9.0 7.0 10.0 4.0 4.0 6.0 9.0 1.0 9.0 6.0 6.0 7.0 8.0 9.0 5.0 8.0 1.0 1.0 5.0 9.0 7.0 9.0 1.0 7.0 3.0 6.0 5.0 6.0 4.0 0.0 7.0
60 1.0 10.0 2.0 6.0 5.0 5.0 6.0 2.0 6.0 2.0 7.0 2.0 10.0 2.0 8.0 1.0 10.0 1.0 7.0 5.0 3.0 10.0 10.0 1.0 2.0 4.0 6.0 1.0 1.0 8.0 2.0 7.0 5.0 9.0 2.0 5.0 7.0 6.0 1.0 10.0 3.0 9.0 9.0 6.0 4.0 5.0 10.0 7.0 5.0 3.0 6.0 8.0 3.0 8.0 3.0 1.0 5.0 7.0 7.0 0.0
