32
1 0.0579379748 0.0235398411 0.0248013327 0.0434634793 0.0419988576 0.0241516926 0.0495640092 0.0336566739 0.0313940006 0.0175729868 0.014045189 0.0013795556 0.0234728784 0.0340104363 0.0251398223 0.0332595511 0.0387096034 0.0107841319 0.0317600437 0.0391914447 0.0377315384 0.0405215303 0.023602508 0.040370961 0.0303212678 0.0084973821 0.0456698974 0.0374892908 0.0298156688 0.0357676751 0.0366462069 0.0337325685 
2 0.0235398411 0.0255644673 0.0265483193 0.0543935012 0.0477896122 0.0466750607 0.0333228576 0.0154875037 0.0253800836 0.0384736415 0.0223043767 0.032277148 0.031067651 0.0388802071 0.0242589451 0.0224347618 0.0294286368 0.0384203052 0.0396518558 0.0268648885 0.0285992311 0.0159144304 0.0312530389 0.0410890483 0.0256611335 0.0205734584 0.0242752206 0.0312153969 0.0368104039 0.0309314941 0.0423575069 0.0285559729 
3 0.0248013327 0.0265483193 0.0282283147 0.0430103499 0.0388960006 0.0372324292 0.0234499575 0.0232395981 0.0286142417 0.029743253 0.0336360033 0.0179554511 0.042455809 0.0257218077 0.0418217587 0.0229153724 0.0335128724 0.0430579079 0.0212343438 0.0194783311 0.0152543435 0.0288451757 0.0459871123 0.0383789391 0.0392079425 0.0379386507 0.0332264057 0.0280484232 0.0091292129 0.0369348261 0.0467302103 0.034765304 
4 0.0434634793 0.0543935012 0.0430103499 0.0025416278 0.0243580877 0.0337234602 0.0373589735 0.029982693 0.0470506626 0.0418657669 0.0241118298 0.0067605643 0.0603823143 0.0433007657 0.0182294543 0.0291390154 0.0218950128 0.0192458135 0.027898416 0.0499413608 0.0318843318 0.0275272708 0.0279527338 0.0242136348 0.0268236129 0.0215537573 0.0197452433 0.0289291772 0.0119234046 0.0534020893 0.0426392564 0.0247523388 
5 0.0419988576 0.0477896122 0.0388960006 0.0243580877 0.0136621554 0.0358883689 0.0280893677 0.0352453813 0.0210592424 0.0487372972 0.0152412514 0.0354052685 0.0473992338 0.0274351294 0.0246665913 0.0483777515 0.0279817893 0.0321578102 0.0257925383 0.0284657121 0.0296764872 0.0380716631 0.0239914753 0.0245601538 0.0160219268 0.0311977688 0.0467691308 0.026074691 0.0326820199 0.0229466374 0.0205658692 0.03879473 
6 0.0241516926 0.0466750607 0.0372324292 0.0337234602 0.0358883689 0.0447362651 0.0232437632 0.0129582592 0.0220700722 0.0191004199 0.0217497615 0.0340738749 0.0336670916 0.0364927719 0.0086963282 0.0418639882 0.0294565852 0.0166074946 0.0650167836 0.0257424403 0.0349205609 0.0276903248 0.0215934066 0.0196722198 0.0273019445 0.0246377493 0.0560935958 0.070727166 0.0204585939 0.0302084709 0.0338951449 0.0196539113 
7 0.0495640092 0.0333228576 0.0234499575 0.0373589735 0.0280893677 0.0232437632 0.0365910746 0.052851934 0.0372914058 0.0383523415 0.0229423663 0.0391216779 0.0077157188 0.0356254645 0.015927797 0.022323775 0.0262321084 0.0365042867 0.0353780694 0.0202343501 0.0231108521 0.0446137587 0.0327366184 0.0165729189 0.0140005245 0.01608295 0.0434886675 0.0341494726 0.0342741168 0.0404486037 0.0436418283 0.0347583899 
8 0.0336566739 0.0154875037 0.0232395981 0.029982693 0.0352453813 0.0129582592 0.052851934 0.0518061327 0.0399968488 0.0104379614 0.0514614832 0.0137276325 0.0491325757 0.0208690666 0.0459990205 0.0182757582 0.0330933813 0.0285862125 0.0156909937 0.0344454737 0.0291866408 0.0357720941 0.0342080473 0.0282146307 0.0259098421 0.0291800675 0.0443354978 0.0195820936 0.0416574006 0.043271865 0.0375924953 0.0141447409 
9 0.0313940006 0.0253800836 0.0286142417 0.0470506626 0.0210592424 0.0220700722 0.0372914058 0.0399968488 0.0399288101 0.0286434824 0.037971542 0.0189547661 0.0198934612 0.0406566518 0.028949885 0.0316395394 0.0262309004 0.0336202333 0.0441144908 0.0296037671 0.0405594077 0.0368304513 0.0320377082 0.0303794694 0.0314273346 0.0346503636 0.0261288532 0.0143364392 0.0169237157 0.0326658548 0.0340878073 0.0369085079 
10 0.0175729868 0.0384736415 0.029743253 0.0418657669 0.0487372972 0.0191004199 0.0383523415 0.0104379614 0.0286434824 0.0282875746 0.0041623816 0.0574200887 0.0187928644 0.0213701755 0.0421050545 0.0388371581 0.0452905316 0.0263273372 0.0145608305 0.0256245883 0.0185576391 0.0428886789 0.039731045 0.0261560919 0.0496554773 0.0293528048 0.0285223479 0.013566846 0.0322414562 0.0344678783 0.041095546 0.048058453 
11 0.014045189 0.0223043767 0.0336360033 0.0241118298 0.0152412514 0.0217497615 0.0229423663 0.0514614832 0.037971542 0.0041623816 0.0406953323 0.0386349335 0.0163689339 0.0448736157 0.0291463881 0.0182592049 0.0372472001 0.0326885455 0.0341577365 0.0325931946 0.0297931891 0.0341327474 0.0272681603 0.0337807804 0.0380555107 0.0291723927 0.0388645746 0.0430475578 0.0501347273 0.0411924227 0.0222860528 0.0399806146 
12 0.0013795556 0.032277148 0.0179554511 0.0067605643 0.0354052685 0.0340738749 0.0391216779 0.0137276325 0.0189547661 0.0574200887 0.0386349335 0.0240315066 0.0346396938 0.059575047 0.0332398141 0.0357012637 0.0475511269 0.0248590969 0.0344828465 0.0442240499 0.0335156673 0.0332305143 0.0129545293 0.0399478992 0.0370523827 0.0351708971 0.0088579819 0.0486880973 0.0223332488 0.0505148294 0.0193511588 0.0243673875 
13 0.0234728784 0.031067651 0.042455809 0.0603823143 0.0473992338 0.0336670916 0.0077157188 0.0491325757 0.0198934612 0.0187928644 0.0163689339 0.0346396938 0.043537129 0.0365197105 0.0063915195 0.0359567972 0.0372627718 0.0082826872 0.04355869 0.0449067413 0.0541602961 0.0121600205 0.0550346899 0.0301440518 0.0284328065 0.0115342757 0.0284695314 0.0326855157 0.0234323103 0.0322755188 0.0275650527 0.0227016581 
14 0.0340104363 0.0388802071 0.0257218077 0.0433007657 0.0274351294 0.0364927719 0.0356254645 0.0208690666 0.0406566518 0.0213701755 0.0448736157 0.059575047 0.0365197105 0.0065546288 0.0343787204 0.0224231228 0.0117455565 0.0476431133 0.0227665721 0.0247194831 0.038559624 0.0433631187 0.0147331039 0.0280172047 0.0502442543 0.0325670608 0.0147493147 0.0290682159 0.0326692466 0.0138655176 0.0351740817 0.0314272105 
15 0.0251398223 0.0242589451 0.0418217587 0.0182294543 0.0246665913 0.0086963282 0.015927797 0.0459990205 0.028949885 0.0421050545 0.0291463881 0.0332398141 0.0063915195 0.0343787204 0.0295435356 0.0313841334 0.0531556988 0.0422907892 0.0410471725 0.0273725561 0.0244687053 0.0361303269 0.0460030748 0.0283768174 0.0210885183 0.018118558 0.0346384636 0.0514809185 0.036909444 0.0429949335 0.0157993669 0.0402458882 
16 0.0332595511 0.0224347618 0.0229153724 0.0291390154 0.0483777515 0.0418639882 0.022323775 0.0182757582 0.0316395394 0.0388371581 0.0182592049 0.0357012637 0.0359567972 0.0224231228 0.0313841334 0.0393650863 0.0207380592 0.0630246888 0.0257466931 0.0308453718 0.0160430177 0.0369510398 0.0205808003 0.0322545593 0.0269973132 0.0579803946 0.0162272901 0.0428352273 0.0424927932 0.0069178857 0.0413109071 0.0268976797 
17 0.0387096034 0.0294286368 0.0335128724 0.0218950128 0.0279817893 0.0294565852 0.0262321084 0.0330933813 0.0262309004 0.0452905316 0.0372472001 0.0475511269 0.0372627718 0.0117455565 0.0531556988 0.0207380592 0.0028413386 0.0352852752 0.0314841158 0.046724988 0.0259769601 0.016557811 0.0285306043 0.0311366184 0.0575817868 0.0501313048 0.0205886262 0.0079784371 0.0183896531 0.0290569918 0.0501689903 0.0280346636 
18 0.0107841319 0.0384203052 0.0430579079 0.0192458135 0.0321578102 0.0166074946 0.0365042867 0.0285862125 0.0336202333 0.0263273372 0.0326885455 0.0248590969 0.0082826872 0.0476431133 0.0422907892 0.0630246888 0.0352852752 0.0363829027 0.0251988398 0.0339843181 0.0369319216 0.0370259658 0.0503210972 0.0168468757 0.0142910586 0.0189191924 0.0284401719 0.0367080103 0.0372326445 0.0203611299 0.0419565959 0.0260135464 
19 0.0317600437 0.0396518558 0.0212343438 0.027898416 0.0257925383 0.0650167836 0.0353780694 0.0156909937 0.0441144908 0.0145608305 0.0341577365 0.0344828465 0.04355869 0.0227665721 0.0410471725 0.0257466931 0.0314841158 0.0251988398 0.0200545005 0.0318073178 0.0437901136 0.0259429977 0.024206567 0.000788066 0.0504356405 0.0435117097 0.0246408012 0.0352328055 0.0453420593 0.027342845 0.0218353631 0.0255281815 
20 0.0391914447 0.0268648885 0.0194783311 0.0499413608 0.0284657121 0.0257424403 0.0202343501 0.0344454737 0.0296037671 0.0256245883 0.0325931946 0.0442240499 0.0449067413 0.0247194831 0.0273725561 0.0308453718 0.046724988 0.0339843181 0.0318073178 0.0120751703 0.0223455302 0.0277027651 0.0326979915 0.0283190423 0.0293630141 0.0088417335 0.0615875101 0.0334518756 0.0388162505 0.0265016887 0.0073434152 0.0541836355 
21 0.0377315384 0.0285992311 0.0152543435 0.0318843318 0.0296764872 0.0349205609 0.0231108521 0.0291866408 0.0405594077 0.0185576391 0.0297931891 0.0335156673 0.0541602961 0.038559624 0.0244687053 0.0160430177 0.0259769601 0.0369319216 0.0437901136 0.0223455302 0.0221711831 0.0083455803 0.0355905066 0.0519250298 0.0284436674 0.0547332019 0.0113987796 0.0470919062 0.0351978307 0.0134384589 0.0236365205 0.0529612773 
22 0.0405215303 0.0159144304 0.0288451757 0.0275272708 0.0380716631 0.0276903248 0.0446137587 0.0357720941 0.0368304513 0.0428886789 0.0341327474 0.0332305143 0.0121600205 0.0433631187 0.0361303269 0.0369510398 0.016557811 0.0370259658 0.0259429977 0.0277027651 0.0083455803 0.0281648608 0.0165859655 0.0384816372 0.0490139879 0.0539890592 0.0287734258 0.0292219707 0.0337393033 0.0217910695 0.0300721368 0.0199483178 
23 0.023602508 0.0312530389 0.0459871123 0.0279527338 0.0239914753 0.0215934066 0.0327366184 0.0342080473 0.0320377082 0.039731045 0.0272681603 0.0129545293 0.0550346899 0.0147331039 0.0460030748 0.0205808003 0.0285306043 0.0503210972 0.024206567 0.0326979915 0.0355905066 0.0165859655 0.0263938475 0.0237139152 0.0284957621 0.0194887549 0.0384485094 0.0343729157 0.0371923975 0.0390313382 0.0375755903 0.0376861847 
24 0.040370961 0.0410890483 0.0383789391 0.0242136348 0.0245601538 0.0196722198 0.0165729189 0.0282146307 0.0303794694 0.0261560919 0.0337807804 0.0399478992 0.0301440518 0.0280172047 0.0283768174 0.0322545593 0.0311366184 0.0168468757 0.000788066 0.0283190423 0.0519250298 0.0384816372 0.0237139152 0.0797118408 0.0074235631 0.0326771713 0.0561015114 0.0224928395 0.0379707963 0.0321414245 0.0312594299 0.0268808583 
25 0.0303212678 0.0256611335 0.0392079425 0.0268236129 0.0160219268 0.0273019445 0.0140005245 0.0259098421 0.0314273346 0.0496554773 0.0380555107 0.0370523827 0.0284328065 0.0502442543 0.0210885183 0.0269973132 0.0575817868 0.0142910586 0.0504356405 0.0293630141 0.0284436674 0.0490139879 0.0284957621 0.0074235631 0.0569845588 0.0353898617 0.0343260998 0.0266114792 0.01711962 0.0199185577 0.0189143665 0.0374851837 
26 0.0084973821 0.0205734584 0.0379386507 0.0215537573 0.0311977688 0.0246377493 0.01608295 0.0291800675 0.0346503636 0.0293528048 0.0291723927 0.0351708971 0.0115342757 0.0325670608 0.018118558 0.0579803946 0.0501313048 0.0189191924 0.0435117097 0.0088417335 0.0547332019 0.0539890592 0.0194887549 0.0326771713 0.0353898617 0.037405551 0.029461191 0.0108167647 0.0448612704 0.0513977057 0.0388645452 0.0313024514 
27 0.0456698974 0.0242752206 0.0332264057 0.0197452433 0.0467691308 0.0560935958 0.0434886675 0.0443354978 0.0261288532 0.0285223479 0.0388645746 0.0088579819 0.0284695314 0.0147493147 0.0346384636 0.0162272901 0.0205886262 0.0284401719 0.0246408012 0.0615875101 0.0113987796 0.0287734258 0.0384485094 0.0561015114 0.0343260998 0.029461191 0.0135201139 0.0290697684 0.0493617878 0.0286155262 0.0179648672 0.0176392938 
28 0.0374892908 0.0312153969 0.0280484232 0.0289291772 0.026074691 0.070727166 0.0341494726 0.0195820936 0.0143364392 0.013566846 0.0430475578 0.0486880973 0.0326855157 0.0290682159 0.0514809185 0.0428352273 0.0079784371 0.0367080103 0.0352328055 0.0334518756 0.0470919062 0.0292219707 0.0343729157 0.0224928395 0.0266114792 0.0108167647 0.0290697684 0.0356780205 0.0076361548 0.0362129226 0.0148986 0.0406010006 
29 0.0298156688 0.0368104039 0.0091292129 0.0119234046 0.0326820199 0.0204585939 0.0342741168 0.0416574006 0.0169237157 0.0322414562 0.0501347273 0.0223332488 0.0234323103 0.0326692466 0.036909444 0.0424927932 0.0183896531 0.0372326445 0.0453420593 0.0388162505 0.0351978307 0.0337393033 0.0371923975 0.0379707963 0.01711962 0.0448612704 0.0493617878 0.0076361548 0.0376299701 0.0309662059 0.0351783708 0.0194779218 
30 0.0357676751 0.0309314941 0.0369348261 0.0534020893 0.0229466374 0.0302084709 0.0404486037 0.043271865 0.0326658548 0.0344678783 0.0411924227 0.0505148294 0.0322755188 0.0138655176 0.0429949335 0.0069178857 0.0290569918 0.0203611299 0.027342845 0.0265016887 0.0134384589 0.0217910695 0.0390313382 0.0321414245 0.0199185577 0.0513977057 0.0286155262 0.0362129226 0.0309662059 0.0305303978 0.0119873816 0.0318998536 
31 0.0366462069 0.0423575069 0.0467302103 0.0426392564 0.0205658692 0.0338951449 0.0436418283 0.0375924953 0.0340878073 0.041095546 0.0222860528 0.0193511588 0.0275650527 0.0351740817 0.0157993669 0.0413109071 0.0501689903 0.0419565959 0.0218353631 0.0073434152 0.0236365205 0.0300721368 0.0375755903 0.0312594299 0.0189143665 0.0388645452 0.0179648672 0.0148986 0.0351783708 0.0119873816 0.0453385061 0.0322668288 
32 0.0337325685 0.0285559729 0.034765304 0.0247523388 0.03879473 0.0196539113 0.0347583899 0.0141447409 0.0369085079 0.048058453 0.0399806146 0.0243673875 0.0227016581 0.0314272105 0.0402458882 0.0268976797 0.0280346636 0.0260135464 0.0255281815 0.0541836355 0.0529612773 0.0199483178 0.0376861847 0.0268808583 0.0374851837 0.0313024514 0.0176392938 0.0406010006 0.0194779218 0.0318998536 0.0322668288 0.0183454452 
