32
1 0.0044222491 0.0174928291 0.0482818637 0.0393150039 0.0260964281 0.009425326 0.0360983888 0.008422404 0.0324188692 0.0398744727 0.0310418774 0.0363494227 0.0416321859 0.0452397473 0.0211600881 0.0342883519 0.0259793723 0.0351281705 0.0304445829 0.0241352051 0.0215401121 0.0608722798 0.026274568 0.035133666 0.0422098659 0.0465500238 0.0393504621 0.0065216268 0.0194881874 0.0462150879 0.0302307636 0.0383665179 
2 0.0174928291 0.0283113206 0.0528417068 0.0211085917 0.0475028639 0.0325794187 0.0185706998 0.0410779621 0.014102386 0.0240083573 0.0445420965 0.0370947894 0.0045601388 0.0523630873 0.0310115629 0.0355082161 0.0348366088 0.0440978996 0.0115566733 0.0074173141 0.0368080829 0.0259209727 0.0237069982 0.0281477182 0.0883522652 0.0317832063 0.0410352556 0.0149049404 0.0365475028 0.0232843159 0.0404012551 0.0085229639 
3 0.0482818637 0.0528417068 0.031924028 0.025860897 0.020438681 0.0315154476 0.0441715907 0.0161023389 0.0517739001 0.0146618591 0.0281820291 0.0344946016 0.0320696848 0.0265318321 0.0508148378 0.0300903346 0.0454993799 0.0200962535 0.020686706 0.0338988004 0.029116632 0.0179556354 0.0213174138 0.0251624746 0.0133800039 0.0155958235 0.0304765759 0.0499264702 0.0539939521 0.0197670269 0.0398052655 0.0235659536 
4 0.0393150039 0.0211085917 0.025860897 0.0263668223 0.034139904 0.0176633875 0.0169809136 0.0217010657 0.0341212582 0.0318805116 0.0412600474 0.0153433271 0.0245175828 0.0333939833 0.0421967022 0.0292113008 0.0700809639 0.0533690097 0.0258436504 0.0268462251 0.0183436673 0.0188616904 0.0299630113 0.0278592087 0.0304559943 0.0273094268 0.025488731 0.0502443123 0.0165841887 0.0234054448 0.0447895195 0.0554936567 
5 0.0260964281 0.0475028639 0.020438681 0.034139904 0.0147452685 0.0228279412 0.0287259428 0.0497148741 0.035849789 0.0450273553 0.024363439 0.022514562 0.0123473982 0.0340611333 0.0371948965 0.0369482524 0.0093740622 0.0474086597 0.0422832801 0.0566998099 0.0155507893 0.0193836309 0.0215822883 0.0396815032 0.0356489645 0.0456048618 0.0304282979 0.0347928039 0.0336221795 0.0352633927 0.0193998025 0.0207769442 
6 0.009425326 0.0325794187 0.0315154476 0.0176633875 0.0228279412 0.045088554 0.0623327857 0.017358993 0.0494362385 0.0344423736 0.0222215447 0.0453804305 0.0329803592 0.0256856813 0.0613961472 0.0278605887 0.0147186374 0.0178091143 0.0444399833 0.0229649752 0.0313432329 0.0178167985 0.0571616819 0.0426373132 0.0202343758 0.0181965166 0.0223852106 0.0117991003 0.0485196611 0.0262495886 0.0391551405 0.0263734525 
7 0.0360983888 0.0185706998 0.0441715907 0.0169809136 0.0287259428 0.0623327857 0.0334537521 0.0233616743 0.025230288 0.002772758 0.0258167944 0.0252210154 0.0111786241 0.0372582046 0.0548948331 0.0413638075 0.0371980576 0.0554210481 0.0388769984 0.0252559614 0.0412193954 0.0171774866 0.0442019056 0.028895635 0.0150327613 0.028911878 0.0186575225 0.0496029036 0.0213415268 0.0287665601 0.0329171144 0.0290911723 
8 0.008422404 0.0410779621 0.0161023389 0.0217010657 0.0497148741 0.017358993 0.0233616743 0.0039099817 0.0584578555 0.0214049315 0.0599475426 0.0303032726 0.0553322191 0.0313045802 0.0249805307 0.0280593536 0.0178175922 0.0230111946 0.010436642 0.0490306535 0.0310041553 0.0354023502 0.0403690805 0.0472373911 0.0594184875 0.0385774872 0.0222756058 0.0465287788 0.0363004126 0.0251273769 0.0219920603 0.0040311521 
9 0.0324188692 0.014102386 0.0517739001 0.0341212582 0.035849789 0.0494362385 0.025230288 0.0584578555 0.0509348397 0.0181624819 0.067040459 0.0337367949 0.0269573475 0.0405339719 0.0293191382 0.0254998567 0.0107622523 0.0248389142 0.0161585031 0.0539761773 0.0537661683 0.0151954057 0.02359912 0.0202847712 0.0370155127 0.018463521 0.0155436165 0.0154677295 0.0146892389 0.0208765701 0.0350089475 0.0307780772 
10 0.0398744727 0.0240083573 0.0146618591 0.0318805116 0.0450273553 0.0344423736 0.002772758 0.0214049315 0.0181624819 0.0362484786 0.0180389958 0.0200309838 0.0360506188 0.0207451817 0.0572927733 0.038357297 0.043864321 0.0150556824 0.0236761666 0.0438916947 0.0350946722 0.0401683096 0.0288816092 0.0354769554 0.0174366208 0.047170591 0.0635910702 0.0308741997 0.0236258061 0.0296542987 0.0336084187 0.0289301536 
11 0.0310418774 0.0445420965 0.0281820291 0.0412600474 0.024363439 0.0222215447 0.0258167944 0.0599475426 0.067040459 0.0180389958 0.043525076 0.0346905652 0.0279692382 0.0274014675 0.0223574856 0.0278851863 0.0268431597 0.0311756858 0.0078258628 0.0080999946 0.0416818176 0.0454589606 0.0415555488 0.0150614915 0.0455975876 0.0286368793 0.0221967466 0.0194802825 0.0345437544 0.0374748108 0.0269750992 0.0211084736 
12 0.0363494227 0.0370947894 0.0344946016 0.0153433271 0.022514562 0.0453804305 0.0252210154 0.0303032726 0.0337367949 0.0200309838 0.0346905652 0.0287783238 0.0361297449 0.0197414651 0.0307170012 0.0567143579 0.0371166689 0.0315574203 0.0336264002 0.0314820611 0.0359398271 0.0140519455 0.02607746 0.0680024438 0.0248547586 0.0381962946 0.0317413323 0.0269661546 0.02739714 0.0291524726 0.0141189648 0.0224779976 
13 0.0416321859 0.0045601388 0.0320696848 0.0245175828 0.0123473982 0.0329803592 0.0111786241 0.0553322191 0.0269573475 0.0360506188 0.0279692382 0.0361297449 0.0388160508 0.021040208 0.02643479 0.0477220196 0.0206109257 0.0455001894 0.0353506447 0.0628630876 0.0536208152 0.032544587 0.0344677635 0.0138824929 0.0262276115 0.0077221067 0.0306594465 0.0067877836 0.0222198219 0.0525625752 0.0341029532 0.0451389848 
14 0.0452397473 0.0523630873 0.0265318321 0.0333939833 0.0340611333 0.0256856813 0.0372582046 0.0313045802 0.0405339719 0.0207451817 0.0274014675 0.0197414651 0.021040208 0.0039099817 0.044532297 0.0153685077 0.0261281571 0.0242176702 0.0317141512 0.0561566277 0.0304236594 0.0720026722 0.0263388104 0.0426386359 0.0180726676 0.0403769965 0.0317170073 0.0130599353 0.0525894073 0.0222692785 0.0035281233 0.0296548702 
15 0.0211600881 0.0310115629 0.0508148378 0.0421967022 0.0371948965 0.0613961472 0.0548948331 0.0249805307 0.0293191382 0.0572927733 0.0223574856 0.0307170012 0.02643479 0.044532297 0.0169287558 0.0264842968 0.029351085 0.0088486521 0.0387249783 0.0220210543 0.0157804124 0.0164837363 0.0455242181 0.049749756 0.0193118 0.0131443738 0.0322498283 0.0422264844 0.0153740655 0.0285692733 0.0344304653 0.0104936805 
16 0.0342883519 0.0355082161 0.0300903346 0.0292113008 0.0369482524 0.0278605887 0.0413638075 0.0280593536 0.0254998567 0.038357297 0.0278851863 0.0567143579 0.0477220196 0.0153685077 0.0264842968 0.0200509063 0.0148770811 0.0330560291 0.0282021291 0.045934836 0.0150842449 0.0172015351 0.0138091961 0.0138184675 0.0277132817 0.0362688814 0.025664781 0.0332826067 0.0446779938 0.0172633592 0.0540107875 0.0577221559 
17 0.0259793723 0.0348366088 0.0454993799 0.0700809639 0.0093740622 0.0147186374 0.0371980576 0.0178175922 0.0107622523 0.043864321 0.0268431597 0.0371166689 0.0206109257 0.0261281571 0.029351085 0.0148770811 0.0324554897 0.0496410307 0.0479295394 0.0244408376 0.0183054445 0.0330833083 0.0500019406 0.0246884258 0.0476962805 0.0024595184 0.0378130263 0.0379336138 0.0424672697 0.0314441845 0.0356426331 0.018939132 
18 0.0351281705 0.0440978996 0.0200962535 0.0533690097 0.0474086597 0.0178091143 0.0554210481 0.0230111946 0.0248389142 0.0150556824 0.0311756858 0.0315574203 0.0455001894 0.0242176702 0.0088486521 0.0330560291 0.0496410307 0.0241335508 0.0383859043 0.056698654 0.0225155512 0.0279580961 0.0281141135 0.005097731 0.0077787633 0.0452201119 0.0189827818 0.0539605554 0.0252774483 0.0204897774 0.038122513 0.0270318238 
19 0.0304445829 0.0115566733 0.020686706 0.0258436504 0.0422832801 0.0444399833 0.0388769984 0.010436642 0.0161585031 0.0236761666 0.0078258628 0.0336264002 0.0353506447 0.0317141512 0.0387249783 0.0282021291 0.0479295394 0.0383859043 0.0575345442 0.0183798908 0.0232876462 0.0324071729 0.0410275106 0.0309969205 0.0262018573 0.0304653783 0.0387411657 0.0251516145 0.0465560535 0.0231740517 0.0343229861 0.0455904117 
20 0.0241352051 0.0074173141 0.0338988004 0.0268462251 0.0566998099 0.0229649752 0.0252559614 0.0490306535 0.0539761773 0.0438916947 0.0080999946 0.0314820611 0.0628630876 0.0561566277 0.0220210543 0.045934836 0.0244408376 0.056698654 0.0183798908 0.0381873428 0.0208740337 0.0580489286 0.0155472863 0.0300101345 0.0269549065 0.0284970292 0.0311481679 0.0292546828 0.0219154104 0.0108400431 0.0047110612 0.0138171126 
21 0.0215401121 0.0368080829 0.029116632 0.0183436673 0.0155507893 0.0313432329 0.0412193954 0.0310041553 0.0537661683 0.0350946722 0.0416818176 0.0359398271 0.0536208152 0.0304236594 0.0157804124 0.0150842449 0.0183054445 0.0225155512 0.0232876462 0.0208740337 0.0289100955 0.0366460424 0.0611727373 0.0246255196 0.0335177785 0.0175664143 0.0568946158 0.0149621333 0.0296132036 0.0241155515 0.0227003554 0.057975193 
22 0.0608722798 0.0259209727 0.0179556354 0.0188616904 0.0193836309 0.0178167985 0.0171774866 0.0354023502 0.0151954057 0.0401683096 0.0454589606 0.0140519455 0.032544587 0.0720026722 0.0164837363 0.0172015351 0.0330833083 0.0279580961 0.0324071729 0.0580489286 0.0366460424 0.0496461386 0.0374825838 0.0213869974 0.0244260292 0.0234774358 0.0387765793 0.0379765002 0.0282261791 0.0572650431 0.0162931417 0.0104018272 
23 0.026274568 0.0237069982 0.0213174138 0.0299630113 0.0215822883 0.0571616819 0.0442019056 0.0403690805 0.02359912 0.0288816092 0.0415555488 0.02607746 0.0344677635 0.0263388104 0.0455242181 0.0138091961 0.0500019406 0.0281141135 0.0410275106 0.0155472863 0.0611727373 0.0374825838 0.0042955307 0.0177596049 0.0349012788 0.0430394052 0.0525316015 0.0134938599 0.0183818181 0.0209322273 0.0380162681 0.0184715598 
24 0.035133666 0.0281477182 0.0251624746 0.0278592087 0.0396815032 0.0426373132 0.028895635 0.0472373911 0.0202847712 0.0354769554 0.0150614915 0.0680024438 0.0138824929 0.0426386359 0.049749756 0.0138184675 0.0246884258 0.005097731 0.0309969205 0.0300101345 0.0246255196 0.0213869974 0.0177596049 0.0299680813 0.0178293976 0.0465004952 0.0425062599 0.0291778777 0.0185691202 0.0615402204 0.0254556498 0.0402176404 
25 0.0422098659 0.0883522652 0.0133800039 0.0304559943 0.0356489645 0.0202343758 0.0150327613 0.0594184875 0.0370155127 0.0174366208 0.0455975876 0.0248547586 0.0262276115 0.0180726676 0.0193118 0.0277132817 0.0476962805 0.0077787633 0.0262018573 0.0269549065 0.0335177785 0.0244260292 0.0349012788 0.0178293976 0.0515164027 0.0498771439 0.0270555635 0.0220132019 0.0160138974 0.0153471457 0.0413952339 0.0365125605 
26 0.0465500238 0.0317832063 0.0155958235 0.0273094268 0.0456048618 0.0181965166 0.028911878 0.0385774872 0.018463521 0.047170591 0.0286368793 0.0381962946 0.0077221067 0.0403769965 0.0131443738 0.0362688814 0.0024595184 0.0452201119 0.0304653783 0.0284970292 0.0175664143 0.0234774358 0.0430394052 0.0465004952 0.0498771439 0.0240120883 0.0293892469 0.0419486049 0.0358981587 0.035919844 0.0249532086 0.0382670484 
27 0.0393504621 0.0410352556 0.0304765759 0.025488731 0.0304282979 0.0223852106 0.0186575225 0.0222756058 0.0155436165 0.0635910702 0.0221967466 0.0317413323 0.0306594465 0.0317170073 0.0322498283 0.025664781 0.0378130263 0.0189827818 0.0387411657 0.0311481679 0.0568946158 0.0387765793 0.0525316015 0.0425062599 0.0270555635 0.0293892469 0.0248744902 0.0200391745 0.0373019023 0.0205164964 0.0167316332 0.0232358045 
28 0.0065216268 0.0149049404 0.0499264702 0.0502443123 0.0347928039 0.0117991003 0.0496029036 0.0465287788 0.0154677295 0.0308741997 0.0194802825 0.0269661546 0.0067877836 0.0130599353 0.0422264844 0.0332826067 0.0379336138 0.0539605554 0.0251516145 0.0292546828 0.0149621333 0.0379765002 0.0134938599 0.0291778777 0.0220132019 0.0419486049 0.0200391745 0.0286493388 0.0427840947 0.0310865108 0.0490883845 0.0700137397 
29 0.0194881874 0.0365475028 0.0539939521 0.0165841887 0.0336221795 0.0485196611 0.0213415268 0.0363004126 0.0146892389 0.0236258061 0.0345437544 0.02739714 0.0222198219 0.0525894073 0.0153740655 0.0446779938 0.0424672697 0.0252774483 0.0465560535 0.0219154104 0.0296132036 0.0282261791 0.0183818181 0.0185691202 0.0160138974 0.0358981587 0.0373019023 0.0427840947 0.0348320748 0.0370409403 0.0318004577 0.0318071323 
30 0.0462150879 0.0232843159 0.0197670269 0.0234054448 0.0352633927 0.0262495886 0.0287665601 0.0251273769 0.0208765701 0.0296542987 0.0374748108 0.0291524726 0.0525625752 0.0222692785 0.0285692733 0.0172633592 0.0314441845 0.0204897774 0.0231740517 0.0108400431 0.0241155515 0.0572650431 0.0209322273 0.0615402204 0.0153471457 0.035919844 0.0205164964 0.0310865108 0.0370409403 0.0637440034 0.0387254841 0.0419170444 
31 0.0302307636 0.0404012551 0.0398052655 0.0447895195 0.0193998025 0.0391551405 0.0329171144 0.0219920603 0.0350089475 0.0336084187 0.0269750992 0.0141189648 0.0341029532 0.0035281233 0.0344304653 0.0540107875 0.0356426331 0.038122513 0.0343229861 0.0047110612 0.0227003554 0.0162931417 0.0380162681 0.0254556498 0.0413952339 0.0249532086 0.0167316332 0.0490883845 0.0318004577 0.0387254841 0.0453472017 0.0322191071 
32 0.0383665179 0.0085229639 0.0235659536 0.0554936567 0.0207769442 0.0263734525 0.0290911723 0.0040311521 0.0307780772 0.0289301536 0.0211084736 0.0224779976 0.0451389848 0.0296548702 0.0104936805 0.0577221559 0.018939132 0.0270318238 0.0455904117 0.0138171126 0.057975193 0.0104018272 0.0184715598 0.0402176404 0.0365125605 0.0382670484 0.0232358045 0.0700137397 0.0318071323 0.0419170444 0.0322191071 0.0410566563 
