50
1 0.0 0.0295097886 0.0301115056 0.0217385917 0.0116470615 0.0062081525 0.021001004 0.0214415065 0.0129385511 0.0221622697 0.0279803019 0.0244673284 0.0292737177 0.0043623244 0.0158268057 0.0138851905 0.0185212284 0.0083969718 0.0147402813 0.0299497862 0.0256821937 0.0092978048 0.0190627473 0.028014036 0.0245440259 0.0298061068 0.0283593123 0.033688591 0.0224722519 0.0181696811 0.0144188174 0.0121644108 0.0167072814 0.0335408905 0.0242072941 0.0119490805 0.0161303135 0.0161393033 0.0182119718 0.0193576824 0.0203234559 0.0165069421 0.0198815972 0.0120036584 0.0265793234 0.0356235865 0.0229721824 0.0039675133 0.0320630355 0.0239925413
2 0.0295097886 0.0 0.0098669571 0.0279982285 0.0077480447 0.0113668351 0.0440572389 0.0256713433 0.0175440939 0.0308425305 0.0194943156 0.0216075117 0.0317260327 0.0327454078 0.0248801993 0.0258187167 0.0103789231 0.0306491142 0.029397316 0.0365367607 0.014670821 0.005884429 0.0221345621 0.0269711373 0.0183240758 0.0182660563 0.0251243419 0.0068354175 0.0021168576 0.0253525115 0.0155215506 0.0080668403 0.0280751662 0.0073726154 0.0144063441 0.015202821 0.0152303352 0.0342244108 0.0109777442 0.0281587303 0.0215344801 0.0215043227 0.016649956 0.0079391162 0.0120117941 0.0295301851 0.0262346148 0.02161896 0.0177444463 0.0144759983
3 0.0301115056 0.0098669571 0.0 0.0056916675 0.0319066092 0.0129600331 0.0188142407 0.0262567152 0.0303626729 0.0251439016 0.0213946409 0.014819264 0.0257108353 0.0325931173 0.0264299985 0.0148963086 0.0078810566 0.0212364325 0.0095628764 0.0199388343 0.0192320769 0.023936188 0.0041983269 0.0181268543 0.0136657525 0.0110196572 0.0231092929 0.0187472693 0.0196335503 0.0258698312 0.0103742768 0.0272556361 0.0179029008 0.0220583821 0.0347923287 0.0157563843 0.0247072899 0.0196348682 0.0223081654 0.0121699788 0.0209300615 0.0113963011 0.0352915979 0.0048468541 0.0211621573 0.032745191 0.0244427873 0.0216415029 0.0300844935 0.0273823754
4 0.0217385917 0.0279982285 0.0056916675 0.0 0.0367871869 0.0222826238 0.0134030337 0.0225414258 0.0202507166 0.0155689754 0.02594699 0.0179606978 0.0262484037 0.0058097975 0.0032046317 0.0181885407 0.016499053 0.0149155923 0.019785576 0.0386855588 0.0349400573 0.0158803462 0.0166338359 0.0211225731 0.0268676677 0.0056269095 0.0246605016 0.0111400598 0.0060041435 0.0171902322 0.012806114 0.0210403857 0.0323427643 0.027334237 0.0445407442 0.0231473497 0.0304553977 0.0055628642 0.0213719021 0.0085458793 0.0147075371 0.0159218199 0.0235923449 0.0395662362 0.0252944386 0.0303290072 0.0244108132 0.0055587242 0.0218603793 0.018037443
5 0.0116470615 0.0077480447 0.0319066092 0.0367871869 0.0 0.0071797967 0.0110532657 0.0085796086 0.0255845571 0.0241026126 0.0174722885 0.0295676219 0.0147421463 0.0194003378 0.0213495447 0.0233531838 0.0116405225 0.0149590848 0.0230098361 0.0191289978 0.017950889 0.0235845145 0.0247462502 0.0055332829 0.0127591145 0.0124619144 0.0205078234 0.0244045213 0.022619476 0.0299331216 0.0268378982 0.0241535874 0.0196122599 0.0278148214 0.0133411833 0.0145586701 0.0278358992 0.0282304226 0.0123894688 0.0181032994 0.0193274524 0.0363137211 0.0366269106 0.0212135328 0.0312795126 0.0114797458 0.011893921 0.0230132025 0.0196221719 0.0226391045
6 0.0062081525 0.0113668351 0.0129600331 0.0222826238 0.0071797967 0.0 0.0172571886 0.0371314076 0.0258303467 0.0221166601 0.0164609829 0.023059024 0.0313052266 0.0308563723 0.0171894113 0.0275720432 0.0221904814 0.0185059833 0.0180141919 0.041038918 0.0273843221 0.0219547784 0.0178351501 0.0218371117 0.0026650916 0.0259206602 0.0239961035 0.0075414161 0.0197340003 0.0223948134 0.0162030555 0.0111329262 0.0186732248 0.0291551306 0.0380356948 0.0143160251 0.020297431 0.0180809716 0.022839058 0.0199980924 0.0225072299 0.0150961453 0.0233851238 0.0353519163 0.0239986206 0.0052661368 0.024471886 0.0165926904 0.0050793873 0.0197301272
7 0.021001004 0.0440572389 0.0188142407 0.0134030337 0.0110532657 0.0172571886 0.0 0.0110457147 0.0322078208 0.020137867 0.0234749815 0.0053922332 0.016806859 0.0369917571 0.0191150567 0.0184308009 0.0257199858 0.0379327902 0.0440273691 0.0099305485 0.0037587439 0.022770717 0.0152687431 0.0297156193 0.0191048407 0.0278680438 0.013965691 0.0292894994 0.0246406588 0.0252008422 0.0050290858 0.0191085439 0.0070878903 0.0147377113 0.0162094866 0.0067985221 0.026119714 0.0078272005 0.0248726251 0.0166499598 0.0253717394 0.0051716667 0.0022993173 0.017015462 0.0340952468 0.0320978557 0.0166447846 0.0327915525 0.0281676347 0.0235208458
8 0.0214415065 0.0256713433 0.0262567152 0.0225414258 0.0085796086 0.0371314076 0.0110457147 0.0 0.0221147009 0.020632666 0.0161525748 0.0227769186 0.0215293106 0.030952086 0.0334352449 0.0265203881 0.0270095587 0.0174916972 0.0209466204 0.0033760395 0.0055758106 0.0118966191 0.0107217774 0.0030013093 0.0243100856 0.0263034224 0.0185738572 0.0211650222 0.0130409815 0.0339483219 0.027130043 0.0150815837 0.0107554263 0.0175839832 0.0302334502 0.0136664422 0.032204624 0.010409755 0.020615722 0.0297971486 0.0209574504 0.020797625 0.0210808625 0.0235215511 0.0292789247 0.0115715583 0.0179979417 0.0241303258 0.011432895 0.0276099528
9 0.0129385511 0.0175440939 0.0303626729 0.0202507166 0.0255845571 0.0258303467 0.0322078208 0.0221147009 0.0 0.0084322228 0.016531153 0.0307687798 0.018519348 0.0330822012 0.0233687383 0.019240569 0.0187182051 0.0209715661 0.0348105238 0.0317529184 0.0175838375 0.0338623249 0.005169372 0.0113731357 0.0180942557 0.0200880745 0.0098497921 0.0232639441 0.0085840913 0.0248060569 0.0158806915 0.0213697073 0.011476034 0.0205333344 0.0149552557 0.0218782831 0.025622888 0.0221635651 0.026541474 0.0087611614 0.0350593888 0.0158110114 0.0129340473 0.0177647917 0.0294166867 0.024938427 0.0127730967 0.0059822823 0.0287877683 0.0116455353
10 0.0221622697 0.0308425305 0.0251439016 0.0155689754 0.0241026126 0.0221166601 0.020137867 0.020632666 0.0084322228 0.0 0.0241342531 0.0274334774 0.0263559703 0.0259280663 0.0214302594 0.0217140993 0.0267666301 0.0267161924 0.014261115 0.0170185527 0.032958206 0.0224727658 0.0168032789 0.0224912774 0.0190234099 0.0190306815 0.0272403061 0.0273927331 0.0252037767 0.010925332 0.0233527876 0.016237495 0.0239915974 0.0148076295 0.0232539286 0.0031602142 0.0338687271 0.0087602023 0.0268319871 0.0198389242 0.0410031644 0.0054095471 0.0175287285 0.0085563576 0.0070497041 0.0131417531 0.0045590685 0.0346595379 0.0085503456 0.0209982109
11 0.0279803019 0.0194943156 0.0213946409 0.02594699 0.0174722885 0.0164609829 0.0234749815 0.0161525748 0.016531153 0.0241342531 0.0 0.0235763736 0.005336459 0.0011833318 0.0045122147 0.0204170888 0.0175226486 0.0152724579 0.0141949713 0.0232234229 0.016159527 0.0296862973 0.0370871786 0.0151982524 0.0320641212 0.0089368953 0.0205417253 0.0377250947 0.0113221919 0.0150199742 0.0202181825 0.0236170443 0.0202342665 0.0319217212 0.0266531404 0.0172173483 0.0295911452 0.0155604552 0.0241823186 0.0232490965 0.0304216992 0.0213636925 0.0124269325 0.0208984902 0.0155992033 0.0142694276 0.0300658803 0.017964358 0.0181901542 0.0283327345
12 0.0244673284 0.0216075117 0.014819264 0.0179606978 0.0295676219 0.023059024 0.0053922332 0.0227769186 0.0307687798 0.0274334774 0.0235763736 0.0 0.0136872508 0.0212529932 0.0340030196 0.0091146517 0.0331917895 0.0231414417 0.0379718299 0.0245943748 0.0212145321 0.0081931976 0.0217502372 0.0058746707 0.0342304473 0.0179187411 0.0119581746 0.0053473713 0.0298044614 0.0259213281 0.0227023086 0.0210785273 0.0282152238 0.0229455943 0.0079959705 0.0018595171 0.0200462029 0.009303725 0.0132350464 0.0168274676 0.0239408213 0.037418257 0.0279686051 0.0309842565 0.0187867089 0.0124112386 0.0232369279 0.0129542987 0.0083320757 0.0191574836
13 0.0292737177 0.0317260327 0.0257108353 0.0262484037 0.0147421463 0.0313052266 0.016806859 0.0215293106 0.018519348 0.0263559703 0.005336459 0.0136872508 0.0 0.0274425563 0.0192755685 0.0233991153 0.0180263392 0.0131817133 0.0217638744 0.0175291623 0.0293574878 0.0294711556 0.0183460924 0.0262073806 0.0266848627 0.0223474807 0.0306381448 0.0178217958 0.0113073985 0.0096019041 0.0286977543 0.0144312993 0.0112079216 0.0198571155 0.0099792827 0.0318636047 0.0168758508 0.0178234565 0.0098946476 0.0182820429 0.0149636778 0.0208957473 0.0257736312 0.0119456768 0.0253308313 0.0120335677 0.026920401 0.0086226776 0.0300358695 0.0209213518
14 0.0043623244 0.0327454078 0.0325931173 0.0058097975 0.0194003378 0.0308563723 0.0369917571 0.030952086 0.0330822012 0.0259280663 0.0011833318 0.0212529932 0.0274425563 0.0 0.0364300029 0.0109799104 0.0165299422 0.0194369157 0.015666262 0.0049933513 0.0293756077 0.0301745346 0.0183046003 0.0265368476 0.0360437229 0.0258178961 0.0014653362 0.0194985833 0.0274825708 0.0150279969 0.0172921978 0.0150433602 0.0319483161 0.011480768 0.0243971662 0.0174941351 0.0172058678 0.0334632893 0.0242200086 0.0243262076 0.0146693897 0.0228293119 0.0136961126 0.0130993474 0.0165502621 0.0108263379 0.0150769847 0.0169182268 0.007397751 0.0157005294
15 0.0158268057 0.0248801993 0.0264299985 0.0032046317 0.0213495447 0.0171894113 0.0191150567 0.0334352449 0.0233687383 0.0214302594 0.0045122147 0.0340030196 0.0192755685 0.0364300029 0.0 0.0344933829 0.0245429757 0.0048916305 0.0128305847 0.0192002203 0.0065056241 0.0242585801 0.0300903594 0.0128846413 0.0190104172 0.0008298344 0.0219791609 0.0250874277 0.009843154 0.0067879413 0.0144911101 0.0257789608 0.0156271026 0.0221730789 0.0246392792 0.0136680174 0.0258420158 0.016335066 0.0193570102 0.0368838404 0.0057428961 0.0259203986 0.0187375071 0.0253619959 0.0342108029 0.0193533491 0.0314141548 0.0152483464 0.0290751651 0.026453272
16 0.0138851905 0.0258187167 0.0148963086 0.0181885407 0.0233531838 0.0275720432 0.0184308009 0.0265203881 0.019240569 0.0217140993 0.0204170888 0.0091146517 0.0233991153 0.0109799104 0.0344933829 0.0 0.0208219024 0.0237553325 0.0116078466 0.0291077604 0.0106244626 0.0260917879 0.0187218579 0.0161360487 0.0132890522 0.0161746281 0.0313398377 0.0222069553 0.0181002633 0.0345353935 0.0121788776 0.0150807079 0.0076369764 0.0084105674 0.0196148402 0.0381973459 0.0342802322 0.0198495851 0.0270334497 0.0230319605 0.0096397286 0.0326645288 0.0367274512 0.0019073174 0.0062015877 0.02310877 0.0127599174 0.0280895662 0.02550689 0.017542581
17 0.0185212284 0.0103789231 0.0078810566 0.016499053 0.0116405225 0.0221904814 0.0257199858 0.0270095587 0.0187182051 0.0267666301 0.0175226486 0.0331917895 0.0180263392 0.0165299422 0.0245429757 0.0208219024 0.0 0.0196542155 0.025366145 0.0264544527 0.0047224589 0.0187364653 0.0140992913 0.0174748174 0.0114443675 0.0336760177 0.0133870717 0.017352203 0.0222696739 0.0308908735 0.0248736972 0.0126247118 0.0092986232 0.0174905615 0.0145274447 0.0229019025 0.0226174508 0.0268611921 0.0032766024 0.0194198734 0.0321954398 0.0360286843 0.0124509946 0.0285867984 0.024393386 0.0243166259 0.0255420064 0.0253346849 0.0190875513 0.0266824734
18 0.0083969718 0.0306491142 0.0212364325 0.0149155923 0.0149590848 0.0185059833 0.0379327902 0.0174916972 0.0209715661 0.0267161924 0.0152724579 0.0231414417 0.0131817133 0.0194369157 0.0048916305 0.0237553325 0.0196542155 0.0 0.0223161942 0.0162498152 0.0227206465 0.0245295313 0.0230182606 0.0284742513 0.0211688264 0.0180133033 0.0253182046 0.0058515994 0.0178491844 0.0155755952 0.016066838 0.0244788404 0.0341501647 0.0178895543 0.0203335653 0.0155871149 0.0216231367 0.0157142637 0.0194658356 0.0304418158 0.0183139744 0.012964255 0.0307176264 0.0152689431 0.0148699476 0.0263343481 0.0147878164 0.0294731832 0.0226950581 0.026629174
19 0.0147402813 0.029397316 0.0095628764 0.019785576 0.0230098361 0.0180141919 0.0440273691 0.0209466204 0.0348105238 0.014261115 0.0141949713 0.0379718299 0.0217638744 0.015666262 0.0128305847 0.0116078466 0.025366145 0.0223161942 0.0 0.0178498055 0.0341684408 0.0158153463 0.0234897022 0.0027142354 0.0167574333 0.0248636853 0.0201814561 0.0262329502 0.0138870079 0.0217247089 0.0335253358 0.0297732878 0.0288739095 0.0091226148 0.0054266598 0.0277433585 0.0152090558 0.0151693846 0.0215758308 0.0155979835 0.0181737742 0.0181558786 0.030087769 0.006945634 0.0095508547 0.0267613937 0.0212216507 0.0304535599 0.0064208736 0.0222530052
20 0.0299497862 0.0365367607 0.0199388343 0.0386855588 0.0191289978 0.041038918 0.0099305485 0.0033760395 0.0317529184 0.0170185527 0.0232234229 0.0245943748 0.0175291623 0.0049933513 0.0192002203 0.0291077604 0.0264544527 0.0162498152 0.0178498055 0.0 0.006280296 0.0439894245 0.0074302375 0.024416295 0.0113274605 0.0213488816 0.014292113 0.0135245798 0.041193552 0.016022267 0.0167615201 0.038661332 0.0309785533 0.0158460239 0.0252586919 0.0054817774 0.0215379505 0.0191762076 0.0074763236 0.0222059196 0.0196735923 0.0282385071 0.0253131456 0.0193157034 0.0203949522 0.0044888908 0.0245929128 0.0197529822 0.0043501573 0.0041104693
21 0.0256821937 0.014670821 0.0192320769 0.0349400573 0.017950889 0.0273843221 0.0037587439 0.0055758106 0.0175838375 0.032958206 0.016159527 0.0212145321 0.0293574878 0.0293756077 0.0065056241 0.0106244626 0.0047224589 0.0227206465 0.0341684408 0.006280296 0.0 0.0172044912 0.0063484148 0.0241023693 0.0201531922 0.0219043865 0.014663682 0.0123803682 0.0240207512 0.0217915966 0.0237452846 0.0148793042 0.034393745 0.0118928547 0.0156105563 0.0401291461 0.0051707351 0.018978957 0.0210276258 0.0197365684 0.0273651176 0.0263190116 0.0297488202 0.0167980875 0.0267807725 0.0285782305 0.0240093215 0.0357943987 0.0177408426 0.0178653266
22 0.0092978048 0.005884429 0.023936188 0.0158803462 0.0235845145 0.0219547784 0.022770717 0.0118966191 0.0338623249 0.0224727658 0.0296862973 0.0081931976 0.0294711556 0.0301745346 0.0242585801 0.0260917879 0.0187364653 0.0245295313 0.0158153463 0.0439894245 0.0172044912 0.0 0.0221652133 0.0143755509 0.008258897 0.0284236729 0.0282770163 0.028810186 0.013337489 0.0041172018 0.0221693163 0.024219631 0.0134170182 0.0202588211 0.027261038 0.042690936 0.0272235211 0.0274407882 0.013416712 0.0037378023 0.0087540475 0.0311416379 0.0182066527 0.014891165 0.0221064187 0.0251304316 0.0003150881 0.0079811333 0.0175308102 0.0246505041
23 0.0190627473 0.0221345621 0.0041983269 0.0166338359 0.0247462502 0.0178351501 0.0152687431 0.0107217774 0.005169372 0.0168032789 0.0370871786 0.0217502372 0.0183460924 0.0183046003 0.0300903594 0.0187218579 0.0140992913 0.0230182606 0.0234897022 0.0074302375 0.0063484148 0.0221652133 0.0 0.0054745747 0.0034963011 0.0267183028 0.0215186089 0.0191712944 0.0297381931 0.0296794089 0.019452058 0.021156487 0.0132326281 0.0033656593 0.019011392 0.0265396269 0.0355986218 0.0348853028 0.0299544054 0.0123756285 0.0400445253 0.0204775875 0.0315075802 0.0273373138 0.0160600573 0.0247082553 0.0336723189 0.0202855222 0.0243014716 0.0168113846
24 0.028014036 0.0269711373 0.0181268543 0.0211225731 0.0055332829 0.0218371117 0.0297156193 0.0030013093 0.0113731357 0.0224912774 0.0151982524 0.0058746707 0.0262073806 0.0265368476 0.0128846413 0.0161360487 0.0174748174 0.0284742513 0.0027142354 0.024416295 0.0241023693 0.0143755509 0.0054745747 0.0 0.0175225397 0.0310980972 0.0317837184 0.0355542686 0.0190087784 0.0063471601 0.0261366209 0.0256700306 0.0232727945 0.0217719262 0.0107489265 0.0139550837 0.0213567058 0.0318922166 0.0203972133 0.0256743069 0.0039857953 0.0220408435 0.033774392 0.0279197124 0.0179026342 0.0282061794 0.0304988684 0.0150671069 0.0247630704 0.0255947379
25 0.0245440259 0.0183240758 0.0136657525 0.0268676677 0.0127591145 0.0026650916 0.0191048407 0.0243100856 0.0180942557 0.0190234099 0.0320641212 0.0342304473 0.0266848627 0.0360437229 0.0190104172 0.0132890522 0.0114443675 0.0211688264 0.0167574333 0.0113274605 0.0201531922 0.008258897 0.0034963011 0.0175225397 0.0 0.0248051743 0.0263982035 0.0198021349 0.0203642815 0.0210561341 0.0155048803 0.0098520471 0.0333336994 0.0202198521 0.0163885791 0.019286106 0.0205906504 0.0191229628 0.02838508 0.0353085367 0.0196780704 0.0282864111 0.0120272598 0.0197881033 0.0200710073 0.0170787159 0.0300314959 0.0302278598 0.0321703518 0.0094124411
26 0.0298061068 0.0182660563 0.0110196572 0.0056269095 0.0124619144 0.0259206602 0.0278680438 0.0263034224 0.0200880745 0.0190306815 0.0089368953 0.0179187411 0.0223474807 0.0258178961 0.0008298344 0.0161746281 0.0336760177 0.0180133033 0.0248636853 0.0213488816 0.0219043865 0.0284236729 0.0267183028 0.0310980972 0.0248051743 0.0 0.0276706068 0.0386456011 0.0158819451 0.0267457673 0.0301668312 0.0295426583 0.0194490807 0.0152695445 0.0061337557 0.011967856 0.009279113 0.0252824201 0.0139263351 0.0254570499 0.0161420269 0.0188790559 0.0146310575 0.0137463032 0.0223204912 0.0223011744 0.0140943031 0.0291346286 0.0231410591 0.0109228115
27 0.0283593123 0.0251243419 0.0231092929 0.0246605016 0.0205078234 0.0239961035 0.013965691 0.0185738572 0.0098497921 0.0272403061 0.0205417253 0.0119581746 0.0306381448 0.0014653362 0.0219791609 0.0313398377 0.0133870717 0.0253182046 0.0201814561 0.014292113 0.014663682 0.0282770163 0.0215186089 0.0317837184 0.0263982035 0.0276706068 0.0 0.0163404512 0.0195114636 0.0181058534 0.0284407322 0.0219928426 0.01560697 0.0250013974 0.0270106173 0.0247270313 0.0073273361 0.0037934867 0.0244317824 0.0113253971 0.0151354752 0.0313055663 0.0086133127 0.01851551 0.0201443688 0.0192735683 0.0334891904 0.0295438401 0.0169199893 0.006643735
28 0.033688591 0.0068354175 0.0187472693 0.0111400598 0.0244045213 0.0075414161 0.0292894994 0.0211650222 0.0232639441 0.0273927331 0.0377250947 0.0053473713 0.0178217958 0.0194985833 0.0250874277 0.0222069553 0.017352203 0.0058515994 0.0262329502 0.0135245798 0.0123803682 0.028810186 0.0191712944 0.0355542686 0.0198021349 0.0386456011 0.0163404512 0.0 0.0055909008 0.019096106 0.0090337485 0.0194486485 0.0084353447 0.0150038963 0.0416530248 0.018436689 0.0204963372 0.0212870897 0.0350697721 0.0176449272 0.0209991184 0.0156087731 0.0214102766 0.0256447963 0.0271161366 0.0080040005 0.0162096394 0.0239082497 0.0305088629 0.0145723231
29 0.0224722519 0.0021168576 0.0196335503 0.0060041435 0.022619476 0.0197340003 0.0246406588 0.0130409815 0.0085840913 0.0252037767 0.0113221919 0.0298044614 0.0113073985 0.0274825708 0.009843154 0.0181002633 0.0222696739 0.0178491844 0.0138870079 0.041193552 0.0240207512 0.013337489 0.0297381931 0.0190087784 0.0203642815 0.0158819451 0.0195114636 0.0055909008 0.0 0.0096414845 0.0222865675 0.0248957142 0.0191849727 0.0302536343 0.0214939609 0.0318947085 0.0122829491 0.0155594143 0.0282405967 0.0310063276 0.024177351 0.0323067051 0.0131591047 0.0309204151 0.022720864 0.028670982 0.0206795338 0.005287012 0.0262548397 0.0345198141
30 0.0181696811 0.0253525115 0.0258698312 0.0171902322 0.0299331216 0.0223948134 0.0252008422 0.0339483219 0.0248060569 0.010925332 0.0150199742 0.0259213281 0.0096019041 0.0150279969 0.0067879413 0.0345353935 0.0308908735 0.0155755952 0.0217247089 0.016022267 0.0217915966 0.0041172018 0.0296794089 0.0063471601 0.0210561341 0.0267457673 0.0181058534 0.019096106 0.0096414845 0.0 0.0250638072 0.0201946901 0.0273097652 0.0129222724 0.0102376998 0.0173035714 0.0189525799 0.023515227 0.0236726914 0.0262020775 0.015187771 0.0175317285 0.0249939971 0.0196672654 0.0259955049 0.0232914072 0.0287114597 0.0198709784 0.0224103333 0.015485733
31 0.0144188174 0.0155215506 0.0103742768 0.012806114 0.0268378982 0.0162030555 0.0050290858 0.027130043 0.0158806915 0.0233527876 0.0202181825 0.0227023086 0.0286977543 0.0172921978 0.0144911101 0.0121788776 0.0248736972 0.016066838 0.0335253358 0.0167615201 0.0237452846 0.0221693163 0.019452058 0.0261366209 0.0155048803 0.0301668312 0.0284407322 0.0090337485 0.0222865675 0.0250638072 0.0 0.0128688977 0.0084746299 0.0329354904 0.0328194119 0.014556023 0.0227956077 0.029022417 0.0250552685 0.0340665098 0.0240388687 0.0221665592 0.0131832792 0.0243423235 0.0104727287 0.0096325494 0.0225527752 0.0226817322 0.0313592925 0.0106136465
32 0.0121644108 0.0080668403 0.0272556361 0.0210403857 0.0241535874 0.0111329262 0.0191085439 0.0150815837 0.0213697073 0.016237495 0.0236170443 0.0210785273 0.0144312993 0.0150433602 0.0257789608 0.0150807079 0.0126247118 0.0244788404 0.0297732878 0.038661332 0.0148793042 0.024219631 0.021156487 0.0256700306 0.0098520471 0.0295426583 0.0219928426 0.0194486485 0.0248957142 0.0201946901 0.0128688977 0.0 0.0285643339 0.023170135 0.0188771009 0.0217415304 0.0305472001 0.0160910114 0.0280813959 0.0165957731 0.0080667437 0.0215714821 0.0071304675 0.0330622516 0.0316502042 0.0152976956 0.0180361082 0.023970891 0.0196312305 0.0170143057
33 0.0167072814 0.0280751662 0.0179029008 0.0323427643 0.0196122599 0.0186732248 0.0070878903 0.0107554263 0.011476034 0.0239915974 0.0202342665 0.0282152238 0.0112079216 0.0319483161 0.0156271026 0.0076369764 0.0092986232 0.0341501647 0.0288739095 0.0309785533 0.034393745 0.0134170182 0.0132326281 0.0232727945 0.0333336994 0.0194490807 0.01560697 0.0084353447 0.0191849727 0.0273097652 0.0084746299 0.0285643339 0.0 0.0300041248 0.0085856811 0.0283239591 0.0302216137 0.0107870192 0.0259750587 0.0165169766 0.0247870504 0.0057615995 0.0127363031 0.0360260555 0.0065856322 0.0308881483 0.0146361733 0.0127217085 0.0268964076 0.0290759031
34 0.0335408905 0.0073726154 0.0220583821 0.027334237 0.0278148214 0.0291551306 0.0147377113 0.0175839832 0.0205333344 0.0148076295 0.0319217212 0.0229455943 0.0198571155 0.011480768 0.0221730789 0.0084105674 0.0174905615 0.0178895543 0.0091226148 0.0158460239 0.0118928547 0.0202588211 0.0033656593 0.0217719262 0.0202198521 0.0152695445 0.0250013974 0.0150038963 0.0302536343 0.0129222724 0.0329354904 0.023170135 0.0300041248 0.0 0.0186584186 0.0351035471 0.0097021501 0.0210842665 0.0253164154 0.0234570626 0.0274099212 0.0160487724 0.0165158416 0.0292210859 0.0131660869 0.0104622466 0.0190753378 0.0255248067 0.0193473001 0.0357607971
35 0.0242072941 0.0144063441 0.0347923287 0.0445407442 0.0133411833 0.0380356948 0.0162094866 0.0302334502 0.0149552557 0.0232539286 0.0266531404 0.0079959705 0.0099792827 0.0243971662 0.0246392792 0.0196148402 0.0145274447 0.0203335653 0.0054266598 0.0252586919 0.0156105563 0.027261038 0.019011392 0.0107489265 0.0163885791 0.0061337557 0.0270106173 0.0416530248 0.0214939609 0.0102376998 0.0328194119 0.0188771009 0.0085856811 0.0186584186 0.0 0.0208451938 0.0189755832 0.0282774257 0.0120354256 0.0100266357 0.0305884738 0.0185575976 0.0141379312 0.0243860483 0.0171651681 0.0130263717 0.0235746732 0.0232004411 0.0198312658 0.0180798513
36 0.0119490805 0.015202821 0.0157563843 0.0231473497 0.0145586701 0.0143160251 0.0067985221 0.0136664422 0.0218782831 0.0031602142 0.0172173483 0.0018595171 0.0318636047 0.0174941351 0.0136680174 0.0381973459 0.0229019025 0.0155871149 0.0277433585 0.0054817774 0.0401291461 0.042690936 0.0265396269 0.0139550837 0.019286106 0.011967856 0.0247270313 0.018436689 0.0318947085 0.0173035714 0.014556023 0.0217415304 0.0283239591 0.0351035471 0.0208451938 0.0 0.0059736193 0.0141148954 0.0295147608 0.0263756452 0.0214867498 0.0169932144 0.036535758 0.0349571517 0.0128733963 0.029019687 0.0121514038 0.0250294655 0.0222503947 0.0127749356
37 0.0161303135 0.0152303352 0.0247072899 0.0304553977 0.0278358992 0.020297431 0.026119714 0.032204624 0.025622888 0.0338687271 0.0295911452 0.0200462029 0.0168758508 0.0172058678 0.0258420158 0.0342802322 0.0226174508 0.0216231367 0.0152090558 0.0215379505 0.0051707351 0.0272235211 0.0355986218 0.0213567058 0.0205906504 0.009279113 0.0073273361 0.0204963372 0.0122829491 0.0189525799 0.0227956077 0.0305472001 0.0302216137 0.0097021501 0.0189755832 0.0059736193 0.0 0.0204301283 0.0257492311 0.0045581114 0.0250702096 0.0012278904 0.0082848206 0.0238016661 0.0126831791 0.0163269924 0.0120084245 0.0299720293 0.0134090134 0.032682452
38 0.0161393033 0.0342244108 0.0196348682 0.0055628642 0.0282304226 0.0180809716 0.0078272005 0.010409755 0.0221635651 0.0087602023 0.0155604552 0.009303725 0.0178234565 0.0334632893 0.016335066 0.0198495851 0.0268611921 0.0157142637 0.0151693846 0.0191762076 0.018978957 0.0274407882 0.0348853028 0.0318922166 0.0191229628 0.0252824201 0.0037934867 0.0212870897 0.0155594143 0.023515227 0.029022417 0.0160910114 0.0107870192 0.0210842665 0.0282774257 0.0141148954 0.0204301283 0.0 0.0280028937 0.0267288453 0.0192019719 0.0060983957 0.0301132375 0.0156515209 0.0204502485 0.0274655301 0.0245361253 0.0357184386 0.0249885068 0.0191890681
39 0.0182119718 0.0109777442 0.0223081654 0.0213719021 0.0123894688 0.022839058 0.0248726251 0.020615722 0.026541474 0.0268319871 0.0241823186 0.0132350464 0.0098946476 0.0242200086 0.0193570102 0.0270334497 0.0032766024 0.0194658356 0.0215758308 0.0074763236 0.0210276258 0.013416712 0.0299544054 0.0203972133 0.02838508 0.0139263351 0.0244317824 0.0350697721 0.0282405967 0.0236726914 0.0250552685 0.0280813959 0.0259750587 0.0253164154 0.0120354256 0.0295147608 0.0257492311 0.0280028937 0.0 0.032712629 0.0090497018 0.0226560169 0.0104982486 0.0092629484 0.0120597071 0.0188266918 0.0260553391 0.0246608577 0.0055175565 0.013770447
40 0.0193576824 0.0281587303 0.0121699788 0.0085458793 0.0181032994 0.0199980924 0.0166499598 0.0297971486 0.0087611614 0.0198389242 0.0232490965 0.0168274676 0.0182820429 0.0243262076 0.0368838404 0.0230319605 0.0194198734 0.0304418158 0.0155979835 0.0222059196 0.0197365684 0.0037378023 0.0123756285 0.0256743069 0.0353085367 0.0254570499 0.0113253971 0.0176449272 0.0310063276 0.0262020775 0.0340665098 0.0165957731 0.0165169766 0.0234570626 0.0100266357 0.0263756452 0.0045581114 0.0267288453 0.032712629 0.0 0.0215320857 0.0164848955 0.009552072 0.0189274581 0.0188285594 0.0267518422 0.017509693 0.0148036793 0.0333281524 0.0111276876
41 0.0203234559 0.0215344801 0.0209300615 0.0147075371 0.0193274524 0.0225072299 0.0253717394 0.0209574504 0.0350593888 0.0410031644 0.0304216992 0.0239408213 0.0149636778 0.0146693897 0.0057428961 0.0096397286 0.0321954398 0.0183139744 0.0181737742 0.0196735923 0.0273651176 0.0087540475 0.0400445253 0.0039857953 0.0196780704 0.0161420269 0.0151354752 0.0209991184 0.024177351 0.015187771 0.0240388687 0.0080667437 0.0247870504 0.0274099212 0.0305884738 0.0214867498 0.0250702096 0.0192019719 0.0090497018 0.0215320857 0.0 0.0101950914 0.0187555328 0.0277283964 0.0109956221 0.0289104294 0.0160561275 0.0093499193 0.0078973133 0.0379535398
42 0.0165069421 0.0215043227 0.0113963011 0.0159218199 0.0363137211 0.0150961453 0.0051716667 0.020797625 0.0158110114 0.0054095471 0.0213636925 0.037418257 0.0208957473 0.0228293119 0.0259203986 0.0326645288 0.0360286843 0.012964255 0.0181558786 0.0282385071 0.0263190116 0.0311416379 0.0204775875 0.0220408435 0.0282864111 0.0188790559 0.0313055663 0.0156087731 0.0323067051 0.0175317285 0.0221665592 0.0215714821 0.0057615995 0.0160487724 0.0185575976 0.0169932144 0.0012278904 0.0060983957 0.0226560169 0.0164848955 0.0101950914 0.0 0.0169294203 0.0220709314 0.0211272297 0.0307030559 0.0340908096 0.0263624346 0.0099409228 0.0167079966
43 0.0198815972 0.016649956 0.0352915979 0.0235923449 0.0366269106 0.0233851238 0.0022993173 0.0210808625 0.0129340473 0.0175287285 0.0124269325 0.0279686051 0.0257736312 0.0136961126 0.0187375071 0.0367274512 0.0124509946 0.0307176264 0.030087769 0.0253131456 0.0297488202 0.0182066527 0.0315075802 0.033774392 0.0120272598 0.0146310575 0.0086133127 0.0214102766 0.0131591047 0.0249939971 0.0131832792 0.0071304675 0.0127363031 0.0165158416 0.0141379312 0.036535758 0.0082848206 0.0301132375 0.0104982486 0.009552072 0.0187555328 0.0169294203 0.0 0.0214711723 0.0197925586 0.0325658033 0.0262091753 0.0184425385 0.0176233677 0.0182797569
44 0.0120036584 0.0079391162 0.0048468541 0.0395662362 0.0212135328 0.0353519163 0.017015462 0.0235215511 0.0177647917 0.0085563576 0.0208984902 0.0309842565 0.0119456768 0.0130993474 0.0253619959 0.0019073174 0.0285867984 0.0152689431 0.006945634 0.0193157034 0.0167980875 0.014891165 0.0273373138 0.0279197124 0.0197881033 0.0137463032 0.01851551 0.0256447963 0.0309204151 0.0196672654 0.0243423235 0.0330622516 0.0360260555 0.0292210859 0.0243860483 0.0349571517 0.0238016661 0.0156515209 0.0092629484 0.0189274581 0.0277283964 0.0220709314 0.0214711723 0.0 0.0163423977 0.0114188943 0.009834312 0.0167776564 0.0214521968 0.0259432213
45 0.0265793234 0.0120117941 0.0211621573 0.0252944386 0.0312795126 0.0239986206 0.0340952468 0.0292789247 0.0294166867 0.0070497041 0.0155992033 0.0187867089 0.0253308313 0.0165502621 0.0342108029 0.0062015877 0.024393386 0.0148699476 0.0095508547 0.0203949522 0.0267807725 0.0221064187 0.0160600573 0.0179026342 0.0200710073 0.0223204912 0.0201443688 0.0271161366 0.022720864 0.0259955049 0.0104727287 0.0316502042 0.0065856322 0.0131660869 0.0171651681 0.0128733963 0.0126831791 0.0204502485 0.0120597071 0.0188285594 0.0109956221 0.0211272297 0.0197925586 0.0163423977 0.0 0.0167571324 0.0249867267 0.0174017345 0.0321749691 0.0372135176
46 0.0356235865 0.0295301851 0.032745191 0.0303290072 0.0114797458 0.0052661368 0.0320978557 0.0115715583 0.024938427 0.0131417531 0.0142694276 0.0124112386 0.0120335677 0.0108263379 0.0193533491 0.02310877 0.0243166259 0.0263343481 0.0267613937 0.0044888908 0.0285782305 0.0251304316 0.0247082553 0.0282061794 0.0170787159 0.0223011744 0.0192735683 0.0080040005 0.028670982 0.0232914072 0.0096325494 0.0152976956 0.0308881483 0.0104622466 0.0130263717 0.029019687 0.0163269924 0.0274655301 0.0188266918 0.0267518422 0.0289104294 0.0307030559 0.0325658033 0.0114188943 0.0167571324 0.0 0.0054058293 0.0068870545 0.020555148 0.0232285573
47 0.0229721824 0.0262346148 0.0244427873 0.0244108132 0.011893921 0.024471886 0.0166447846 0.0179979417 0.0127730967 0.0045590685 0.0300658803 0.0232369279 0.026920401 0.0150769847 0.0314141548 0.0127599174 0.0255420064 0.0147878164 0.0212216507 0.0245929128 0.0240093215 0.0003150881 0.0336723189 0.0304988684 0.0300314959 0.0140943031 0.0334891904 0.0162096394 0.0206795338 0.0287114597 0.0225527752 0.0180361082 0.0146361733 0.0190753378 0.0235746732 0.0121514038 0.0120084245 0.0245361253 0.0260553391 0.017509693 0.0160561275 0.0340908096 0.0262091753 0.009834312 0.0249867267 0.0054058293 0.0 0.0181211807 0.0233603715 0.008068446
48 0.0039675133 0.02161896 0.0216415029 0.0055587242 0.0230132025 0.0165926904 0.0327915525 0.0241303258 0.0059822823 0.0346595379 0.017964358 0.0129542987 0.0086226776 0.0169182268 0.0152483464 0.0280895662 0.0253346849 0.0294731832 0.0304535599 0.0197529822 0.0357943987 0.0079811333 0.0202855222 0.0150671069 0.0302278598 0.0291346286 0.0295438401 0.0239082497 0.005287012 0.0198709784 0.0226817322 0.023970891 0.0127217085 0.0255248067 0.0232004411 0.0250294655 0.0299720293 0.0357184386 0.0246608577 0.0148036793 0.0093499193 0.0263624346 0.0184425385 0.0167776564 0.0174017345 0.0068870545 0.0181211807 0.0 0.0192467657 0.0172577604
49 0.0320630355 0.0177444463 0.0300844935 0.0218603793 0.0196221719 0.0050793873 0.0281676347 0.011432895 0.0287877683 0.0085503456 0.0181901542 0.0083320757 0.0300358695 0.007397751 0.0290751651 0.02550689 0.0190875513 0.0226950581 0.0064208736 0.0043501573 0.0177408426 0.0175308102 0.0243014716 0.0247630704 0.0321703518 0.0231410591 0.0169199893 0.0305088629 0.0262548397 0.0224103333 0.0313592925 0.0196312305 0.0268964076 0.0193473001 0.0198312658 0.0222503947 0.0134090134 0.0249885068 0.0055175565 0.0333281524 0.0078973133 0.0099409228 0.0176233677 0.0214521968 0.0321749691 0.020555148 0.0233603715 0.0192467657 0.0 0.0209640903
50 0.0239925413 0.0144759983 0.0273823754 0.018037443 0.0226391045 0.0197301272 0.0235208458 0.0276099528 0.0116455353 0.0209982109 0.0283327345 0.0191574836 0.0209213518 0.0157005294 0.026453272 0.017542581 0.0266824734 0.026629174 0.0222530052 0.0041104693 0.0178653266 0.0246505041 0.0168113846 0.0255947379 0.0094124411 0.0109228115 0.006643735 0.0145723231 0.0345198141 0.015485733 0.0106136465 0.0170143057 0.0290759031 0.0357607971 0.0180798513 0.0127749356 0.032682452 0.0191890681 0.013770447 0.0111276876 0.0379535398 0.0167079966 0.0182797569 0.0259432213 0.0372135176 0.0232285573 0.008068446 0.0172577604 0.0209640903 0.0
