45
1 0.0 7.0 7.0 6.0 10.0 5.0 10.0 2.0 2.0 5.0 9.0 1.0 8.0 3.0 10.0 10.0 5.0 1.0 5.0 10.0 6.0 4.0 3.0 5.0 3.0 3.0 4.0 8.0 5.0 3.0 10.0 8.0 6.0 5.0 6.0 7.0 6.0 1.0 5.0 8.0 10.0 3.0 8.0 9.0 10.0
2 7.0 0.0 6.0 8.0 10.0 1.0 3.0 4.0 2.0 8.0 8.0 10.0 6.0 6.0 4.0 8.0 2.0 6.0 4.0 3.0 10.0 1.0 9.0 5.0 1.0 1.0 1.0 9.0 8.0 9.0 9.0 1.0 4.0 1.0 5.0 10.0 10.0 3.0 2.0 2.0 7.0 5.0 5.0 6.0 1.0
3 7.0 6.0 0.0 5.0 8.0 6.0 2.0 8.0 8.0 6.0 4.0 4.0 7.0 9.0 4.0 6.0 3.0 2.0 8.0 10.0 5.0 8.0 6.0 7.0 4.0 7.0 6.0 2.0 5.0 9.0 5.0 4.0 9.0 2.0 5.0 9.0 10.0 4.0 10.0 2.0 10.0 8.0 8.0 7.0 3.0
4 6.0 8.0 5.0 0.0 4.0 2.0 4.0 7.0 9.0 7.0 6.0 2.0 8.0 8.0 3.0 8.0 8.0 7.0 9.0 5.0 8.0 5.0 5.0 2.0 9.0 2.0 7.0 8.0 9.0 2.0 7.0 8.0 4.0 6.0 7.0 5.0 5.0 9.0 10.0 2.0 9.0 3.0 7.0 6.0 1.0
5 10.0 10.0 8.0 4.0 0.0 5.0 3.0 3.0 2.0 9.0 6.0 5.0 10.0 5.0 5.0 7.0 5.0 7.0 4.0 1.0 10.0 10.0 10.0 5.0 1.0 10.0 1.0 7.0 9.0 5.0 5.0 6.0 2.0 8.0 8.0 10.0 1.0 1.0 3.0 7.0 10.0 2.0 4.0 5.0 1.0
6 5.0 1.0 6.0 2.0 5.0 0.0 4.0 4.0 3.0 4.0 10.0 6.0 2.0 7.0 3.0 3.0 7.0 1.0 9.0 5.0 1.0 10.0 9.0 10.0 7.0 7.0 1.0 9.0 10.0 2.0 1.0 6.0 3.0 7.0 1.0 5.0 4.0 2.0 10.0 5.0 5.0 10.0 3.0 8.0 8.0
7 10.0 3.0 2.0 4.0 3.0 4.0 0.0 3.0 6.0 3.0 7.0 1.0 3.0 8.0 2.0 1.0 4.0 6.0 8.0 1.0 8.0 7.0 6.0 4.0 9.0 2.0 10.0 3.0 2.0 5.0 3.0 10.0 8.0 9.0 9.0 9.0 1.0 8.0 5.0 8.0 8.0 1.0 4.0 9.0 3.0
8 2.0 4.0 8.0 7.0 3.0 4.0 3.0 0.0 10.0 1.0 7.0 8.0 1.0 2.0 7.0 3.0 6.0 9.0 9.0 9.0 5.0 2.0 7.0 8.0 7.0 9.0 10.0 1.0 7.0 2.0 5.0 2.0 6.0 8.0 3.0 2.0 7.0 2.0 3.0 8.0 10.0 2.0 8.0 7.0 7.0
9 2.0 2.0 8.0 9.0 2.0 3.0 6.0 10.0 0.0 2.0 10.0 7.0 9.0 5.0 10.0 2.0 2.0 9.0 1.0 8.0 10.0 10.0 9.0 3.0 7.0 8.0 2.0 4.0 7.0 3.0 3.0 8.0 7.0 4.0 1.0 7.0 1.0 9.0 6.0 3.0 7.0 5.0 3.0 8.0 5.0
10 5.0 8.0 6.0 7.0 9.0 4.0 3.0 1.0 2.0 0.0 6.0 10.0 9.0 9.0 5.0 6.0 7.0 6.0 2.0 2.0 2.0 9.0 9.0 3.0 4.0 2.0 8.0 10.0 5.0 10.0 5.0 10.0 1.0 4.0 1.0 1.0 5.0 4.0 10.0 5.0 8.0 4.0 1.0 7.0 1.0
11 9.0 8.0 4.0 6.0 6.0 10.0 7.0 7.0 10.0 6.0 0.0 6.0 3.0 1.0 9.0 5.0 1.0 5.0 8.0 5.0 4.0 1.0 1.0 10.0 7.0 9.0 3.0 1.0 7.0 5.0 9.0 5.0 7.0 8.0 3.0 7.0 9.0 6.0 7.0 5.0 6.0 2.0 9.0 9.0 1.0
12 1.0 10.0 4.0 2.0 5.0 6.0 1.0 8.0 7.0 10.0 6.0 0.0 9.0 2.0 4.0 2.0 3.0 10.0 3.0 1.0 8.0 3.0 8.0 1.0 10.0 8.0 6.0 9.0 10.0 1.0 7.0 5.0 9.0 8.0 1.0 8.0 9.0 4.0 7.0 5.0 1.0 10.0 2.0 1.0 1.0
13 8.0 6.0 7.0 8.0 10.0 2.0 3.0 1.0 9.0 9.0 3.0 9.0 0.0 1.0 7.0 10.0 5.0 10.0 6.0 5.0 5.0 10.0 9.0 8.0 1.0 7.0 10.0 7.0 3.0 5.0 10.0 4.0 2.0 1.0 2.0 8.0 3.0 4.0 1.0 2.0 3.0 6.0 3.0 9.0 2.0
14 3.0 6.0 9.0 8.0 5.0 7.0 8.0 2.0 5.0 9.0 1.0 2.0 1.0 0.0 5.0 9.0 3.0 3.0 6.0 2.0 7.0 3.0 9.0 1.0 5.0 6.0 1.0 2.0 9.0 1.0 5.0 5.0 5.0 4.0 3.0 10.0 4.0 5.0 2.0 7.0 1.0 8.0 7.0 3.0 8.0
15 10.0 4.0 4.0 3.0 5.0 3.0 2.0 7.0 10.0 5.0 9.0 4.0 7.0 5.0 0.0 8.0 8.0 7.0 1.0 6.0 4.0 3.0 7.0 9.0 9.0 9.0 3.0 7.0 5.0 3.0 6.0 1.0 9.0 10.0 5.0 4.0 8.0 4.0 4.0 10.0 7.0 8.0 1.0 4.0 7.0
16 10.0 8.0 6.0 8.0 7.0 3.0 1.0 3.0 2.0 6.0 5.0 2.0 10.0 9.0 8.0 0.0 9.0 2.0 9.0 2.0 2.0 3.0 10.0 6.0 8.0 3.0 2.0 2.0 2.0 9.0 10.0 4.0 10.0 8.0 1.0 5.0 9.0 4.0 7.0 1.0 7.0 3.0 8.0 4.0 8.0
17 5.0 2.0 3.0 8.0 5.0 7.0 4.0 6.0 2.0 7.0 1.0 3.0 5.0 3.0 8.0 9.0 0.0 1.0 1.0 7.0 9.0 9.0 7.0 8.0 1.0 8.0 1.0 6.0 2.0 4.0 7.0 9.0 2.0 3.0 9.0 4.0 8.0 7.0 5.0 5.0 7.0 8.0 2.0 8.0 6.0
18 1.0 6.0 2.0 7.0 7.0 1.0 6.0 9.0 9.0 6.0 5.0 10.0 10.0 3.0 7.0 2.0 1.0 0.0 8.0 6.0 6.0 1.0 9.0 6.0 2.0 2.0 6.0 2.0 6.0 1.0 1.0 8.0 3.0 3.0 1.0 7.0 10.0 2.0 7.0 7.0 8.0 7.0 6.0 9.0 4.0
19 5.0 4.0 8.0 9.0 4.0 9.0 8.0 9.0 1.0 2.0 8.0 3.0 6.0 6.0 1.0 9.0 1.0 8.0 0.0 5.0 7.0 2.0 9.0 8.0 6.0 9.0 4.0 6.0 1.0 5.0 7.0 3.0 10.0 4.0 9.0 7.0 7.0 8.0 5.0 2.0 6.0 10.0 7.0 10.0 1.0
20 10.0 3.0 10.0 5.0 1.0 5.0 1.0 9.0 8.0 2.0 5.0 1.0 5.0 2.0 6.0 2.0 7.0 6.0 5.0 0.0 10.0 10.0 9.0 10.0 3.0 6.0 5.0 1.0 9.0 7.0 1.0 9.0 4.0 6.0 7.0 8.0 4.0 10.0 3.0 9.0 6.0 10.0 9.0 8.0 5.0
21 6.0 10.0 5.0 8.0 10.0 1.0 8.0 5.0 10.0 2.0 4.0 8.0 5.0 7.0 4.0 2.0 9.0 6.0 7.0 10.0 0.0 7.0 8.0 1.0 6.0 10.0 4.0 8.0 3.0 10.0 10.0 1.0 9.0 7.0 2.0 4.0 9.0 5.0 4.0 2.0 3.0 3.0 2.0 5.0 1.0
22 4.0 1.0 8.0 5.0 10.0 10.0 7.0 2.0 10.0 9.0 1.0 3.0 10.0 3.0 3.0 3.0 9.0 1.0 2.0 10.0 7.0 0.0 10.0 5.0 7.0 6.0 9.0 1.0 10.0 10.0 7.0 7.0 6.0 4.0 9.0 2.0 2.0 1.0 4.0 3.0 2.0 10.0 8.0 9.0 8.0
23 3.0 9.0 6.0 5.0 10.0 9.0 6.0 7.0 9.0 9.0 1.0 8.0 9.0 9.0 7.0 10.0 7.0 9.0 9.0 9.0 8.0 10.0 0.0 7.0 10.0 9.0 5.0 9.0 8.0 2.0 10.0 1.0 2.0 8.0 6.0 6.0 9.0 7.0 10.0 10.0 9.0 8.0 10.0 1.0 9.0
24 5.0 5.0 7.0 2.0 5.0 10.0 4.0 8.0 3.0 3.0 10.0 1.0 8.0 1.0 9.0 6.0 8.0 6.0 8.0 10.0 1.0 5.0 7.0 0.0 1.0 5.0 3.0 9.0 3.0 9.0 6.0 9.0 6.0 5.0 2.0 6.0 10.0 9.0 1.0 5.0 3.0 10.0 4.0 4.0 8.0
25 3.0 1.0 4.0 9.0 1.0 7.0 9.0 7.0 7.0 4.0 7.0 10.0 1.0 5.0 9.0 8.0 1.0 2.0 6.0 3.0 6.0 7.0 10.0 1.0 0.0 2.0 5.0 5.0 9.0 3.0 9.0 4.0 5.0 1.0 5.0 10.0 5.0 8.0 10.0 3.0 4.0 2.0 1.0 3.0 9.0
26 3.0 1.0 7.0 2.0 10.0 7.0 2.0 9.0 8.0 2.0 9.0 8.0 7.0 6.0 9.0 3.0 8.0 2.0 9.0 6.0 10.0 6.0 9.0 5.0 2.0 0.0 6.0 6.0 1.0 5.0 6.0 2.0 2.0 1.0 9.0 9.0 6.0 6.0 6.0 3.0 9.0 3.0 8.0 1.0 3.0
27 4.0 1.0 6.0 7.0 1.0 1.0 10.0 10.0 2.0 8.0 3.0 6.0 10.0 1.0 3.0 2.0 1.0 6.0 4.0 5.0 4.0 9.0 5.0 3.0 5.0 6.0 0.0 2.0 7.0 8.0 1.0 3.0 9.0 10.0 10.0 1.0 5.0 6.0 4.0 1.0 4.0 2.0 7.0 4.0 5.0
28 8.0 9.0 2.0 8.0 7.0 9.0 3.0 1.0 4.0 10.0 1.0 9.0 7.0 2.0 7.0 2.0 6.0 2.0 6.0 1.0 8.0 1.0 9.0 9.0 5.0 6.0 2.0 0.0 1.0 3.0 1.0 6.0 1.0 7.0 7.0 3.0 2.0 7.0 8.0 8.0 3.0 4.0 6.0 8.0 3.0
29 5.0 8.0 5.0 9.0 9.0 10.0 2.0 7.0 7.0 5.0 7.0 10.0 3.0 9.0 5.0 2.0 2.0 6.0 1.0 9.0 3.0 10.0 8.0 3.0 9.0 1.0 7.0 1.0 0.0 6.0 3.0 9.0 4.0 3.0 10.0 7.0 9.0 5.0 4.0 1.0 9.0 9.0 3.0 10.0 7.0
30 3.0 9.0 9.0 2.0 5.0 2.0 5.0 2.0 3.0 10.0 5.0 1.0 5.0 1.0 3.0 9.0 4.0 1.0 5.0 7.0 10.0 10.0 2.0 9.0 3.0 5.0 8.0 3.0 6.0 0.0 4.0 1.0 5.0 9.0 9.0 8.0 7.0 7.0 3.0 10.0 1.0 9.0 7.0 8.0 3.0
31 10.0 9.0 5.0 7.0 5.0 1.0 3.0 5.0 3.0 5.0 9.0 7.0 10.0 5.0 6.0 10.0 7.0 1.0 7.0 1.0 10.0 7.0 10.0 6.0 9.0 6.0 1.0 1.0 3.0 4.0 0.0 5.0 4.0 10.0 7.0 1.0 3.0 6.0 4.0 8.0 2.0 1.0 5.0 2.0 7.0
32 8.0 1.0 4.0 8.0 6.0 6.0 10.0 2.0 8.0 10.0 5.0 5.0 4.0 5.0 1.0 4.0 9.0 8.0 3.0 9.0 1.0 7.0 1.0 9.0 4.0 2.0 3.0 6.0 9.0 1.0 5.0 0.0 2.0 5.0 4.0 3.0 2.0 6.0 2.0 7.0 7.0 9.0 9.0 8.0 10.0
33 6.0 4.0 9.0 4.0 2.0 3.0 8.0 6.0 7.0 1.0 7.0 9.0 2.0 5.0 9.0 10.0 2.0 3.0 10.0 4.0 9.0 6.0 2.0 6.0 5.0 2.0 9.0 1.0 4.0 5.0 4.0 2.0 0.0 4.0 1.0 8.0 4.0 3.0 1.0 7.0 1.0 6.0 5.0 9.0 9.0
34 5.0 1.0 2.0 6.0 8.0 7.0 9.0 8.0 4.0 4.0 8.0 8.0 1.0 4.0 10.0 8.0 3.0 3.0 4.0 6.0 7.0 4.0 8.0 5.0 1.0 1.0 10.0 7.0 3.0 9.0 10.0 5.0 4.0 0.0 3.0 3.0 6.0 5.0 5.0 1.0 9.0 2.0 9.0 7.0 9.0
35 6.0 5.0 5.0 7.0 8.0 1.0 9.0 3.0 1.0 1.0 3.0 1.0 2.0 3.0 5.0 1.0 9.0 1.0 9.0 7.0 2.0 9.0 6.0 2.0 5.0 9.0 10.0 7.0 10.0 9.0 7.0 4.0 1.0 3.0 0.0 4.0 1.0 5.0 3.0 4.0 1.0 2.0 8.0 8.0 7.0
36 7.0 10.0 9.0 5.0 10.0 5.0 9.0 2.0 7.0 1.0 7.0 8.0 8.0 10.0 4.0 5.0 4.0 7.0 7.0 8.0 4.0 2.0 6.0 6.0 10.0 9.0 1.0 3.0 7.0 8.0 1.0 3.0 8.0 3.0 4.0 0.0 7.0 7.0 2.0 8.0 6.0 1.0 4.0 2.0 10.0
37 6.0 10.0 10.0 5.0 1.0 4.0 1.0 7.0 1.0 5.0 9.0 9.0 3.0 4.0 8.0 9.0 8.0 10.0 7.0 4.0 9.0 2.0 9.0 10.0 5.0 6.0 5.0 2.0 9.0 7.0 3.0 2.0 4.0 6.0 1.0 7.0 0.0 10.0 8.0 1.0 7.0 5.0 4.0 4.0 7.0
38 1.0 3.0 4.0 9.0 1.0 2.0 8.0 2.0 9.0 4.0 6.0 4.0 4.0 5.0 4.0 4.0 7.0 2.0 8.0 10.0 5.0 1.0 7.0 9.0 8.0 6.0 6.0 7.0 5.0 7.0 6.0 6.0 3.0 5.0 5.0 7.0 10.0 0.0 5.0 10.0 2.0 10.0 8.0 1.0 5.0
39 5.0 2.0 10.0 10.0 3.0 10.0 5.0 3.0 6.0 10.0 7.0 7.0 1.0 2.0 4.0 7.0 5.0 7.0 5.0 3.0 4.0 4.0 10.0 1.0 10.0 6.0 4.0 8.0 4.0 3.0 4.0 2.0 1.0 5.0 3.0 2.0 8.0 5.0 0.0 5.0 5.0 9.0 8.0 3.0 1.0
40 8.0 2.0 2.0 2.0 7.0 5.0 8.0 8.0 3.0 5.0 5.0 5.0 2.0 7.0 10.0 1.0 5.0 7.0 2.0 9.0 2.0 3.0 10.0 5.0 3.0 3.0 1.0 8.0 1.0 10.0 8.0 7.0 7.0 1.0 4.0 8.0 1.0 10.0 5.0 0.0 10.0 3.0 10.0 3.0 10.0
41 10.0 7.0 10.0 9.0 10.0 5.0 8.0 10.0 7.0 8.0 6.0 1.0 3.0 1.0 7.0 7.0 7.0 8.0 6.0 6.0 3.0 2.0 9.0 3.0 4.0 9.0 4.0 3.0 9.0 1.0 2.0 7.0 1.0 9.0 1.0 6.0 7.0 2.0 5.0 10.0 0.0 1.0 5.0 3.0 5.0
42 3.0 5.0 8.0 3.0 2.0 10.0 1.0 2.0 5.0 4.0 2.0 10.0 6.0 8.0 8.0 3.0 8.0 7.0 10.0 10.0 3.0 10.0 8.0 10.0 2.0 3.0 2.0 4.0 9.0 9.0 1.0 9.0 6.0 2.0 2.0 1.0 5.0 10.0 9.0 3.0 1.0 0.0 10.0 7.0 8.0
43 8.0 5.0 8.0 7.0 4.0 3.0 4.0 8.0 3.0 1.0 9.0 2.0 3.0 7.0 1.0 8.0 2.0 6.0 7.0 9.0 2.0 8.0 10.0 4.0 1.0 8.0 7.0 6.0 3.0 7.0 5.0 9.0 5.0 9.0 8.0 4.0 4.0 8.0 8.0 10.0 5.0 10.0 0.0 9.0 10.0
44 9.0 6.0 7.0 6.0 5.0 8.0 9.0 7.0 8.0 7.0 9.0 1.0 9.0 3.0 4.0 4.0 8.0 9.0 10.0 8.0 5.0 9.0 1.0 4.0 3.0 1.0 4.0 8.0 10.0 8.0 2.0 8.0 9.0 7.0 8.0 2.0 4.0 1.0 3.0 3.0 3.0 7.0 9.0 0.0 10.0
45 10.0 1.0 3.0 1.0 1.0 8.0 3.0 7.0 5.0 1.0 1.0 1.0 2.0 8.0 7.0 8.0 6.0 4.0 1.0 5.0 1.0 8.0 9.0 8.0 9.0 3.0 5.0 3.0 7.0 3.0 7.0 10.0 9.0 9.0 7.0 10.0 7.0 5.0 1.0 10.0 5.0 8.0 10.0 10.0 0.0
