40
1 0.0 6.0 3.0 2.0 7.0 10.0 7.0 3.0 7.0 6.0 4.0 8.0 2.0 7.0 4.0 8.0 9.0 4.0 9.0 2.0 2.0 3.0 6.0 10.0 1.0 10.0 4.0 8.0 2.0 2.0 6.0 8.0 5.0 8.0 1.0 4.0 1.0 2.0 5.0 3.0
2 6.0 0.0 4.0 4.0 7.0 7.0 4.0 8.0 9.0 2.0 7.0 3.0 6.0 9.0 7.0 9.0 2.0 8.0 4.0 4.0 1.0 6.0 4.0 2.0 3.0 4.0 5.0 9.0 7.0 3.0 4.0 7.0 1.0 5.0 2.0 9.0 4.0 7.0 5.0 6.0
3 3.0 4.0 0.0 4.0 8.0 1.0 5.0 3.0 9.0 2.0 7.0 8.0 6.0 1.0 4.0 3.0 6.0 5.0 1.0 6.0 8.0 7.0 3.0 5.0 9.0 8.0 3.0 7.0 7.0 3.0 8.0 1.0 4.0 1.0 4.0 7.0 2.0 4.0 10.0 8.0
4 2.0 4.0 4.0 0.0 10.0 4.0 5.0 10.0 6.0 3.0 2.0 10.0 3.0 3.0 1.0 2.0 7.0 9.0 7.0 2.0 6.0 3.0 7.0 9.0 2.0 6.0 9.0 3.0 8.0 1.0 2.0 3.0 6.0 9.0 3.0 3.0 3.0 10.0 4.0 8.0
5 7.0 7.0 8.0 10.0 0.0 7.0 6.0 6.0 2.0 5.0 8.0 2.0 9.0 8.0 4.0 4.0 6.0 10.0 8.0 10.0 10.0 5.0 7.0 1.0 6.0 3.0 1.0 1.0 5.0 6.0 5.0 7.0 5.0 3.0 7.0 5.0 3.0 4.0 8.0 2.0
6 10.0 7.0 1.0 4.0 7.0 0.0 9.0 3.0 8.0 8.0 1.0 3.0 10.0 6.0 7.0 8.0 10.0 6.0 8.0 9.0 1.0 1.0 4.0 6.0 6.0 4.0 8.0 10.0 2.0 4.0 6.0 7.0 7.0 2.0 4.0 7.0 2.0 1.0 10.0 6.0
7 7.0 4.0 5.0 5.0 6.0 9.0 0.0 2.0 2.0 7.0 8.0 3.0 10.0 2.0 5.0 1.0 9.0 1.0 8.0 6.0 10.0 10.0 5.0 8.0 5.0 5.0 9.0 5.0 3.0 4.0 2.0 3.0 5.0 3.0 7.0 7.0 4.0 2.0 1.0 5.0
8 3.0 8.0 3.0 10.0 6.0 3.0 2.0 0.0 7.0 7.0 8.0 9.0 6.0 10.0 7.0 2.0 3.0 9.0 5.0 3.0 5.0 4.0 3.0 3.0 3.0 4.0 4.0 3.0 7.0 8.0 1.0 8.0 7.0 1.0 3.0 10.0 6.0 8.0 1.0 5.0
9 7.0 9.0 9.0 6.0 2.0 8.0 2.0 7.0 0.0 5.0 8.0 5.0 3.0 4.0 3.0 3.0 7.0 10.0 7.0 5.0 3.0 4.0 2.0 10.0 4.0 5.0 10.0 7.0 2.0 1.0 5.0 4.0 2.0 1.0 5.0 1.0 8.0 1.0 5.0 2.0
10 6.0 2.0 2.0 3.0 5.0 8.0 7.0 7.0 5.0 0.0 2.0 8.0 8.0 3.0 4.0 9.0 4.0 4.0 6.0 4.0 8.0 4.0 7.0 3.0 8.0 5.0 6.0 5.0 4.0 8.0 9.0 3.0 3.0 1.0 8.0 5.0 7.0 6.0 3.0 10.0
11 4.0 7.0 7.0 2.0 8.0 1.0 8.0 8.0 8.0 2.0 0.0 10.0 4.0 6.0 4.0 10.0 2.0 6.0 2.0 1.0 4.0 7.0 6.0 7.0 1.0 3.0 8.0 4.0 1.0 3.0 4.0 2.0 8.0 3.0 10.0 6.0 4.0 5.0 6.0 6.0
12 8.0 3.0 8.0 10.0 2.0 3.0 3.0 9.0 5.0 8.0 10.0 0.0 2.0 5.0 6.0 6.0 7.0 4.0 7.0 2.0 6.0 1.0 2.0 9.0 3.0 8.0 8.0 5.0 2.0 10.0 2.0 2.0 9.0 4.0 1.0 6.0 8.0 7.0 1.0 5.0
13 2.0 6.0 6.0 3.0 9.0 10.0 10.0 6.0 3.0 8.0 4.0 2.0 0.0 2.0 2.0 5.0 10.0 10.0 2.0 10.0 7.0 1.0 9.0 2.0 6.0 1.0 3.0 8.0 10.0 6.0 10.0 2.0 3.0 1.0 2.0 4.0 5.0 5.0 1.0 5.0
14 7.0 9.0 1.0 3.0 8.0 6.0 2.0 10.0 4.0 3.0 6.0 5.0 2.0 0.0 3.0 1.0 6.0 2.0 8.0 10.0 4.0 2.0 7.0 9.0 9.0 9.0 8.0 9.0 3.0 9.0 10.0 5.0 6.0 1.0 8.0 4.0 10.0 3.0 7.0 9.0
15 4.0 7.0 4.0 1.0 4.0 7.0 5.0 7.0 3.0 4.0 4.0 6.0 2.0 3.0 0.0 4.0 9.0 2.0 3.0 6.0 1.0 10.0 4.0 3.0 4.0 8.0 6.0 1.0 9.0 6.0 8.0 10.0 8.0 4.0 1.0 9.0 9.0 8.0 5.0 3.0
16 8.0 9.0 3.0 2.0 4.0 8.0 1.0 2.0 3.0 9.0 10.0 6.0 5.0 1.0 4.0 0.0 9.0 3.0 4.0 2.0 8.0 10.0 5.0 4.0 6.0 5.0 7.0 1.0 3.0 2.0 10.0 9.0 2.0 9.0 1.0 10.0 3.0 8.0 10.0 2.0
17 9.0 2.0 6.0 7.0 6.0 10.0 9.0 3.0 7.0 4.0 2.0 7.0 10.0 6.0 9.0 9.0 0.0 2.0 3.0 6.0 10.0 5.0 10.0 3.0 10.0 9.0 5.0 6.0 2.0 5.0 3.0 8.0 10.0 7.0 10.0 6.0 5.0 10.0 4.0 1.0
18 4.0 8.0 5.0 9.0 10.0 6.0 1.0 9.0 10.0 4.0 6.0 4.0 10.0 2.0 2.0 3.0 2.0 0.0 3.0 3.0 2.0 8.0 9.0 3.0 4.0 1.0 7.0 6.0 4.0 7.0 7.0 2.0 7.0 5.0 7.0 1.0 6.0 6.0 5.0 10.0
19 9.0 4.0 1.0 7.0 8.0 8.0 8.0 5.0 7.0 6.0 2.0 7.0 2.0 8.0 3.0 4.0 3.0 3.0 0.0 3.0 1.0 2.0 1.0 5.0 6.0 10.0 3.0 6.0 7.0 10.0 10.0 9.0 10.0 3.0 6.0 8.0 9.0 9.0 8.0 2.0
20 2.0 4.0 6.0 2.0 10.0 9.0 6.0 3.0 5.0 4.0 1.0 2.0 10.0 10.0 6.0 2.0 6.0 3.0 3.0 0.0 10.0 2.0 3.0 2.0 3.0 5.0 5.0 9.0 2.0 5.0 5.0 6.0 3.0 5.0 8.0 9.0 6.0 5.0 4.0 4.0
21 2.0 1.0 8.0 6.0 10.0 1.0 10.0 5.0 3.0 8.0 4.0 6.0 7.0 4.0 1.0 8.0 10.0 2.0 1.0 10.0 0.0 3.0 9.0 6.0 3.0 2.0 8.0 4.0 8.0 4.0 2.0 3.0 4.0 8.0 7.0 10.0 6.0 4.0 1.0 9.0
22 3.0 6.0 7.0 3.0 5.0 1.0 10.0 4.0 4.0 4.0 7.0 1.0 1.0 2.0 10.0 10.0 5.0 8.0 2.0 2.0 3.0 0.0 4.0 10.0 9.0 3.0 2.0 3.0 4.0 6.0 5.0 3.0 10.0 10.0 8.0 7.0 2.0 10.0 6.0 6.0
23 6.0 4.0 3.0 7.0 7.0 4.0 5.0 3.0 2.0 7.0 6.0 2.0 9.0 7.0 4.0 5.0 10.0 9.0 1.0 3.0 9.0 4.0 0.0 10.0 4.0 8.0 5.0 1.0 10.0 5.0 9.0 4.0 4.0 5.0 2.0 8.0 7.0 4.0 5.0 10.0
24 10.0 2.0 5.0 9.0 1.0 6.0 8.0 3.0 10.0 3.0 7.0 9.0 2.0 9.0 3.0 4.0 3.0 3.0 5.0 2.0 6.0 10.0 10.0 0.0 10.0 10.0 3.0 6.0 2.0 2.0 3.0 2.0 7.0 6.0 5.0 10.0 9.0 8.0 8.0 10.0
25 1.0 3.0 9.0 2.0 6.0 6.0 5.0 3.0 4.0 8.0 1.0 3.0 6.0 9.0 4.0 6.0 10.0 4.0 6.0 3.0 3.0 9.0 4.0 10.0 0.0 7.0 5.0 6.0 3.0 7.0 7.0 4.0 9.0 4.0 4.0 3.0 6.0 5.0 6.0 10.0
26 10.0 4.0 8.0 6.0 3.0 4.0 5.0 4.0 5.0 5.0 3.0 8.0 1.0 9.0 8.0 5.0 9.0 1.0 10.0 5.0 2.0 3.0 8.0 10.0 7.0 0.0 3.0 7.0 9.0 3.0 10.0 1.0 2.0 9.0 2.0 10.0 9.0 2.0 1.0 2.0
27 4.0 5.0 3.0 9.0 1.0 8.0 9.0 4.0 10.0 6.0 8.0 8.0 3.0 8.0 6.0 7.0 5.0 7.0 3.0 5.0 8.0 2.0 5.0 3.0 5.0 3.0 0.0 2.0 7.0 4.0 5.0 1.0 6.0 4.0 10.0 7.0 10.0 2.0 2.0 3.0
28 8.0 9.0 7.0 3.0 1.0 10.0 5.0 3.0 7.0 5.0 4.0 5.0 8.0 9.0 1.0 1.0 6.0 6.0 6.0 9.0 4.0 3.0 1.0 6.0 6.0 7.0 2.0 0.0 3.0 7.0 5.0 6.0 8.0 5.0 1.0 5.0 6.0 7.0 6.0 1.0
29 2.0 7.0 7.0 8.0 5.0 2.0 3.0 7.0 2.0 4.0 1.0 2.0 10.0 3.0 9.0 3.0 2.0 4.0 7.0 2.0 8.0 4.0 10.0 2.0 3.0 9.0 7.0 3.0 0.0 5.0 7.0 2.0 4.0 6.0 6.0 7.0 5.0 3.0 6.0 4.0
30 2.0 3.0 3.0 1.0 6.0 4.0 4.0 8.0 1.0 8.0 3.0 10.0 6.0 9.0 6.0 2.0 5.0 7.0 10.0 5.0 4.0 6.0 5.0 2.0 7.0 3.0 4.0 7.0 5.0 0.0 8.0 5.0 2.0 10.0 8.0 1.0 10.0 9.0 2.0 6.0
31 6.0 4.0 8.0 2.0 5.0 6.0 2.0 1.0 5.0 9.0 4.0 2.0 10.0 10.0 8.0 10.0 3.0 7.0 10.0 5.0 2.0 5.0 9.0 3.0 7.0 10.0 5.0 5.0 7.0 8.0 0.0 10.0 1.0 8.0 1.0 6.0 2.0 7.0 2.0 9.0
32 8.0 7.0 1.0 3.0 7.0 7.0 3.0 8.0 4.0 3.0 2.0 2.0 2.0 5.0 10.0 9.0 8.0 2.0 9.0 6.0 3.0 3.0 4.0 2.0 4.0 1.0 1.0 6.0 2.0 5.0 10.0 0.0 2.0 6.0 9.0 2.0 8.0 3.0 3.0 5.0
33 5.0 1.0 4.0 6.0 5.0 7.0 5.0 7.0 2.0 3.0 8.0 9.0 3.0 6.0 8.0 2.0 10.0 7.0 10.0 3.0 4.0 10.0 4.0 7.0 9.0 2.0 6.0 8.0 4.0 2.0 1.0 2.0 0.0 2.0 7.0 4.0 8.0 5.0 9.0 4.0
34 8.0 5.0 1.0 9.0 3.0 2.0 3.0 1.0 1.0 1.0 3.0 4.0 1.0 1.0 4.0 9.0 7.0 5.0 3.0 5.0 8.0 10.0 5.0 6.0 4.0 9.0 4.0 5.0 6.0 10.0 8.0 6.0 2.0 0.0 8.0 2.0 3.0 10.0 5.0 6.0
35 1.0 2.0 4.0 3.0 7.0 4.0 7.0 3.0 5.0 8.0 10.0 1.0 2.0 8.0 1.0 1.0 10.0 7.0 6.0 8.0 7.0 8.0 2.0 5.0 4.0 2.0 10.0 1.0 6.0 8.0 1.0 9.0 7.0 8.0 0.0 7.0 5.0 5.0 2.0 2.0
36 4.0 9.0 7.0 3.0 5.0 7.0 7.0 10.0 1.0 5.0 6.0 6.0 4.0 4.0 9.0 10.0 6.0 1.0 8.0 9.0 10.0 7.0 8.0 10.0 3.0 10.0 7.0 5.0 7.0 1.0 6.0 2.0 4.0 2.0 7.0 0.0 6.0 10.0 4.0 8.0
37 1.0 4.0 2.0 3.0 3.0 2.0 4.0 6.0 8.0 7.0 4.0 8.0 5.0 10.0 9.0 3.0 5.0 6.0 9.0 6.0 6.0 2.0 7.0 9.0 6.0 9.0 10.0 6.0 5.0 10.0 2.0 8.0 8.0 3.0 5.0 6.0 0.0 3.0 1.0 10.0
38 2.0 7.0 4.0 10.0 4.0 1.0 2.0 8.0 1.0 6.0 5.0 7.0 5.0 3.0 8.0 8.0 10.0 6.0 9.0 5.0 4.0 10.0 4.0 8.0 5.0 2.0 2.0 7.0 3.0 9.0 7.0 3.0 5.0 10.0 5.0 10.0 3.0 0.0 3.0 6.0
39 5.0 5.0 10.0 4.0 8.0 10.0 1.0 1.0 5.0 3.0 6.0 1.0 1.0 7.0 5.0 10.0 4.0 5.0 8.0 4.0 1.0 6.0 5.0 8.0 6.0 1.0 2.0 6.0 6.0 2.0 2.0 3.0 9.0 5.0 2.0 4.0 1.0 3.0 0.0 10.0
40 3.0 6.0 8.0 8.0 2.0 6.0 5.0 5.0 2.0 10.0 6.0 5.0 5.0 9.0 3.0 2.0 1.0 10.0 2.0 4.0 9.0 6.0 10.0 10.0 10.0 2.0 3.0 1.0 4.0 6.0 9.0 5.0 4.0 6.0 2.0 8.0 10.0 6.0 10.0 0.0
