30
1 0.0 2.0 2.0 8.0 9.0 2.0 10.0 2.0 10.0 7.0 2.0 4.0 1.0 8.0 3.0 10.0 7.0 8.0 7.0 7.0 7.0 1.0 1.0 2.0 7.0 3.0 8.0 9.0 2.0 3.0
2 2.0 0.0 10.0 4.0 4.0 6.0 9.0 9.0 1.0 10.0 5.0 9.0 4.0 9.0 1.0 5.0 3.0 6.0 8.0 10.0 10.0 9.0 7.0 2.0 9.0 6.0 9.0 4.0 7.0 10.0
3 2.0 10.0 0.0 6.0 10.0 6.0 8.0 5.0 3.0 9.0 10.0 3.0 9.0 2.0 4.0 6.0 4.0 7.0 2.0 10.0 4.0 3.0 9.0 10.0 9.0 8.0 3.0 5.0 5.0 5.0
4 8.0 4.0 6.0 0.0 6.0 5.0 1.0 1.0 2.0 10.0 10.0 5.0 2.0 5.0 4.0 2.0 9.0 7.0 8.0 6.0 6.0 3.0 8.0 8.0 2.0 10.0 2.0 6.0 3.0 8.0
5 9.0 4.0 10.0 6.0 0.0 8.0 6.0 6.0 9.0 2.0 6.0 1.0 2.0 1.0 5.0 8.0 4.0 7.0 1.0 2.0 10.0 8.0 9.0 7.0 9.0 7.0 4.0 8.0 1.0 1.0
6 2.0 6.0 6.0 5.0 8.0 0.0 9.0 2.0 2.0 10.0 5.0 9.0 10.0 8.0 4.0 1.0 10.0 1.0 6.0 1.0 4.0 3.0 10.0 10.0 5.0 7.0 4.0 1.0 5.0 10.0
7 10.0 9.0 8.0 1.0 6.0 9.0 0.0 1.0 8.0 8.0 4.0 3.0 1.0 10.0 4.0 6.0 4.0 10.0 2.0 10.0 8.0 9.0 7.0 9.0 5.0 9.0 7.0 1.0 6.0 6.0
8 2.0 9.0 5.0 1.0 6.0 2.0 1.0 0.0 7.0 8.0 8.0 2.0 9.0 4.0 8.0 8.0 7.0 7.0 2.0 10.0 2.0 2.0 7.0 2.0 4.0 9.0 8.0 6.0 3.0 3.0
9 10.0 1.0 3.0 2.0 9.0 2.0 8.0 7.0 0.0 6.0 5.0 7.0 6.0 7.0 5.0 5.0 7.0 6.0 4.0 1.0 6.0 7.0 7.0 7.0 8.0 9.0 9.0 7.0 10.0 5.0
10 7.0 10.0 9.0 10.0 2.0 10.0 8.0 8.0 6.0 0.0 4.0 7.0 6.0 1.0 7.0 5.0 8.0 2.0 7.0 4.0 1.0 4.0 1.0 8.0 10.0 4.0 8.0 8.0 9.0 7.0
11 2.0 5.0 10.0 10.0 6.0 5.0 4.0 8.0 5.0 4.0 0.0 10.0 4.0 10.0 6.0 2.0 2.0 6.0 1.0 10.0 4.0 5.0 3.0 10.0 7.0 1.0 9.0 3.0 10.0 8.0
12 4.0 9.0 3.0 5.0 1.0 9.0 3.0 2.0 7.0 7.0 10.0 0.0 2.0 9.0 4.0 3.0 2.0 2.0 7.0 4.0 8.0 1.0 8.0 10.0 3.0 8.0 10.0 10.0 10.0 9.0
13 1.0 4.0 9.0 2.0 2.0 10.0 1.0 9.0 6.0 6.0 4.0 2.0 0.0 7.0 1.0 10.0 10.0 10.0 8.0 3.0 4.0 7.0 10.0 8.0 1.0 9.0 2.0 9.0 9.0 7.0
14 8.0 9.0 2.0 5.0 1.0 8.0 10.0 4.0 7.0 1.0 10.0 9.0 7.0 0.0 3.0 10.0 4.0 1.0 3.0 3.0 10.0 1.0 6.0 4.0 4.0 9.0 1.0 7.0 1.0 2.0
15 3.0 1.0 4.0 4.0 5.0 4.0 4.0 8.0 5.0 7.0 6.0 4.0 1.0 3.0 0.0 2.0 6.0 10.0 8.0 4.0 5.0 3.0 1.0 1.0 4.0 5.0 4.0 9.0 8.0 6.0
16 10.0 5.0 6.0 2.0 8.0 1.0 6.0 8.0 5.0 5.0 2.0 3.0 10.0 10.0 2.0 0.0 6.0 6.0 6.0 5.0 7.0 3.0 8.0 5.0 6.0 6.0 2.0 6.0 7.0 7.0
17 7.0 3.0 4.0 9.0 4.0 10.0 4.0 7.0 7.0 8.0 2.0 2.0 10.0 4.0 6.0 6.0 0.0 2.0 6.0 7.0 10.0 4.0 4.0 4.0 3.0 10.0 1.0 1.0 9.0 8.0
18 8.0 6.0 7.0 7.0 7.0 1.0 10.0 7.0 6.0 2.0 6.0 2.0 10.0 1.0 10.0 6.0 2.0 0.0 1.0 4.0 7.0 4.0 8.0 8.0 2.0 1.0 3.0 3.0 4.0 5.0
19 7.0 8.0 2.0 8.0 1.0 6.0 2.0 2.0 4.0 7.0 1.0 7.0 8.0 3.0 8.0 6.0 6.0 1.0 0.0 5.0 1.0 3.0 3.0 3.0 10.0 4.0 8.0 5.0 5.0 5.0
20 7.0 10.0 10.0 6.0 2.0 1.0 10.0 10.0 1.0 4.0 10.0 4.0 3.0 3.0 4.0 5.0 7.0 4.0 5.0 0.0 3.0 3.0 5.0 9.0 7.0 5.0 5.0 4.0 10.0 5.0
21 7.0 10.0 4.0 6.0 10.0 4.0 8.0 2.0 6.0 1.0 4.0 8.0 4.0 10.0 5.0 7.0 10.0 7.0 1.0 3.0 0.0 8.0 7.0 1.0 7.0 9.0 6.0 8.0 7.0 9.0
22 1.0 9.0 3.0 3.0 8.0 3.0 9.0 2.0 7.0 4.0 5.0 1.0 7.0 1.0 3.0 3.0 4.0 4.0 3.0 3.0 8.0 0.0 8.0 6.0 9.0 2.0 5.0 5.0 8.0 8.0
23 1.0 7.0 9.0 8.0 9.0 10.0 7.0 7.0 7.0 1.0 3.0 8.0 10.0 6.0 1.0 8.0 4.0 8.0 3.0 5.0 7.0 8.0 0.0 3.0 10.0 3.0 9.0 4.0 8.0 6.0
24 2.0 2.0 10.0 8.0 7.0 10.0 9.0 2.0 7.0 8.0 10.0 10.0 8.0 4.0 1.0 5.0 4.0 8.0 3.0 9.0 1.0 6.0 3.0 0.0 7.0 2.0 4.0 9.0 2.0 3.0
25 7.0 9.0 9.0 2.0 9.0 5.0 5.0 4.0 8.0 10.0 7.0 3.0 1.0 4.0 4.0 6.0 3.0 2.0 10.0 7.0 7.0 9.0 10.0 7.0 0.0 6.0 1.0 4.0 9.0 8.0
26 3.0 6.0 8.0 10.0 7.0 7.0 9.0 9.0 9.0 4.0 1.0 8.0 9.0 9.0 5.0 6.0 10.0 1.0 4.0 5.0 9.0 2.0 3.0 2.0 6.0 0.0 9.0 10.0 6.0 7.0
27 8.0 9.0 3.0 2.0 4.0 4.0 7.0 8.0 9.0 8.0 9.0 10.0 2.0 1.0 4.0 2.0 1.0 3.0 8.0 5.0 6.0 5.0 9.0 4.0 1.0 9.0 0.0 2.0 8.0 7.0
28 9.0 4.0 5.0 6.0 8.0 1.0 1.0 6.0 7.0 8.0 3.0 10.0 9.0 7.0 9.0 6.0 1.0 3.0 5.0 4.0 8.0 5.0 4.0 9.0 4.0 10.0 2.0 0.0 5.0 9.0
29 2.0 7.0 5.0 3.0 1.0 5.0 6.0 3.0 10.0 9.0 10.0 10.0 9.0 1.0 8.0 7.0 9.0 4.0 5.0 10.0 7.0 8.0 8.0 2.0 9.0 6.0 8.0 5.0 0.0 9.0
30 3.0 10.0 5.0 8.0 1.0 10.0 6.0 3.0 5.0 7.0 8.0 9.0 7.0 2.0 6.0 7.0 8.0 5.0 5.0 5.0 9.0 8.0 6.0 3.0 8.0 7.0 7.0 9.0 9.0 0.0
