60
1 0.0 1.0 7.0 8.0 7.0 10.0 5.0 8.0 6.0 6.0 6.0 5.0 2.0 6.0 1.0 2.0 7.0 5.0 6.0 2.0 6.0 3.0 8.0 5.0 3.0 9.0 4.0 1.0 5.0 5.0 4.0 7.0 2.0 5.0 1.0 3.0 1.0 1.0 1.0 6.0 9.0 10.0 10.0 4.0 5.0 4.0 4.0 3.0 9.0 1.0 9.0 2.0 8.0 3.0 3.0 5.0 3.0 2.0 4.0 2.0
2 1.0 0.0 2.0 7.0 9.0 8.0 9.0 7.0 5.0 10.0 10.0 5.0 5.0 2.0 9.0 9.0 3.0 7.0 1.0 5.0 6.0 6.0 6.0 6.0 6.0 3.0 8.0 5.0 5.0 8.0 9.0 5.0 5.0 3.0 2.0 6.0 1.0 5.0 4.0 10.0 7.0 2.0 1.0 3.0 5.0 4.0 1.0 6.0 3.0 10.0 7.0 1.0 2.0 5.0 7.0 5.0 3.0 8.0 9.0 8.0
3 7.0 2.0 0.0 5.0 8.0 9.0 3.0 2.0 9.0 2.0 4.0 10.0 4.0 9.0 2.0 10.0 6.0 1.0 3.0 5.0 4.0 5.0 8.0 7.0 1.0 1.0 2.0 8.0 8.0 10.0 7.0 4.0 8.0 3.0 5.0 3.0 2.0 4.0 8.0 9.0 9.0 6.0 6.0 7.0 1.0 10.0 4.0 3.0 9.0 9.0 7.0 5.0 7.0 1.0 9.0 8.0 5.0 1.0 1.0 2.0
4 8.0 7.0 5.0 0.0 6.0 6.0 4.0 8.0 8.0 9.0 6.0 5.0 4.0 7.0 1.0 4.0 10.0 7.0 6.0 10.0 2.0 5.0 6.0 2.0 1.0 8.0 1.0 3.0 3.0 5.0 1.0 2.0 4.0 5.0 10.0 6.0 5.0 5.0 8.0 1.0 4.0 8.0 2.0 3.0 1.0 4.0 4.0 2.0 1.0 8.0 6.0 3.0 1.0 4.0 10.0 4.0 5.0 9.0 8.0 6.0
5 7.0 9.0 8.0 6.0 0.0 1.0 8.0 6.0 5.0 2.0 6.0 9.0 1.0 4.0 10.0 4.0 8.0 10.0 1.0 4.0 8.0 3.0 4.0 7.0 4.0 1.0 4.0 2.0 2.0 10.0 9.0 3.0 3.0 9.0 3.0 5.0 8.0 6.0 1.0 3.0 4.0 8.0 5.0 4.0 8.0 5.0 7.0 4.0 1.0 6.0 2.0 1.0 8.0 5.0 5.0 9.0 8.0 5.0 2.0 5.0
6 10.0 8.0 9.0 6.0 1.0 0.0 2.0 2.0 1.0 5.0 1.0 1.0 3.0 10.0 6.0 8.0 3.0 4.0 2.0 7.0 6.0 1.0 6.0 9.0 3.0 3.0 3.0 2.0 1.0 10.0 7.0 4.0 3.0 3.0 6.0 1.0 6.0 1.0 10.0 6.0 8.0 9.0 9.0 9.0 8.0 3.0 3.0 7.0 3.0 8.0 1.0 8.0 8.0 3.0 1.0 2.0 10.0 2.0 7.0 9.0
7 5.0 9.0 3.0 4.0 8.0 2.0 0.0 9.0 1.0 9.0 5.0 4.0 10.0 2.0 4.0 9.0 1.0 3.0 4.0 6.0 4.0 7.0 7.0 6.0 10.0 10.0 8.0 8.0 9.0 1.0 8.0 3.0 7.0 9.0 4.0 10.0 5.0 5.0 4.0 7.0 1.0 6.0 5.0 6.0 3.0 10.0 10.0 9.0 6.0 1.0 2.0 7.0 1.0 10.0 3.0 4.0 6.0 3.0 4.0 1.0
8 8.0 7.0 2.0 8.0 6.0 2.0 9.0 0.0 5.0 3.0 7.0 10.0 5.0 7.0 6.0 5.0 9.0 2.0 9.0 10.0 10.0 10.0 7.0 5.0 10.0 7.0 4.0 3.0 4.0 10.0 4.0 10.0 3.0 9.0 3.0 7.0 7.0 2.0 5.0 1.0 10.0 7.0 9.0 7.0 6.0 1.0 8.0 8.0 10.0 5.0 3.0 2.0 5.0 2.0 3.0 6.0 1.0 3.0 5.0 9.0
9 6.0 5.0 9.0 8.0 5.0 1.0 1.0 5.0 0.0 3.0 4.0 8.0 10.0 10.0 7.0 9.0 7.0 7.0 4.0 5.0 10.0 9.0 4.0 9.0 10.0 1.0 10.0 1.0 2.0 1.0 5.0 9.0 6.0 7.0 7.0 1.0 7.0 9.0 7.0 10.0 7.0 4.0 10.0 8.0 9.0 5.0 10.0 7.0 1.0 1.0 3.0 10.0 2.0 6.0 8.0 4.0 3.0 2.0 6.0 10.0
10 6.0 10.0 2.0 9.0 2.0 5.0 9.0 3.0 3.0 0.0 2.0 8.0 1.0 1.0 3.0 2.0 2.0 1.0 6.0 3.0 3.0 6.0 2.0 4.0 9.0 7.0 6.0 4.0 7.0 3.0 1.0 4.0 3.0 3.0 8.0 5.0 9.0 5.0 3.0 2.0 4.0 1.0 10.0 1.0 4.0 3.0 7.0 2.0 7.0 3.0 5.0 5.0 6.0 8.0 9.0 6.0 9.0 3.0 1.0 10.0
11 6.0 10.0 4.0 6.0 6.0 1.0 5.0 7.0 4.0 2.0 0.0 3.0 3.0 1.0 9.0 4.0 1.0 4.0 6.0 5.0 4.0 6.0 10.0 8.0 2.0 2.0 5.0 5.0 9.0 2.0 9.0 1.0 8.0 3.0 1.0 6.0 4.0 9.0 8.0 6.0 10.0 1.0 5.0 1.0 1.0 7.0 8.0 2.0 5.0 2.0 1.0 4.0 10.0 10.0 6.0 4.0 10.0 3.0 6.0 2.0
12 5.0 5.0 10.0 5.0 9.0 1.0 4.0 10.0 8.0 8.0 3.0 0.0 9.0 9.0 10.0 1.0 10.0 8.0 2.0 7.0 8.0 4.0 5.0 6.0 4.0 2.0 3.0 3.0 8.0 6.0 3.0 3.0 2.0 10.0 1.0 4.0 4.0 9.0 6.0 8.0 7.0 8.0 7.0 1.0 9.0 5.0 8.0 9.0 6.0 10.0 7.0 2.0 3.0 9.0 10.0 9.0 2.0 4.0 5.0 10.0
13 2.0 5.0 4.0 4.0 1.0 3.0 10.0 5.0 10.0 1.0 3.0 9.0 0.0 8.0 1.0 5.0 5.0 6.0 3.0 7.0 3.0 8.0 4.0 1.0 8.0 1.0 1.0 4.0 7.0 4.0 3.0 2.0 1.0 2.0 6.0 9.0 4.0 5.0 7.0 2.0 1.0 2.0 4.0 1.0 4.0 7.0 8.0 2.0 4.0 6.0 9.0 6.0 6.0 9.0 3.0 7.0 7.0 8.0 2.0 6.0
14 6.0 2.0 9.0 7.0 4.0 10.0 2.0 7.0 10.0 1.0 1.0 9.0 8.0 0.0 5.0 1.0 10.0 1.0 2.0 3.0 2.0 10.0 1.0 5.0 5.0 4.0 9.0 2.0 4.0 7.0 7.0 2.0 7.0 5.0 2.0 3.0 2.0 5.0 5.0 2.0 4.0 2.0 3.0 2.0 9.0 1.0 6.0 5.0 5.0 3.0 7.0 7.0 5.0 2.0 6.0 3.0 3.0 9.0 10.0 7.0
15 1.0 9.0 2.0 1.0 10.0 6.0 4.0 6.0 7.0 3.0 9.0 10.0 1.0 5.0 0.0 8.0 10.0 3.0 7.0 6.0 8.0 3.0 4.0 4.0 5.0 10.0 7.0 1.0 9.0 8.0 4.0 10.0 5.0 10.0 6.0 6.0 7.0 3.0 7.0 5.0 2.0 3.0 2.0 8.0 8.0 7.0 7.0 1.0 10.0 10.0 5.0 3.0 1.0 4.0 7.0 8.0 1.0 1.0 4.0 4.0
16 2.0 9.0 10.0 4.0 4.0 8.0 9.0 5.0 9.0 2.0 4.0 1.0 5.0 1.0 8.0 0.0 3.0 2.0 9.0 8.0 3.0 5.0 5.0 6.0 9.0 7.0 1.0 7.0 6.0 8.0 7.0 5.0 8.0 2.0 6.0 7.0 1.0 4.0 2.0 2.0 6.0 6.0 7.0 7.0 5.0 9.0 2.0 4.0 8.0 10.0 2.0 2.0 6.0 10.0 1.0 8.0 1.0 3.0 4.0 5.0
17 7.0 3.0 6.0 10.0 8.0 3.0 1.0 9.0 7.0 2.0 1.0 10.0 5.0 10.0 10.0 3.0 0.0 10.0 6.0 2.0 4.0 3.0 7.0 1.0 3.0 2.0 7.0 3.0 3.0 4.0 2.0 5.0 4.0 7.0 3.0 8.0 3.0 7.0 1.0 9.0 4.0 10.0 2.0 10.0 6.0 5.0 7.0 4.0 9.0 2.0 2.0 3.0 3.0 10.0 10.0 3.0 9.0 9.0 3.0 2.0
18 5.0 7.0 1.0 7.0 10.0 4.0 3.0 2.0 7.0 1.0 4.0 8.0 6.0 1.0 3.0 2.0 10.0 0.0 6.0 7.0 6.0 5.0 1.0 9.0 9.0 2.0 1.0 9.0 3.0 10.0 10.0 8.0 9.0 9.0 10.0 1.0 3.0 6.0 9.0 3.0 9.0 3.0 3.0 8.0 9.0 9.0 6.0 7.0 7.0 6.0 5.0 9.0 6.0 6.0 1.0 5.0 5.0 6.0 1.0 3.0
19 6.0 1.0 3.0 6.0 1.0 2.0 4.0 9.0 4.0 6.0 6.0 2.0 3.0 2.0 7.0 9.0 6.0 6.0 0.0 1.0 4.0 9.0 2.0 7.0 9.0 8.0 5.0 4.0 7.0 7.0 8.0 1.0 10.0 10.0 10.0 6.0 5.0 9.0 10.0 7.0 2.0 7.0 8.0 9.0 10.0 4.0 6.0 3.0 8.0 1.0 5.0 6.0 6.0 8.0 7.0 3.0 10.0 2.0 3.0 2.0
20 2.0 5.0 5.0 10.0 4.0 7.0 6.0 10.0 5.0 3.0 5.0 7.0 7.0 3.0 6.0 8.0 2.0 7.0 1.0 0.0 2.0 4.0 4.0 9.0 2.0 5.0 9.0 5.0 6.0 9.0 6.0 6.0 6.0 8.0 8.0 3.0 4.0 7.0 10.0 3.0 9.0 9.0 9.0 6.0 9.0 5.0 8.0 2.0 10.0 10.0 10.0 3.0 9.0 3.0 6.0 4.0 4.0 5.0 8.0 3.0
21 6.0 6.0 4.0 2.0 8.0 6.0 4.0 10.0 10.0 3.0 4.0 8.0 3.0 2.0 8.0 3.0 4.0 6.0 4.0 2.0 0.0 1.0 3.0 9.0 3.0 3.0 3.0 2.0 6.0 6.0 9.0 4.0 6.0 2.0 8.0 9.0 10.0 9.0 5.0 10.0 3.0 2.0 3.0 6.0 2.0 7.0 2.0 5.0 2.0 7.0 10.0 2.0 10.0 4.0 8.0 3.0 3.0 10.0 1.0 8.0
22 3.0 6.0 5.0 5.0 3.0 1.0 7.0 10.0 9.0 6.0 6.0 4.0 8.0 10.0 3.0 5.0 3.0 5.0 9.0 4.0 1.0 0.0 2.0 3.0 9.0 8.0 10.0 4.0 2.0 8.0 10.0 6.0 1.0 6.0 9.0 6.0 9.0 8.0 7.0 3.0 3.0 2.0 9.0 1.0 5.0 7.0 10.0 2.0 6.0 2.0 10.0 2.0 1.0 10.0 2.0 1.0 2.0 8.0 7.0 2.0
23 8.0 6.0 8.0 6.0 4.0 6.0 7.0 7.0 4.0 2.0 10.0 5.0 4.0 1.0 4.0 5.0 7.0 1.0 2.0 4.0 3.0 2.0 0.0 10.0 3.0 8.0 9.0 1.0 8.0 2.0 2.0 8.0 5.0 10.0 6.0 2.0 3.0 7.0 9.0 3.0 9.0 9.0 7.0 6.0 4.0 8.0 8.0 5.0 6.0 10.0 1.0 6.0 7.0 5.0 8.0 1.0 4.0 2.0 9.0 7.0
24 5.0 6.0 7.0 2.0 7.0 9.0 6.0 5.0 9.0 4.0 8.0 6.0 1.0 5.0 4.0 6.0 1.0 9.0 7.0 9.0 9.0 3.0 10.0 0.0 8.0 8.0 4.0 2.0 9.0 2.0 3.0 10.0 5.0 9.0 7.0 5.0 9.0 1.0 3.0 1.0 1.0 1.0 1.0 4.0 10.0 4.0 9.0 7.0 3.0 5.0 6.0 5.0 9.0 1.0 5.0 3.0 3.0 1.0 8.0 2.0
25 3.0 6.0 1.0 1.0 4.0 3.0 10.0 10.0 10.0 9.0 2.0 4.0 8.0 5.0 5.0 9.0 3.0 9.0 9.0 2.0 3.0 9.0 3.0 8.0 0.0 7.0 7.0 6.0 4.0 1.0 9.0 9.0 9.0 3.0 1.0 8.0 1.0 8.0 7.0 4.0 5.0 9.0 7.0 4.0 1.0 8.0 10.0 10.0 8.0 4.0 6.0 5.0 6.0 7.0 10.0 2.0 6.0 3.0 7.0 3.0
26 9.0 3.0 1.0 8.0 1.0 3.0 10.0 7.0 1.0 7.0 2.0 2.0 1.0 4.0 10.0 7.0 2.0 2.0 8.0 5.0 3.0 8.0 8.0 8.0 7.0 0.0 5.0 1.0 8.0 9.0 4.0 1.0 3.0 4.0 4.0 3.0 9.0 3.0 3.0 8.0 2.0 9.0 10.0 5.0 4.0 10.0 2.0 1.0 3.0 8.0 8.0 4.0 1.0 3.0 9.0 3.0 9.0 8.0 8.0 9.0
27 4.0 8.0 2.0 1.0 4.0 3.0 8.0 4.0 10.0 6.0 5.0 3.0 1.0 9.0 7.0 1.0 7.0 1.0 5.0 9.0 3.0 10.0 9.0 4.0 7.0 5.0 0.0 8.0 7.0 4.0 1.0 5.0 7.0 9.0 8.0 7.0 6.0 7.0 4.0 5.0 5.0 7.0 10.0 7.0 4.0 1.0 1.0 8.0 9.0 2.0 8.0 8.0 9.0 3.0 4.0 7.0 9.0 8.0 2.0 1.0
28 1.0 5.0 8.0 3.0 2.0 2.0 8.0 3.0 1.0 4.0 5.0 3.0 4.0 2.0 1.0 7.0 3.0 9.0 4.0 5.0 2.0 4.0 1.0 2.0 6.0 1.0 8.0 0.0 8.0 1.0 9.0 1.0 5.0 10.0 3.0 4.0 10.0 8.0 2.0 3.0 5.0 6.0 4.0 4.0 4.0 10.0 8.0 7.0 5.0 4.0 2.0 1.0 2.0 5.0 3.0 2.0 8.0 1.0 8.0 6.0
29 5.0 5.0 8.0 3.0 2.0 1.0 9.0 4.0 2.0 7.0 9.0 8.0 7.0 4.0 9.0 6.0 3.0 3.0 7.0 6.0 6.0 2.0 8.0 9.0 4.0 8.0 7.0 8.0 0.0 1.0 2.0 2.0 5.0 10.0 5.0 7.0 8.0 4.0 3.0 4.0 6.0 10.0 3.0 7.0 10.0 1.0 2.0 5.0 8.0 9.0 10.0 8.0 9.0 7.0 7.0 9.0 7.0 5.0 5.0 1.0
30 5.0 8.0 10.0 5.0 10.0 10.0 1.0 10.0 1.0 3.0 2.0 6.0 4.0 7.0 8.0 8.0 4.0 10.0 7.0 9.0 6.0 8.0 2.0 2.0 1.0 9.0 4.0 1.0 1.0 0.0 4.0 3.0 10.0 8.0 4.0 6.0 1.0 7.0 3.0 2.0 8.0 1.0 5.0 6.0 4.0 9.0 8.0 6.0 7.0 5.0 1.0 8.0 10.0 7.0 7.0 4.0 10.0 2.0 4.0 8.0
31 4.0 9.0 7.0 1.0 9.0 7.0 8.0 4.0 5.0 1.0 9.0 3.0 3.0 7.0 4.0 7.0 2.0 10.0 8.0 6.0 9.0 10.0 2.0 3.0 9.0 4.0 1.0 9.0 2.0 4.0 0.0 4.0 6.0 6.0 4.0 2.0 9.0 2.0 5.0 6.0 7.0 2.0 2.0 8.0 5.0 10.0 9.0 1.0 8.0 3.0 5.0 1.0 4.0 2.0 10.0 6.0 9.0 10.0 4.0 2.0
32 7.0 5.0 4.0 2.0 3.0 4.0 3.0 10.0 9.0 4.0 1.0 3.0 2.0 2.0 10.0 5.0 5.0 8.0 1.0 6.0 4.0 6.0 8.0 10.0 9.0 1.0 5.0 1.0 2.0 3.0 4.0 0.0 6.0 4.0 10.0 8.0 3.0 1.0 9.0 7.0 3.0 5.0 7.0 9.0 9.0 1.0 4.0 9.0 7.0 2.0 1.0 2.0 2.0 5.0 4.0 10.0 5.0 4.0 7.0 10.0
33 2.0 5.0 8.0 4.0 3.0 3.0 7.0 3.0 6.0 3.0 8.0 2.0 1.0 7.0 5.0 8.0 4.0 9.0 10.0 6.0 6.0 1.0 5.0 5.0 9.0 3.0 7.0 5.0 5.0 10.0 6.0 6.0 0.0 9.0 4.0 1.0 1.0 5.0 9.0 10.0 6.0 6.0 10.0 9.0 3.0 9.0 8.0 5.0 7.0 6.0 5.0 5.0 9.0 1.0 8.0 7.0 8.0 7.0 6.0 5.0
34 5.0 3.0 3.0 5.0 9.0 3.0 9.0 9.0 7.0 3.0 3.0 10.0 2.0 5.0 10.0 2.0 7.0 9.0 10.0 8.0 2.0 6.0 10.0 9.0 3.0 4.0 9.0 10.0 10.0 8.0 6.0 4.0 9.0 0.0 7.0 10.0 1.0 4.0 10.0 5.0 9.0 3.0 10.0 7.0 10.0 3.0 4.0 2.0 10.0 6.0 9.0 8.0 9.0 2.0 8.0 2.0 3.0 5.0 8.0 6.0
35 1.0 2.0 5.0 10.0 3.0 6.0 4.0 3.0 7.0 8.0 1.0 1.0 6.0 2.0 6.0 6.0 3.0 10.0 10.0 8.0 8.0 9.0 6.0 7.0 1.0 4.0 8.0 3.0 5.0 4.0 4.0 10.0 4.0 7.0 0.0 3.0 4.0 1.0 5.0 8.0 1.0 9.0 8.0 10.0 6.0 10.0 6.0 1.0 10.0 5.0 2.0 1.0 1.0 7.0 9.0 3.0 2.0 6.0 7.0 1.0
36 3.0 6.0 3.0 6.0 5.0 1.0 10.0 7.0 1.0 5.0 6.0 4.0 9.0 3.0 6.0 7.0 8.0 1.0 6.0 3.0 9.0 6.0 2.0 5.0 8.0 3.0 7.0 4.0 7.0 6.0 2.0 8.0 1.0 10.0 3.0 0.0 7.0 5.0 4.0 10.0 7.0 1.0 1.0 10.0 9.0 1.0 5.0 10.0 5.0 4.0 3.0 10.0 2.0 9.0 5.0 3.0 6.0 4.0 2.0 5.0
37 1.0 1.0 2.0 5.0 8.0 6.0 5.0 7.0 7.0 9.0 4.0 4.0 4.0 2.0 7.0 1.0 3.0 3.0 5.0 4.0 10.0 9.0 3.0 9.0 1.0 9.0 6.0 10.0 8.0 1.0 9.0 3.0 1.0 1.0 4.0 7.0 0.0 7.0 1.0 3.0 4.0 5.0 7.0 6.0 4.0 7.0 9.0 6.0 6.0 10.0 7.0 3.0 10.0 4.0 10.0 10.0 8.0 6.0 1.0 1.0
38 1.0 5.0 4.0 5.0 6.0 1.0 5.0 2.0 9.0 5.0 9.0 9.0 5.0 5.0 3.0 4.0 7.0 6.0 9.0 7.0 9.0 8.0 7.0 1.0 8.0 3.0 7.0 8.0 4.0 7.0 2.0 1.0 5.0 4.0 1.0 5.0 7.0 0.0 8.0 10.0 4.0 1.0 3.0 5.0 7.0 10.0 7.0 7.0 7.0 4.0 8.0 2.0 1.0 7.0 7.0 3.0 3.0 10.0 10.0 6.0
39 1.0 4.0 8.0 8.0 1.0 10.0 4.0 5.0 7.0 3.0 8.0 6.0 7.0 5.0 7.0 2.0 1.0 9.0 10.0 10.0 5.0 7.0 9.0 3.0 7.0 3.0 4.0 2.0 3.0 3.0 5.0 9.0 9.0 10.0 5.0 4.0 1.0 8.0 0.0 1.0 4.0 2.0 2.0 8.0 9.0 2.0 9.0 5.0 9.0 1.0 5.0 10.0 10.0 7.0 10.0 10.0 7.0 7.0 10.0 10.0
40 6.0 10.0 9.0 1.0 3.0 6.0 7.0 1.0 10.0 2.0 6.0 8.0 2.0 2.0 5.0 2.0 9.0 3.0 7.0 3.0 10.0 3.0 3.0 1.0 4.0 8.0 5.0 3.0 4.0 2.0 6.0 7.0 10.0 5.0 8.0 10.0 3.0 10.0 1.0 0.0 9.0 7.0 8.0 7.0 5.0 4.0 8.0 4.0 5.0 4.0 9.0 5.0 7.0 5.0 4.0 8.0 2.0 5.0 4.0 7.0
41 9.0 7.0 9.0 4.0 4.0 8.0 1.0 10.0 7.0 4.0 10.0 7.0 1.0 4.0 2.0 6.0 4.0 9.0 2.0 9.0 3.0 3.0 9.0 1.0 5.0 2.0 5.0 5.0 6.0 8.0 7.0 3.0 6.0 9.0 1.0 7.0 4.0 4.0 4.0 9.0 0.0 10.0 4.0 2.0 10.0 6.0 3.0 2.0 10.0 7.0 10.0 7.0 4.0 6.0 3.0 5.0 2.0 4.0 9.0 6.0
42 10.0 2.0 6.0 8.0 8.0 9.0 6.0 7.0 4.0 1.0 1.0 8.0 2.0 2.0 3.0 6.0 10.0 3.0 7.0 9.0 2.0 2.0 9.0 1.0 9.0 9.0 7.0 6.0 10.0 1.0 2.0 5.0 6.0 3.0 9.0 1.0 5.0 1.0 2.0 7.0 10.0 0.0 1.0 8.0 9.0 6.0 8.0 7.0 3.0 9.0 8.0 7.0 4.0 6.0 3.0 5.0 1.0 6.0 3.0 1.0
43 10.0 1.0 6.0 2.0 5.0 9.0 5.0 9.0 10.0 10.0 5.0 7.0 4.0 3.0 2.0 7.0 2.0 3.0 8.0 9.0 3.0 9.0 7.0 1.0 7.0 10.0 10.0 4.0 3.0 5.0 2.0 7.0 10.0 10.0 8.0 1.0 7.0 3.0 2.0 8.0 4.0 1.0 0.0 5.0 4.0 2.0 7.0 9.0 5.0 10.0 2.0 6.0 8.0 5.0 10.0 5.0 6.0 2.0 10.0 3.0
44 4.0 3.0 7.0 3.0 4.0 9.0 6.0 7.0 8.0 1.0 1.0 1.0 1.0 2.0 8.0 7.0 10.0 8.0 9.0 6.0 6.0 1.0 6.0 4.0 4.0 5.0 7.0 4.0 7.0 6.0 8.0 9.0 9.0 7.0 10.0 10.0 6.0 5.0 8.0 7.0 2.0 8.0 5.0 0.0 6.0 7.0 2.0 6.0 9.0 2.0 6.0 2.0 2.0 6.0 6.0 10.0 3.0 4.0 8.0 2.0
45 5.0 5.0 1.0 1.0 8.0 8.0 3.0 6.0 9.0 4.0 1.0 9.0 4.0 9.0 8.0 5.0 6.0 9.0 10.0 9.0 2.0 5.0 4.0 10.0 1.0 4.0 4.0 4.0 10.0 4.0 5.0 9.0 3.0 10.0 6.0 9.0 4.0 7.0 9.0 5.0 10.0 9.0 4.0 6.0 0.0 6.0 3.0 1.0 2.0 1.0 1.0 8.0 7.0 6.0 8.0 2.0 7.0 2.0 4.0 9.0
46 4.0 4.0 10.0 4.0 5.0 3.0 10.0 1.0 5.0 3.0 7.0 5.0 7.0 1.0 7.0 9.0 5.0 9.0 4.0 5.0 7.0 7.0 8.0 4.0 8.0 10.0 1.0 10.0 1.0 9.0 10.0 1.0 9.0 3.0 10.0 1.0 7.0 10.0 2.0 4.0 6.0 6.0 2.0 7.0 6.0 0.0 1.0 3.0 1.0 9.0 2.0 1.0 1.0 8.0 6.0 6.0 5.0 1.0 5.0 2.0
47 4.0 1.0 4.0 4.0 7.0 3.0 10.0 8.0 10.0 7.0 8.0 8.0 8.0 6.0 7.0 2.0 7.0 6.0 6.0 8.0 2.0 10.0 8.0 9.0 10.0 2.0 1.0 8.0 2.0 8.0 9.0 4.0 8.0 4.0 6.0 5.0 9.0 7.0 9.0 8.0 3.0 8.0 7.0 2.0 3.0 1.0 0.0 2.0 7.0 5.0 10.0 3.0 4.0 1.0 9.0 1.0 10.0 10.0 7.0 10.0
48 3.0 6.0 3.0 2.0 4.0 7.0 9.0 8.0 7.0 2.0 2.0 9.0 2.0 5.0 1.0 4.0 4.0 7.0 3.0 2.0 5.0 2.0 5.0 7.0 10.0 1.0 8.0 7.0 5.0 6.0 1.0 9.0 5.0 2.0 1.0 10.0 6.0 7.0 5.0 4.0 2.0 7.0 9.0 6.0 1.0 3.0 2.0 0.0 6.0 7.0 8.0 6.0 5.0 5.0 10.0 7.0 4.0 6.0 5.0 1.0
49 9.0 3.0 9.0 1.0 1.0 3.0 6.0 10.0 1.0 7.0 5.0 6.0 4.0 5.0 10.0 8.0 9.0 7.0 8.0 10.0 2.0 6.0 6.0 3.0 8.0 3.0 9.0 5.0 8.0 7.0 8.0 7.0 7.0 10.0 10.0 5.0 6.0 7.0 9.0 5.0 10.0 3.0 5.0 9.0 2.0 1.0 7.0 6.0 0.0 4.0 8.0 4.0 6.0 4.0 6.0 9.0 9.0 9.0 6.0 1.0
50 1.0 10.0 9.0 8.0 6.0 8.0 1.0 5.0 1.0 3.0 2.0 10.0 6.0 3.0 10.0 10.0 2.0 6.0 1.0 10.0 7.0 2.0 10.0 5.0 4.0 8.0 2.0 4.0 9.0 5.0 3.0 2.0 6.0 6.0 5.0 4.0 10.0 4.0 1.0 4.0 7.0 9.0 10.0 2.0 1.0 9.0 5.0 7.0 4.0 0.0 8.0 10.0 7.0 6.0 3.0 8.0 3.0 3.0 10.0 6.0
51 9.0 7.0 7.0 6.0 2.0 1.0 2.0 3.0 3.0 5.0 1.0 7.0 9.0 7.0 5.0 2.0 2.0 5.0 5.0 10.0 10.0 10.0 1.0 6.0 6.0 8.0 8.0 2.0 10.0 1.0 5.0 1.0 5.0 9.0 2.0 3.0 7.0 8.0 5.0 9.0 10.0 8.0 2.0 6.0 1.0 2.0 10.0 8.0 8.0 8.0 0.0 3.0 2.0 3.0 8.0 8.0 7.0 2.0 5.0 4.0
52 2.0 1.0 5.0 3.0 1.0 8.0 7.0 2.0 10.0 5.0 4.0 2.0 6.0 7.0 3.0 2.0 3.0 9.0 6.0 3.0 2.0 2.0 6.0 5.0 5.0 4.0 8.0 1.0 8.0 8.0 1.0 2.0 5.0 8.0 1.0 10.0 3.0 2.0 10.0 5.0 7.0 7.0 6.0 2.0 8.0 1.0 3.0 6.0 4.0 10.0 3.0 0.0 9.0 2.0 4.0 6.0 5.0 5.0 7.0 8.0
53 8.0 2.0 7.0 1.0 8.0 8.0 1.0 5.0 2.0 6.0 10.0 3.0 6.0 5.0 1.0 6.0 3.0 6.0 6.0 9.0 10.0 1.0 7.0 9.0 6.0 1.0 9.0 2.0 9.0 10.0 4.0 2.0 9.0 9.0 1.0 2.0 10.0 1.0 10.0 7.0 4.0 4.0 8.0 2.0 7.0 1.0 4.0 5.0 6.0 7.0 2.0 9.0 0.0 9.0 1.0 1.0 8.0 6.0 6.0 5.0
54 3.0 5.0 1.0 4.0 5.0 3.0 10.0 2.0 6.0 8.0 10.0 9.0 9.0 2.0 4.0 10.0 10.0 6.0 8.0 3.0 4.0 10.0 5.0 1.0 7.0 3.0 3.0 5.0 7.0 7.0 2.0 5.0 1.0 2.0 7.0 9.0 4.0 7.0 7.0 5.0 6.0 6.0 5.0 6.0 6.0 8.0 1.0 5.0 4.0 6.0 3.0 2.0 9.0 0.0 8.0 9.0 10.0 9.0 2.0 3.0
55 3.0 7.0 9.0 10.0 5.0 1.0 3.0 3.0 8.0 9.0 6.0 10.0 3.0 6.0 7.0 1.0 10.0 1.0 7.0 6.0 8.0 2.0 8.0 5.0 10.0 9.0 4.0 3.0 7.0 7.0 10.0 4.0 8.0 8.0 9.0 5.0 10.0 7.0 10.0 4.0 3.0 3.0 10.0 6.0 8.0 6.0 9.0 10.0 6.0 3.0 8.0 4.0 1.0 8.0 0.0 10.0 10.0 9.0 7.0 2.0
56 5.0 5.0 8.0 4.0 9.0 2.0 4.0 6.0 4.0 6.0 4.0 9.0 7.0 3.0 8.0 8.0 3.0 5.0 3.0 4.0 3.0 1.0 1.0 3.0 2.0 3.0 7.0 2.0 9.0 4.0 6.0 10.0 7.0 2.0 3.0 3.0 10.0 3.0 10.0 8.0 5.0 5.0 5.0 10.0 2.0 6.0 1.0 7.0 9.0 8.0 8.0 6.0 1.0 9.0 10.0 0.0 9.0 1.0 6.0 8.0
57 3.0 3.0 5.0 5.0 8.0 10.0 6.0 1.0 3.0 9.0 10.0 2.0 7.0 3.0 1.0 1.0 9.0 5.0 10.0 4.0 3.0 2.0 4.0 3.0 6.0 9.0 9.0 8.0 7.0 10.0 9.0 5.0 8.0 3.0 2.0 6.0 8.0 3.0 7.0 2.0 2.0 1.0 6.0 3.0 7.0 5.0 10.0 4.0 9.0 3.0 7.0 5.0 8.0 10.0 10.0 9.0 0.0 5.0 6.0 8.0
58 2.0 8.0 1.0 9.0 5.0 2.0 3.0 3.0 2.0 3.0 3.0 4.0 8.0 9.0 1.0 3.0 9.0 6.0 2.0 5.0 10.0 8.0 2.0 1.0 3.0 8.0 8.0 1.0 5.0 2.0 10.0 4.0 7.0 5.0 6.0 4.0 6.0 10.0 7.0 5.0 4.0 6.0 2.0 4.0 2.0 1.0 10.0 6.0 9.0 3.0 2.0 5.0 6.0 9.0 9.0 1.0 5.0 0.0 5.0 4.0
59 4.0 9.0 1.0 8.0 2.0 7.0 4.0 5.0 6.0 1.0 6.0 5.0 2.0 10.0 4.0 4.0 3.0 1.0 3.0 8.0 1.0 7.0 9.0 8.0 7.0 8.0 2.0 8.0 5.0 4.0 4.0 7.0 6.0 8.0 7.0 2.0 1.0 10.0 10.0 4.0 9.0 3.0 10.0 8.0 4.0 5.0 7.0 5.0 6.0 10.0 5.0 7.0 6.0 2.0 7.0 6.0 6.0 5.0 0.0 8.0
60 2.0 8.0 2.0 6.0 5.0 9.0 1.0 9.0 10.0 10.0 2.0 10.0 6.0 7.0 4.0 5.0 2.0 3.0 2.0 3.0 8.0 2.0 7.0 2.0 3.0 9.0 1.0 6.0 1.0 8.0 2.0 10.0 5.0 6.0 1.0 5.0 1.0 6.0 10.0 7.0 6.0 1.0 3.0 2.0 9.0 2.0 10.0 1.0 1.0 6.0 4.0 8.0 5.0 3.0 2.0 8.0 8.0 4.0 8.0 0.0
