30
1 0.0 1.0 7.0 7.0 3.0 5.0 4.0 9.0 5.0 3.0 4.0 1.0 10.0 2.0 9.0 5.0 4.0 1.0 8.0 7.0 3.0 2.0 1.0 6.0 4.0 7.0 10.0 5.0 5.0 10.0
2 1.0 0.0 10.0 2.0 8.0 1.0 6.0 5.0 5.0 7.0 8.0 9.0 8.0 7.0 6.0 4.0 4.0 5.0 1.0 10.0 7.0 2.0 5.0 5.0 9.0 5.0 9.0 1.0 3.0 6.0
3 7.0 10.0 0.0 6.0 10.0 6.0 9.0 7.0 10.0 6.0 7.0 3.0 2.0 1.0 9.0 9.0 10.0 1.0 6.0 1.0 2.0 5.0 8.0 6.0 4.0 7.0 4.0 8.0 10.0 6.0
4 7.0 2.0 6.0 0.0 1.0 7.0 4.0 8.0 10.0 3.0 8.0 3.0 2.0 2.0 7.0 9.0 3.0 7.0 1.0 5.0 2.0 7.0 3.0 4.0 2.0 5.0 9.0 3.0 5.0 1.0
5 3.0 8.0 10.0 1.0 0.0 10.0 6.0 6.0 4.0 7.0 3.0 2.0 10.0 6.0 4.0 1.0 5.0 5.0 4.0 5.0 5.0 10.0 1.0 4.0 8.0 5.0 2.0 7.0 7.0 6.0
6 5.0 1.0 6.0 7.0 10.0 0.0 3.0 7.0 7.0 4.0 3.0 3.0 7.0 3.0 5.0 5.0 5.0 4.0 1.0 8.0 8.0 8.0 7.0 5.0 5.0 4.0 5.0 5.0 10.0 1.0
7 4.0 6.0 9.0 4.0 6.0 3.0 0.0 9.0 3.0 6.0 1.0 5.0 10.0 1.0 1.0 7.0 5.0 9.0 6.0 2.0 8.0 6.0 6.0 8.0 9.0 9.0 4.0 1.0 2.0 2.0
8 9.0 5.0 7.0 8.0 6.0 7.0 9.0 0.0 8.0 5.0 8.0 5.0 3.0 5.0 4.0 1.0 10.0 9.0 3.0 1.0 2.0 6.0 9.0 10.0 2.0 3.0 5.0 7.0 9.0 2.0
9 5.0 5.0 10.0 10.0 4.0 7.0 3.0 8.0 0.0 10.0 2.0 3.0 3.0 4.0 2.0 7.0 7.0 2.0 4.0 8.0 4.0 10.0 3.0 6.0 10.0 10.0 1.0 1.0 7.0 8.0
10 3.0 7.0 6.0 3.0 7.0 4.0 6.0 5.0 10.0 0.0 2.0 5.0 2.0 10.0 2.0 2.0 5.0 2.0 2.0 9.0 4.0 9.0 9.0 8.0 10.0 4.0 9.0 10.0 1.0 3.0
11 4.0 8.0 7.0 8.0 3.0 3.0 1.0 8.0 2.0 2.0 0.0 3.0 3.0 10.0 4.0 9.0 6.0 8.0 3.0 6.0 2.0 3.0 5.0 5.0 4.0 3.0 7.0 7.0 1.0 2.0
12 1.0 9.0 3.0 3.0 2.0 3.0 5.0 5.0 3.0 5.0 3.0 0.0 8.0 10.0 6.0 10.0 2.0 8.0 8.0 6.0 6.0 2.0 1.0 5.0 4.0 2.0 6.0 5.0 1.0 6.0
13 10.0 8.0 2.0 2.0 10.0 7.0 10.0 3.0 3.0 2.0 3.0 8.0 0.0 4.0 7.0 7.0 5.0 5.0 5.0 3.0 7.0 5.0 4.0 10.0 1.0 8.0 5.0 1.0 1.0 2.0
14 2.0 7.0 1.0 2.0 6.0 3.0 1.0 5.0 4.0 10.0 10.0 10.0 4.0 0.0 8.0 8.0 10.0 8.0 9.0 1.0 7.0 8.0 2.0 7.0 9.0 6.0 4.0 1.0 5.0 3.0
15 9.0 6.0 9.0 7.0 4.0 5.0 1.0 4.0 2.0 2.0 4.0 6.0 7.0 8.0 0.0 9.0 6.0 2.0 1.0 1.0 3.0 4.0 7.0 2.0 7.0 9.0 5.0 6.0 2.0 4.0
16 5.0 4.0 9.0 9.0 1.0 5.0 7.0 1.0 7.0 2.0 9.0 10.0 7.0 8.0 9.0 0.0 7.0 3.0 4.0 5.0 3.0 8.0 4.0 4.0 2.0 10.0 2.0 9.0 10.0 1.0
17 4.0 4.0 10.0 3.0 5.0 5.0 5.0 10.0 7.0 5.0 6.0 2.0 5.0 10.0 6.0 7.0 0.0 5.0 9.0 2.0 6.0 2.0 1.0 4.0 8.0 7.0 3.0 5.0 7.0 8.0
18 1.0 5.0 1.0 7.0 5.0 4.0 9.0 9.0 2.0 2.0 8.0 8.0 5.0 8.0 2.0 3.0 5.0 0.0 3.0 2.0 7.0 5.0 5.0 2.0 1.0 8.0 8.0 4.0 10.0 1.0
19 8.0 1.0 6.0 1.0 4.0 1.0 6.0 3.0 4.0 2.0 3.0 8.0 5.0 9.0 1.0 4.0 9.0 3.0 0.0 7.0 4.0 1.0 5.0 3.0 2.0 4.0 8.0 1.0 10.0 2.0
20 7.0 10.0 1.0 5.0 5.0 8.0 2.0 1.0 8.0 9.0 6.0 6.0 3.0 1.0 1.0 5.0 2.0 2.0 7.0 0.0 3.0 8.0 3.0 2.0 1.0 9.0 6.0 2.0 1.0 10.0
21 3.0 7.0 2.0 2.0 5.0 8.0 8.0 2.0 4.0 4.0 2.0 6.0 7.0 7.0 3.0 3.0 6.0 7.0 4.0 3.0 0.0 2.0 9.0 5.0 4.0 3.0 9.0 1.0 9.0 3.0
22 2.0 2.0 5.0 7.0 10.0 8.0 6.0 6.0 10.0 9.0 3.0 2.0 5.0 8.0 4.0 8.0 2.0 5.0 1.0 8.0 2.0 0.0 1.0 3.0 5.0 8.0 8.0 10.0 1.0 7.0
23 1.0 5.0 8.0 3.0 1.0 7.0 6.0 9.0 3.0 9.0 5.0 1.0 4.0 2.0 7.0 4.0 1.0 5.0 5.0 3.0 9.0 1.0 0.0 4.0 1.0 9.0 2.0 7.0 8.0 1.0
24 6.0 5.0 6.0 4.0 4.0 5.0 8.0 10.0 6.0 8.0 5.0 5.0 10.0 7.0 2.0 4.0 4.0 2.0 3.0 2.0 5.0 3.0 4.0 0.0 5.0 8.0 2.0 2.0 3.0 2.0
25 4.0 9.0 4.0 2.0 8.0 5.0 9.0 2.0 10.0 10.0 4.0 4.0 1.0 9.0 7.0 2.0 8.0 1.0 2.0 1.0 4.0 5.0 1.0 5.0 0.0 8.0 10.0 9.0 8.0 5.0
26 7.0 5.0 7.0 5.0 5.0 4.0 9.0 3.0 10.0 4.0 3.0 2.0 8.0 6.0 9.0 10.0 7.0 8.0 4.0 9.0 3.0 8.0 9.0 8.0 8.0 0.0 5.0 2.0 7.0 2.0
27 10.0 9.0 4.0 9.0 2.0 5.0 4.0 5.0 1.0 9.0 7.0 6.0 5.0 4.0 5.0 2.0 3.0 8.0 8.0 6.0 9.0 8.0 2.0 2.0 10.0 5.0 0.0 6.0 4.0 10.0
28 5.0 1.0 8.0 3.0 7.0 5.0 1.0 7.0 1.0 10.0 7.0 5.0 1.0 1.0 6.0 9.0 5.0 4.0 1.0 2.0 1.0 10.0 7.0 2.0 9.0 2.0 6.0 0.0 6.0 10.0
29 5.0 3.0 10.0 5.0 7.0 10.0 2.0 9.0 7.0 1.0 1.0 1.0 1.0 5.0 2.0 10.0 7.0 10.0 10.0 1.0 9.0 1.0 8.0 3.0 8.0 7.0 4.0 6.0 0.0 3.0
30 10.0 6.0 6.0 1.0 6.0 1.0 2.0 2.0 8.0 3.0 2.0 6.0 2.0 3.0 4.0 1.0 8.0 1.0 2.0 10.0 3.0 7.0 1.0 2.0 5.0 2.0 10.0 10.0 3.0 0.0
