32
1 0.030050676 0.0388685717 0.010936077 0.0182380377 0.0323830905 0.0528674572 0.0053430305 0.0278604346 0.0228402885 0.037537616 0.0271085415 0.0492084309 0.0451470937 0.0484042399 0.0313353669 0.0047492971 0.0279532088 0.0448003212 0.0355024288 0.0370257086 0.0152396483 0.0354468064 0.0262172903 0.0325065758 0.0113947736 0.0605779157 0.040003529 0.0425071529 0.0191629596 0.0395958144 0.0124792151 0.0367084018 
2 0.0388685717 0.0526762955 0.0256495675 0.0458647753 0.0489914281 0.0301952654 0.0299990642 0.0172251373 0.0456909308 0.0091939946 0.0198710809 0.0244780752 0.0034821329 0.0221601286 0.0337853084 0.0202890844 0.0485558564 0.0191128554 0.0293395233 0.0460709895 0.0222224166 0.0342974882 0.0224248059 0.0306881491 0.0311251607 0.0371646307 0.0220410304 0.0406412343 0.0325825259 0.0309131779 0.0240217994 0.0603775157 
3 0.010936077 0.0256495675 0.0390812449 0.0071012532 0.0494942836 0.023973 0.0478192382 0.0122995191 0.0389612335 0.0513703237 0.0501576947 0.023521265 0.0336045195 0.0224608458 0.059479099 0.0323223135 0.0241062097 0.0306599104 0.0384863303 0.0174583439 0.0162057575 0.0514146992 0.0331118416 0.0239263567 0.0315072349 0.0268164441 0.0251721997 0.0284748346 0.0557386126 0.0475029217 0.0097043458 0.0114824792 
4 0.0182380377 0.0458647753 0.0071012532 0.0430951207 0.040137602 0.027712184 0.0485767477 0.0551863398 0.0293353663 0.0595751709 0.028951703 0.0369184923 0.0626515292 0.0171750943 0.0172388045 0.014087923 0.0293513048 0.0147095556 0.0315714149 0.0231972453 0.0556388911 0.0187595419 0.0362765329 0.0380554933 0.0157381423 0.0236239969 0.0167350676 0.0410319189 0.0419676346 0.0217810146 0.0131797183 0.0265363832 
5 0.0323830905 0.0489914281 0.0494942836 0.040137602 0.0295655161 0.0234603611 0.0114794648 0.0282246512 0.0657335926 0.0301495253 0.0176630632 0.0489260161 0.0419465267 0.0419157799 0.0268883067 0.0155102727 0.0537634555 0.0397195179 0.0102912877 0.0096527108 0.0284959779 0.0304055828 0.0356555668 0.0367098814 0.0296072365 0.009770993 0.0420673183 0.0243123597 0.0205200167 0.0330485481 0.0302903995 0.0132196667 
6 0.0528674572 0.0301952654 0.023973 0.027712184 0.0234603611 0.043211228 0.0209254316 0.013161944 0.0369782269 0.0294193999 0.024421798 0.0362026892 0.0364140941 0.0423960544 0.0473092961 0.0282320779 0.0363915716 0.0151671238 0.0542482487 0.0556113976 0.0349997037 0.0165577537 0.0421573996 0.0251222136 0.0220531314 0.0365313166 0.0238113787 0.0130254203 0.0309975646 0.0217762404 0.0352251042 0.0194439237 
7 0.0053430305 0.0299990642 0.0478192382 0.0485767477 0.0114794648 0.0209254316 0.0251977931 0.0540707284 0.0187129451 0.0192985904 0.0301917464 0.0379074324 0.0635365511 0.0305257732 0.0273226032 0.0286614772 0.0331502369 0.0045140011 0.0597067883 0.0382289056 0.0176479137 0.0209836448 0.03625556 0.025297142 0.0350160083 0.0379896703 0.0463361346 0.040146983 0.0308415133 0.0191389442 0.0271954922 0.0279824442 
8 0.0278604346 0.0172251373 0.0122995191 0.0551863398 0.0282246512 0.013161944 0.0540707284 0.0066603749 0.0154932445 0.0357324434 0.025177828 0.0139341115 0.0547749759 0.0257410942 0.0182742284 0.0293690772 0.0444849683 0.0412059024 0.0164876206 0.0468642533 0.0207845071 0.0500092912 0.0289976519 0.0231516191 0.0431392204 0.0368143231 0.0294999656 0.0390854382 0.0343145197 0.0384018473 0.0324505123 0.0411222272 
9 0.0228402885 0.0456909308 0.0389612335 0.0293353663 0.0657335926 0.0369782269 0.0187129451 0.0154932445 0.0050616057 0.0101931361 0.0363066849 0.0110765364 0.035370744 0.0460257519 0.0600566483 0.0479400919 0.0034096715 0.0439461645 0.0482359237 0.0297644213 0.0102875583 0.0180370354 0.0576998378 0.0324548743 0.0304879738 0.0110757509 0.0294496796 0.0272786515 0.0289651464 0.0404150243 0.0329912869 0.0297239723 
10 0.037537616 0.0091939946 0.0513703237 0.0595751709 0.0301495253 0.0294193999 0.0192985904 0.0357324434 0.0101931361 0.0154754528 0.034807542 0.0312397778 0.0294048303 0.014993774 0.0158633678 0.0349979422 0.0345854928 0.0235877424 0.0104776967 0.0214060222 0.0055710088 0.0519760876 0.0419192561 0.0475551857 0.0508802868 0.0327330008 0.051204942 0.0180434588 0.016775576 0.0256031599 0.0704568113 0.0379713849 
11 0.0271085415 0.0198710809 0.0501576947 0.028951703 0.0176630632 0.024421798 0.0301917464 0.025177828 0.0363066849 0.034807542 0.0744120795 0.0273008634 0.0074084128 0.0185545299 0.0350884714 0.0393007067 0.0290660878 0.0190958828 0.0113611996 0.0371219811 0.0576802021 0.0117422912 0.0142383689 0.0340301234 0.0134870016 0.0194181224 0.0560407539 0.0407449214 0.041308919 0.0588600765 0.0193415196 0.0397398024 
12 0.0492084309 0.0244780752 0.023521265 0.0369184923 0.0489260161 0.0362026892 0.0379074324 0.0139341115 0.0110765364 0.0312397778 0.0273008634 0.0437655787 0.0186354883 0.0193558058 0.02024053 0.0427115058 0.027753699 0.0349945355 0.0468792693 0.040960866 0.0358215375 0.0120771766 0.0219961401 0.0383213962 0.0235353927 0.0603982798 0.037945254 0.0281067764 0.0234723351 0.0068533694 0.0513120624 0.0241493114 
13 0.0451470937 0.0034821329 0.0336045195 0.0626515292 0.0419465267 0.0364140941 0.0635365511 0.0547749759 0.035370744 0.0294048303 0.0074084128 0.0186354883 0.0144199969 0.0346275486 0.0396296639 0.0326467107 0.0311957808 0.0393695584 0.0368391624 0.0116693892 0.0197442986 0.0206147941 0.0529764334 0.0279653513 0.0310866534 0.0263699127 0.0208936752 0.0052187787 0.0248390714 0.0545800386 0.0181461955 0.0247900878 
14 0.0484042399 0.0221601286 0.0224608458 0.0171750943 0.0419157799 0.0423960544 0.0305257732 0.0257410942 0.0460257519 0.014993774 0.0185545299 0.0193558058 0.0346275486 0.0417153677 0.0557250351 0.0452146153 0.0251273379 0.0291310351 0.0304854091 0.0220566977 0.0239017947 0.0320816029 0.0222373743 0.0198762138 0.0124722705 0.0266686624 0.0262447452 0.0341731807 0.063099904 0.0315238886 0.0410145736 0.0329138709 
15 0.0313353669 0.0337853084 0.059479099 0.0172388045 0.0268883067 0.0473092961 0.0273226032 0.0182742284 0.0600566483 0.0158633678 0.0350884714 0.02024053 0.0396296639 0.0557250351 0.0098670173 0.0269285827 0.0204934404 0.0181502587 0.0151696134 0.0387274932 0.0288032672 0.0326642304 0.0599801598 0.0276145277 0.044520004 0.0298188283 0.0163771692 0.0454934196 0.0359365005 0.0289665209 0.017700556 0.0145516809 
16 0.0047492971 0.0202890844 0.0323223135 0.014087923 0.0155102727 0.0282320779 0.0286614772 0.0293690772 0.0479400919 0.0349979422 0.0393007067 0.0427115058 0.0326467107 0.0452146153 0.0269285827 0.0375878697 0.0261731456 0.0503285359 0.0434248553 0.0690620799 0.030307737 0.0330211282 0.0250785803 0.038988748 0.0075608551 0.031773139 0.0203841569 0.0342889796 0.0241961952 0.0227021915 0.0347422804 0.027417844 
17 0.0279532088 0.0485558564 0.0241062097 0.0293513048 0.0537634555 0.0363915716 0.0331502369 0.0444849683 0.0034096715 0.0345854928 0.0290660878 0.027753699 0.0311957808 0.0251273379 0.0204934404 0.0261731456 0.0239447057 0.0245791683 0.0254439653 0.0233154196 0.0382362642 0.0135301916 0.0466362689 0.0200041615 0.0332772815 0.0476458465 0.0408595401 0.0413805472 0.0444404134 0.0356875509 0.0316747875 0.0137824199 
18 0.0448003212 0.0191128554 0.0306599104 0.0147095556 0.0397195179 0.0151671238 0.0045140011 0.0412059024 0.0439461645 0.0235877424 0.0190958828 0.0349945355 0.0393695584 0.0291310351 0.0181502587 0.0503285359 0.0245791683 0.0501808778 0.020233028 0.0492549413 0.024127347 0.0479248933 0.0155005391 0.0460929209 0.0173699818 0.0777541379 0.0445970805 0.0185778894 0.0189268509 0.0207357837 0.0273770221 0.028274637 
19 0.0355024288 0.0293395233 0.0384863303 0.0315714149 0.0102912877 0.0542482487 0.0597067883 0.0164876206 0.0482359237 0.0104776967 0.0113611996 0.0468792693 0.0368391624 0.0304854091 0.0151696134 0.0434248553 0.0254439653 0.020233028 0.0314005927 0.0148145964 0.0698479144 0.02532621 0.0309483739 0.0293252377 0.0418262175 0.0228638583 0.0222897415 0.0414571987 0.0310326298 0.0123862849 0.0356283851 0.0266689937 
20 0.0370257086 0.0460709895 0.0174583439 0.0231972453 0.0096527108 0.0556113976 0.0382289056 0.0468642533 0.0297644213 0.0214060222 0.0371219811 0.040960866 0.0116693892 0.0220566977 0.0387274932 0.0690620799 0.0233154196 0.0492549413 0.0148145964 0.0138853908 0.0289842913 0.0201672152 0.0263599315 0.0208231031 0.0576301806 0.0345943916 0.0215109392 0.0274882656 0.0297214124 0.0258846021 0.0288115142 0.0318752999 
21 0.0152396483 0.0222224166 0.0162057575 0.0556388911 0.0284959779 0.0349997037 0.0176479137 0.0207845071 0.0102875583 0.0055710088 0.0576802021 0.0358215375 0.0197442986 0.0239017947 0.0288032672 0.030307737 0.0382362642 0.024127347 0.0698479144 0.0289842913 0.0599721767 0.0314236013 0.0219748131 0.0475328597 0.0110561352 0.0241177238 0.0331453114 0.0219094207 0.0265634373 0.0441610861 0.0544527664 0.0391426313 
22 0.0354468064 0.0342974882 0.0514146992 0.0187595419 0.0304055828 0.0165577537 0.0209836448 0.0500092912 0.0180370354 0.0519760876 0.0117422912 0.0120771766 0.0206147941 0.0320816029 0.0326642304 0.0330211282 0.0135301916 0.0479248933 0.02532621 0.0201672152 0.0314236013 0.0486605555 0.0200027791 0.0280183145 0.0502883642 0.0184271427 0.0543925592 0.014614566 0.032936434 0.0375381279 0.0389684307 0.0476914604 
23 0.0262172903 0.0224248059 0.0331118416 0.0362765329 0.0356555668 0.0421573996 0.03625556 0.0289976519 0.0576998378 0.0419192561 0.0142383689 0.0219961401 0.0529764334 0.0222373743 0.0599801598 0.0250785803 0.0466362689 0.0155005391 0.0309483739 0.0263599315 0.0219748131 0.0200027791 0.0171171788 0.0162317043 0.0269676825 0.022506774 0.0285510407 0.0351334702 0.0388401948 0.0194586436 0.0369553181 0.0395924877 
24 0.0325065758 0.0306881491 0.0239263567 0.0380554933 0.0367098814 0.0251222136 0.025297142 0.0231516191 0.0324548743 0.0475551857 0.0340301234 0.0383213962 0.0279653513 0.0198762138 0.0276145277 0.038988748 0.0200041615 0.0460929209 0.0293252377 0.0208231031 0.0475328597 0.0280183145 0.0162317043 0.0611238242 0.0066322208 0.0347898 0.0469996786 0.0288792042 0.0223893505 0.0327875263 0.0443271347 0.0117791074 
25 0.0113947736 0.0311251607 0.0315072349 0.0157381423 0.0296072365 0.0220531314 0.0350160083 0.0431392204 0.0304879738 0.0508802868 0.0134870016 0.0235353927 0.0310866534 0.0124722705 0.044520004 0.0075608551 0.0332772815 0.0173699818 0.0418262175 0.0576301806 0.0110561352 0.0502883642 0.0269676825 0.0066322208 0.0993539442 0.0098795328 0.0239312583 0.0596020318 0.0372540916 0.0399017136 0.0405618496 0.0108561682 
26 0.0605779157 0.0371646307 0.0268164441 0.0236239969 0.009770993 0.0365313166 0.0379896703 0.0368143231 0.0110757509 0.0327330008 0.0194181224 0.0603982798 0.0263699127 0.0266686624 0.0298188283 0.031773139 0.0476458465 0.0777541379 0.0228638583 0.0345943916 0.0241177238 0.0184271427 0.022506774 0.0347898 0.0098795328 0.0389603989 0.0218142 0.017513157 0.0506942226 0.0150957811 0.0185602454 0.0372378008 
27 0.040003529 0.0220410304 0.0251721997 0.0167350676 0.0420673183 0.0238113787 0.0463361346 0.0294999656 0.0294496796 0.051204942 0.0560407539 0.037945254 0.0208936752 0.0262447452 0.0163771692 0.0203841569 0.0408595401 0.0445970805 0.0222897415 0.0215109392 0.0331453114 0.0543925592 0.0285510407 0.0469996786 0.0239312583 0.0218142 0.0288480366 0.0430207312 0.0134364678 0.0152237082 0.0177054569 0.0394672497 
28 0.0425071529 0.0406412343 0.0284748346 0.0410319189 0.0243123597 0.0130254203 0.040146983 0.0390854382 0.0272786515 0.0180434588 0.0407449214 0.0281067764 0.0052187787 0.0341731807 0.0454934196 0.0342889796 0.0413805472 0.0185778894 0.0414571987 0.0274882656 0.0219094207 0.014614566 0.0351334702 0.0288792042 0.0596020318 0.017513157 0.0430207312 0.0186826997 0.0213837228 0.0428410737 0.0329052437 0.0320372695 
29 0.0191629596 0.0325825259 0.0557386126 0.0419676346 0.0205200167 0.0309975646 0.0308415133 0.0343145197 0.0289651464 0.016775576 0.041308919 0.0234723351 0.0248390714 0.063099904 0.0359365005 0.0241961952 0.0444404134 0.0189268509 0.0310326298 0.0297214124 0.0265634373 0.032936434 0.0388401948 0.0223893505 0.0372540916 0.0506942226 0.0134364678 0.0213837228 0.0163888639 0.0405814141 0.0208910533 0.0298004462 
30 0.0395958144 0.0309131779 0.0475029217 0.0217810146 0.0330485481 0.0217762404 0.0191389442 0.0384018473 0.0404150243 0.0256031599 0.0588600765 0.0068533694 0.0545800386 0.0315238886 0.0289665209 0.0227021915 0.0356875509 0.0207357837 0.0123862849 0.0258846021 0.0441610861 0.0375381279 0.0194586436 0.0327875263 0.0399017136 0.0150957811 0.0152237082 0.0428410737 0.0405814141 0.030641763 0.0206950147 0.0447171478 
31 0.0124792151 0.0240217994 0.0097043458 0.0131797183 0.0302903995 0.0352251042 0.0271954922 0.0324505123 0.0329912869 0.0704568113 0.0193415196 0.0513120624 0.0181461955 0.0410145736 0.017700556 0.0347422804 0.0316747875 0.0273770221 0.0356283851 0.0288115142 0.0544527664 0.0389684307 0.0369553181 0.0443271347 0.0405618496 0.0185602454 0.0177054569 0.0329052437 0.0208910533 0.0206950147 0.0352344218 0.0449994833 
32 0.0367084018 0.0603775157 0.0114824792 0.0265363832 0.0132196667 0.0194439237 0.0279824442 0.0411222272 0.0297239723 0.0379713849 0.0397398024 0.0241493114 0.0247900878 0.0329138709 0.0145516809 0.027417844 0.0137824199 0.028274637 0.0266689937 0.0318752999 0.0391426313 0.0476914604 0.0395924877 0.0117791074 0.0108561682 0.0372378008 0.0394672497 0.0320372695 0.0298004462 0.0447171478 0.0449994833 0.0539464011 
