55
1 0.0 4.0 6.0 4.0 4.0 5.0 10.0 2.0 8.0 4.0 2.0 3.0 6.0 9.0 2.0 5.0 3.0 4.0 9.0 9.0 2.0 5.0 5.0 3.0 10.0 9.0 10.0 10.0 3.0 1.0 2.0 6.0 7.0 8.0 7.0 5.0 2.0 6.0 8.0 10.0 2.0 5.0 3.0 8.0 8.0 5.0 3.0 1.0 4.0 8.0 2.0 9.0 8.0 5.0 7.0
2 4.0 0.0 10.0 2.0 4.0 9.0 10.0 6.0 3.0 3.0 10.0 2.0 7.0 2.0 4.0 10.0 4.0 7.0 9.0 3.0 4.0 4.0 6.0 10.0 9.0 1.0 7.0 4.0 1.0 2.0 3.0 10.0 8.0 6.0 7.0 6.0 2.0 9.0 3.0 6.0 7.0 2.0 6.0 4.0 1.0 7.0 8.0 4.0 2.0 5.0 2.0 4.0 8.0 7.0 8.0
3 6.0 10.0 0.0 10.0 9.0 5.0 10.0 8.0 10.0 9.0 3.0 5.0 5.0 2.0 1.0 6.0 9.0 8.0 2.0 1.0 2.0 2.0 3.0 7.0 4.0 10.0 3.0 1.0 8.0 4.0 9.0 8.0 6.0 7.0 2.0 7.0 10.0 2.0 4.0 2.0 9.0 2.0 5.0 6.0 1.0 5.0 2.0 2.0 10.0 10.0 1.0 10.0 4.0 1.0 5.0
4 4.0 2.0 10.0 0.0 3.0 5.0 6.0 6.0 6.0 8.0 7.0 2.0 4.0 5.0 10.0 8.0 10.0 7.0 1.0 8.0 1.0 3.0 7.0 6.0 9.0 10.0 3.0 5.0 3.0 5.0 2.0 5.0 4.0 5.0 7.0 3.0 5.0 10.0 8.0 7.0 9.0 6.0 10.0 5.0 6.0 8.0 1.0 6.0 2.0 3.0 4.0 10.0 5.0 1.0 8.0
5 4.0 4.0 9.0 3.0 0.0 4.0 9.0 4.0 7.0 5.0 3.0 2.0 5.0 3.0 9.0 7.0 7.0 10.0 3.0 7.0 5.0 8.0 5.0 1.0 6.0 5.0 9.0 4.0 4.0 10.0 7.0 10.0 2.0 4.0 3.0 8.0 4.0 2.0 5.0 8.0 8.0 4.0 3.0 9.0 3.0 1.0 4.0 7.0 8.0 7.0 7.0 10.0 6.0 6.0 4.0
6 5.0 9.0 5.0 5.0 4.0 0.0 4.0 9.0 9.0 10.0 4.0 9.0 8.0 6.0 7.0 7.0 9.0 6.0 4.0 2.0 3.0 10.0 6.0 3.0 10.0 8.0 2.0 3.0 10.0 8.0 2.0 9.0 6.0 5.0 7.0 4.0 5.0 2.0 7.0 5.0 8.0 10.0 1.0 4.0 8.0 4.0 2.0 6.0 2.0 1.0 8.0 5.0 1.0 10.0 6.0
7 10.0 10.0 10.0 6.0 9.0 4.0 0.0 5.0 2.0 8.0 9.0 4.0 9.0 8.0 4.0 1.0 1.0 2.0 1.0 6.0 2.0 4.0 9.0 1.0 7.0 7.0 8.0 7.0 4.0 5.0 5.0 4.0 1.0 5.0 3.0 1.0 7.0 2.0 10.0 4.0 1.0 8.0 8.0 8.0 10.0 4.0 6.0 9.0 2.0 4.0 10.0 10.0 7.0 10.0 3.0
8 2.0 6.0 8.0 6.0 4.0 9.0 5.0 0.0 2.0 3.0 6.0 7.0 1.0 4.0 6.0 7.0 1.0 8.0 2.0 9.0 5.0 1.0 3.0 4.0 2.0 8.0 5.0 2.0 4.0 5.0 8.0 1.0 7.0 9.0 1.0 7.0 1.0 4.0 4.0 5.0 9.0 3.0 3.0 7.0 7.0 4.0 3.0 10.0 9.0 6.0 4.0 1.0 1.0 3.0 7.0
9 8.0 3.0 10.0 6.0 7.0 9.0 2.0 2.0 0.0 8.0 3.0 3.0 10.0 9.0 5.0 2.0 10.0 7.0 5.0 5.0 2.0 9.0 2.0 5.0 8.0 8.0 3.0 9.0 8.0 6.0 6.0 10.0 1.0 10.0 3.0 2.0 10.0 10.0 6.0 5.0 8.0 2.0 1.0 2.0 6.0 5.0 8.0 8.0 1.0 3.0 1.0 8.0 4.0 3.0 3.0
10 4.0 3.0 9.0 8.0 5.0 10.0 8.0 3.0 8.0 0.0 3.0 1.0 4.0 3.0 5.0 3.0 2.0 3.0 10.0 9.0 2.0 7.0 4.0 2.0 3.0 1.0 9.0 8.0 7.0 5.0 3.0 9.0 4.0 1.0 1.0 9.0 6.0 10.0 6.0 4.0 4.0 1.0 1.0 4.0 2.0 8.0 4.0 9.0 2.0 3.0 5.0 2.0 4.0 5.0 4.0
11 2.0 10.0 3.0 7.0 3.0 4.0 9.0 6.0 3.0 3.0 0.0 8.0 7.0 6.0 5.0 10.0 8.0 1.0 5.0 9.0 6.0 8.0 10.0 1.0 1.0 3.0 1.0 8.0 2.0 2.0 6.0 9.0 2.0 2.0 8.0 8.0 10.0 9.0 8.0 5.0 10.0 6.0 9.0 5.0 2.0 10.0 7.0 10.0 5.0 4.0 5.0 9.0 7.0 3.0 3.0
12 3.0 2.0 5.0 2.0 2.0 9.0 4.0 7.0 3.0 1.0 8.0 0.0 3.0 1.0 9.0 6.0 3.0 3.0 9.0 9.0 10.0 9.0 10.0 7.0 2.0 6.0 6.0 8.0 6.0 3.0 5.0 8.0 6.0 3.0 10.0 3.0 7.0 10.0 6.0 1.0 7.0 7.0 2.0 10.0 9.0 9.0 7.0 2.0 3.0 4.0 10.0 7.0 4.0 7.0 4.0
13 6.0 7.0 5.0 4.0 5.0 8.0 9.0 1.0 10.0 4.0 7.0 3.0 0.0 2.0 8.0 8.0 2.0 10.0 1.0 8.0 6.0 10.0 5.0 7.0 7.0 2.0 4.0 4.0 10.0 10.0 4.0 1.0 9.0 8.0 3.0 10.0 9.0 8.0 8.0 7.0 8.0 5.0 4.0 9.0 5.0 3.0 7.0 1.0 10.0 10.0 6.0 5.0 7.0 9.0 1.0
14 9.0 2.0 2.0 5.0 3.0 6.0 8.0 4.0 9.0 3.0 6.0 1.0 2.0 0.0 2.0 3.0 4.0 4.0 3.0 3.0 2.0 1.0 4.0 6.0 7.0 6.0 1.0 4.0 9.0 10.0 6.0 9.0 6.0 2.0 7.0 3.0 9.0 1.0 6.0 1.0 5.0 5.0 9.0 5.0 3.0 5.0 7.0 2.0 4.0 7.0 6.0 5.0 5.0 4.0 3.0
15 2.0 4.0 1.0 10.0 9.0 7.0 4.0 6.0 5.0 5.0 5.0 9.0 8.0 2.0 0.0 8.0 5.0 1.0 3.0 4.0 8.0 6.0 10.0 6.0 5.0 2.0 1.0 7.0 4.0 5.0 4.0 8.0 10.0 5.0 9.0 4.0 6.0 2.0 4.0 3.0 1.0 2.0 6.0 8.0 4.0 9.0 2.0 1.0 8.0 5.0 9.0 2.0 6.0 1.0 10.0
16 5.0 10.0 6.0 8.0 7.0 7.0 1.0 7.0 2.0 3.0 10.0 6.0 8.0 3.0 8.0 0.0 7.0 3.0 10.0 2.0 6.0 7.0 1.0 5.0 7.0 9.0 9.0 7.0 2.0 5.0 4.0 4.0 4.0 1.0 7.0 6.0 8.0 5.0 4.0 7.0 2.0 3.0 8.0 5.0 3.0 1.0 8.0 8.0 3.0 2.0 2.0 6.0 3.0 9.0 4.0
17 3.0 4.0 9.0 10.0 7.0 9.0 1.0 1.0 10.0 2.0 8.0 3.0 2.0 4.0 5.0 7.0 0.0 5.0 8.0 8.0 10.0 3.0 3.0 10.0 5.0 8.0 1.0 1.0 9.0 6.0 8.0 3.0 2.0 3.0 3.0 7.0 2.0 10.0 6.0 1.0 10.0 4.0 5.0 8.0 5.0 9.0 1.0 7.0 10.0 1.0 1.0 1.0 10.0 3.0 4.0
18 4.0 7.0 8.0 7.0 10.0 6.0 2.0 8.0 7.0 3.0 1.0 3.0 10.0 4.0 1.0 3.0 5.0 0.0 7.0 7.0 8.0 2.0 3.0 8.0 8.0 10.0 10.0 5.0 7.0 5.0 9.0 1.0 3.0 7.0 8.0 9.0 5.0 6.0 1.0 8.0 5.0 4.0 3.0 9.0 3.0 8.0 8.0 1.0 8.0 7.0 10.0 7.0 3.0 9.0 5.0
19 9.0 9.0 2.0 1.0 3.0 4.0 1.0 2.0 5.0 10.0 5.0 9.0 1.0 3.0 3.0 10.0 8.0 7.0 0.0 4.0 2.0 1.0 10.0 9.0 3.0 7.0 3.0 7.0 5.0 5.0 9.0 1.0 2.0 3.0 10.0 3.0 7.0 10.0 5.0 7.0 3.0 7.0 9.0 1.0 6.0 1.0 6.0 1.0 2.0 4.0 4.0 10.0 7.0 8.0 3.0
20 9.0 3.0 1.0 8.0 7.0 2.0 6.0 9.0 5.0 9.0 9.0 9.0 8.0 3.0 4.0 2.0 8.0 7.0 4.0 0.0 1.0 9.0 5.0 8.0 1.0 4.0 7.0 2.0 2.0 9.0 10.0 10.0 7.0 8.0 9.0 5.0 9.0 3.0 7.0 8.0 8.0 8.0 2.0 6.0 7.0 2.0 6.0 6.0 7.0 9.0 9.0 10.0 8.0 10.0 2.0
21 2.0 4.0 2.0 1.0 5.0 3.0 2.0 5.0 2.0 2.0 6.0 10.0 6.0 2.0 8.0 6.0 10.0 8.0 2.0 1.0 0.0 7.0 2.0 8.0 5.0 1.0 1.0 7.0 4.0 3.0 9.0 3.0 7.0 5.0 8.0 5.0 3.0 10.0 5.0 10.0 7.0 6.0 8.0 2.0 3.0 3.0 10.0 8.0 1.0 10.0 8.0 6.0 9.0 1.0 10.0
22 5.0 4.0 2.0 3.0 8.0 10.0 4.0 1.0 9.0 7.0 8.0 9.0 10.0 1.0 6.0 7.0 3.0 2.0 1.0 9.0 7.0 0.0 5.0 3.0 8.0 4.0 2.0 8.0 1.0 5.0 8.0 6.0 2.0 1.0 6.0 9.0 6.0 10.0 5.0 3.0 8.0 10.0 6.0 3.0 6.0 6.0 7.0 9.0 10.0 3.0 7.0 4.0 4.0 7.0 6.0
23 5.0 6.0 3.0 7.0 5.0 6.0 9.0 3.0 2.0 4.0 10.0 10.0 5.0 4.0 10.0 1.0 3.0 3.0 10.0 5.0 2.0 5.0 0.0 3.0 7.0 2.0 5.0 2.0 4.0 9.0 4.0 4.0 2.0 7.0 10.0 10.0 7.0 8.0 10.0 8.0 6.0 1.0 4.0 2.0 9.0 5.0 3.0 2.0 6.0 2.0 4.0 8.0 3.0 6.0 4.0
24 3.0 10.0 7.0 6.0 1.0 3.0 1.0 4.0 5.0 2.0 1.0 7.0 7.0 6.0 6.0 5.0 10.0 8.0 9.0 8.0 8.0 3.0 3.0 0.0 2.0 8.0 2.0 7.0 3.0 10.0 5.0 6.0 3.0 2.0 8.0 8.0 7.0 4.0 9.0 7.0 3.0 7.0 8.0 10.0 5.0 9.0 7.0 7.0 10.0 5.0 7.0 5.0 7.0 5.0 5.0
25 10.0 9.0 4.0 9.0 6.0 10.0 7.0 2.0 8.0 3.0 1.0 2.0 7.0 7.0 5.0 7.0 5.0 8.0 3.0 1.0 5.0 8.0 7.0 2.0 0.0 4.0 10.0 6.0 3.0 7.0 4.0 2.0 10.0 2.0 6.0 2.0 6.0 6.0 5.0 6.0 3.0 2.0 8.0 8.0 3.0 4.0 6.0 5.0 7.0 7.0 3.0 2.0 1.0 9.0 2.0
26 9.0 1.0 10.0 10.0 5.0 8.0 7.0 8.0 8.0 1.0 3.0 6.0 2.0 6.0 2.0 9.0 8.0 10.0 7.0 4.0 1.0 4.0 2.0 8.0 4.0 0.0 2.0 9.0 8.0 1.0 1.0 1.0 9.0 3.0 8.0 3.0 1.0 3.0 1.0 3.0 3.0 5.0 9.0 4.0 4.0 6.0 10.0 7.0 8.0 2.0 7.0 1.0 4.0 8.0 8.0
27 10.0 7.0 3.0 3.0 9.0 2.0 8.0 5.0 3.0 9.0 1.0 6.0 4.0 1.0 1.0 9.0 1.0 10.0 3.0 7.0 1.0 2.0 5.0 2.0 10.0 2.0 0.0 7.0 6.0 7.0 4.0 7.0 6.0 5.0 2.0 7.0 2.0 9.0 6.0 8.0 10.0 3.0 6.0 10.0 2.0 8.0 7.0 8.0 3.0 10.0 3.0 8.0 6.0 8.0 3.0
28 10.0 4.0 1.0 5.0 4.0 3.0 7.0 2.0 9.0 8.0 8.0 8.0 4.0 4.0 7.0 7.0 1.0 5.0 7.0 2.0 7.0 8.0 2.0 7.0 6.0 9.0 7.0 0.0 5.0 6.0 4.0 4.0 1.0 3.0 10.0 9.0 4.0 10.0 4.0 5.0 2.0 8.0 2.0 9.0 3.0 10.0 3.0 5.0 6.0 1.0 6.0 6.0 7.0 10.0 4.0
29 3.0 1.0 8.0 3.0 4.0 10.0 4.0 4.0 8.0 7.0 2.0 6.0 10.0 9.0 4.0 2.0 9.0 7.0 5.0 2.0 4.0 1.0 4.0 3.0 3.0 8.0 6.0 5.0 0.0 10.0 6.0 4.0 3.0 10.0 5.0 8.0 6.0 2.0 1.0 6.0 6.0 4.0 1.0 9.0 1.0 6.0 10.0 5.0 6.0 2.0 7.0 10.0 5.0 8.0 3.0
30 1.0 2.0 4.0 5.0 10.0 8.0 5.0 5.0 6.0 5.0 2.0 3.0 10.0 10.0 5.0 5.0 6.0 5.0 5.0 9.0 3.0 5.0 9.0 10.0 7.0 1.0 7.0 6.0 10.0 0.0 5.0 4.0 4.0 3.0 6.0 1.0 7.0 4.0 5.0 6.0 6.0 2.0 5.0 4.0 3.0 7.0 8.0 1.0 9.0 4.0 5.0 1.0 3.0 4.0 3.0
31 2.0 3.0 9.0 2.0 7.0 2.0 5.0 8.0 6.0 3.0 6.0 5.0 4.0 6.0 4.0 4.0 8.0 9.0 9.0 10.0 9.0 8.0 4.0 5.0 4.0 1.0 4.0 4.0 6.0 5.0 0.0 5.0 9.0 8.0 7.0 7.0 9.0 9.0 6.0 6.0 2.0 2.0 9.0 3.0 1.0 3.0 5.0 3.0 10.0 9.0 4.0 10.0 5.0 5.0 6.0
32 6.0 10.0 8.0 5.0 10.0 9.0 4.0 1.0 10.0 9.0 9.0 8.0 1.0 9.0 8.0 4.0 3.0 1.0 1.0 10.0 3.0 6.0 4.0 6.0 2.0 1.0 7.0 4.0 4.0 4.0 5.0 0.0 4.0 5.0 5.0 2.0 7.0 8.0 10.0 8.0 5.0 10.0 5.0 7.0 10.0 3.0 2.0 8.0 3.0 7.0 8.0 10.0 3.0 10.0 6.0
33 7.0 8.0 6.0 4.0 2.0 6.0 1.0 7.0 1.0 4.0 2.0 6.0 9.0 6.0 10.0 4.0 2.0 3.0 2.0 7.0 7.0 2.0 2.0 3.0 10.0 9.0 6.0 1.0 3.0 4.0 9.0 4.0 0.0 6.0 7.0 5.0 3.0 6.0 2.0 4.0 4.0 2.0 8.0 2.0 5.0 4.0 5.0 4.0 2.0 8.0 6.0 10.0 9.0 9.0 5.0
34 8.0 6.0 7.0 5.0 4.0 5.0 5.0 9.0 10.0 1.0 2.0 3.0 8.0 2.0 5.0 1.0 3.0 7.0 3.0 8.0 5.0 1.0 7.0 2.0 2.0 3.0 5.0 3.0 10.0 3.0 8.0 5.0 6.0 0.0 6.0 10.0 2.0 1.0 3.0 10.0 7.0 3.0 6.0 3.0 4.0 1.0 2.0 4.0 9.0 9.0 8.0 6.0 9.0 7.0 7.0
35 7.0 7.0 2.0 7.0 3.0 7.0 3.0 1.0 3.0 1.0 8.0 10.0 3.0 7.0 9.0 7.0 3.0 8.0 10.0 9.0 8.0 6.0 10.0 8.0 6.0 8.0 2.0 10.0 5.0 6.0 7.0 5.0 7.0 6.0 0.0 4.0 3.0 6.0 8.0 7.0 9.0 4.0 4.0 6.0 2.0 7.0 9.0 3.0 5.0 4.0 6.0 10.0 10.0 3.0 3.0
36 5.0 6.0 7.0 3.0 8.0 4.0 1.0 7.0 2.0 9.0 8.0 3.0 10.0 3.0 4.0 6.0 7.0 9.0 3.0 5.0 5.0 9.0 10.0 8.0 2.0 3.0 7.0 9.0 8.0 1.0 7.0 2.0 5.0 10.0 4.0 0.0 4.0 4.0 5.0 9.0 4.0 4.0 5.0 7.0 9.0 10.0 7.0 9.0 1.0 4.0 1.0 7.0 7.0 3.0 6.0
37 2.0 2.0 10.0 5.0 4.0 5.0 7.0 1.0 10.0 6.0 10.0 7.0 9.0 9.0 6.0 8.0 2.0 5.0 7.0 9.0 3.0 6.0 7.0 7.0 6.0 1.0 2.0 4.0 6.0 7.0 9.0 7.0 3.0 2.0 3.0 4.0 0.0 3.0 7.0 6.0 3.0 9.0 4.0 5.0 5.0 9.0 8.0 9.0 1.0 10.0 3.0 4.0 1.0 9.0 1.0
38 6.0 9.0 2.0 10.0 2.0 2.0 2.0 4.0 10.0 10.0 9.0 10.0 8.0 1.0 2.0 5.0 10.0 6.0 10.0 3.0 10.0 10.0 8.0 4.0 6.0 3.0 9.0 10.0 2.0 4.0 9.0 8.0 6.0 1.0 6.0 4.0 3.0 0.0 9.0 3.0 7.0 2.0 6.0 8.0 5.0 9.0 10.0 2.0 8.0 7.0 7.0 4.0 5.0 1.0 9.0
39 8.0 3.0 4.0 8.0 5.0 7.0 10.0 4.0 6.0 6.0 8.0 6.0 8.0 6.0 4.0 4.0 6.0 1.0 5.0 7.0 5.0 5.0 10.0 9.0 5.0 1.0 6.0 4.0 1.0 5.0 6.0 10.0 2.0 3.0 8.0 5.0 7.0 9.0 0.0 8.0 5.0 5.0 4.0 5.0 2.0 9.0 7.0 2.0 3.0 1.0 1.0 7.0 3.0 5.0 3.0
40 10.0 6.0 2.0 7.0 8.0 5.0 4.0 5.0 5.0 4.0 5.0 1.0 7.0 1.0 3.0 7.0 1.0 8.0 7.0 8.0 10.0 3.0 8.0 7.0 6.0 3.0 8.0 5.0 6.0 6.0 6.0 8.0 4.0 10.0 7.0 9.0 6.0 3.0 8.0 0.0 9.0 9.0 4.0 2.0 9.0 10.0 3.0 6.0 2.0 2.0 2.0 6.0 6.0 2.0 9.0
41 2.0 7.0 9.0 9.0 8.0 8.0 1.0 9.0 8.0 4.0 10.0 7.0 8.0 5.0 1.0 2.0 10.0 5.0 3.0 8.0 7.0 8.0 6.0 3.0 3.0 3.0 10.0 2.0 6.0 6.0 2.0 5.0 4.0 7.0 9.0 4.0 3.0 7.0 5.0 9.0 0.0 10.0 6.0 1.0 10.0 2.0 6.0 7.0 2.0 5.0 10.0 10.0 9.0 10.0 2.0
42 5.0 2.0 2.0 6.0 4.0 10.0 8.0 3.0 2.0 1.0 6.0 7.0 5.0 5.0 2.0 3.0 4.0 4.0 7.0 8.0 6.0 10.0 1.0 7.0 2.0 5.0 3.0 8.0 4.0 2.0 2.0 10.0 2.0 3.0 4.0 4.0 9.0 2.0 5.0 9.0 10.0 0.0 5.0 1.0 7.0 1.0 9.0 7.0 9.0 10.0 2.0 5.0 2.0 6.0 7.0
43 3.0 6.0 5.0 10.0 3.0 1.0 8.0 3.0 1.0 1.0 9.0 2.0 4.0 9.0 6.0 8.0 5.0 3.0 9.0 2.0 8.0 6.0 4.0 8.0 8.0 9.0 6.0 2.0 1.0 5.0 9.0 5.0 8.0 6.0 4.0 5.0 4.0 6.0 4.0 4.0 6.0 5.0 0.0 9.0 6.0 3.0 9.0 2.0 7.0 10.0 1.0 3.0 4.0 4.0 9.0
44 8.0 4.0 6.0 5.0 9.0 4.0 8.0 7.0 2.0 4.0 5.0 10.0 9.0 5.0 8.0 5.0 8.0 9.0 1.0 6.0 2.0 3.0 2.0 10.0 8.0 4.0 10.0 9.0 9.0 4.0 3.0 7.0 2.0 3.0 6.0 7.0 5.0 8.0 5.0 2.0 1.0 1.0 9.0 0.0 8.0 1.0 4.0 5.0 4.0 6.0 5.0 9.0 6.0 9.0 10.0
45 8.0 1.0 1.0 6.0 3.0 8.0 10.0 7.0 6.0 2.0 2.0 9.0 5.0 3.0 4.0 3.0 5.0 3.0 6.0 7.0 3.0 6.0 9.0 5.0 3.0 4.0 2.0 3.0 1.0 3.0 1.0 10.0 5.0 4.0 2.0 9.0 5.0 5.0 2.0 9.0 10.0 7.0 6.0 8.0 0.0 4.0 2.0 2.0 7.0 7.0 3.0 1.0 6.0 3.0 4.0
46 5.0 7.0 5.0 8.0 1.0 4.0 4.0 4.0 5.0 8.0 10.0 9.0 3.0 5.0 9.0 1.0 9.0 8.0 1.0 2.0 3.0 6.0 5.0 9.0 4.0 6.0 8.0 10.0 6.0 7.0 3.0 3.0 4.0 1.0 7.0 10.0 9.0 9.0 9.0 10.0 2.0 1.0 3.0 1.0 4.0 0.0 5.0 10.0 4.0 3.0 3.0 7.0 8.0 3.0 1.0
47 3.0 8.0 2.0 1.0 4.0 2.0 6.0 3.0 8.0 4.0 7.0 7.0 7.0 7.0 2.0 8.0 1.0 8.0 6.0 6.0 10.0 7.0 3.0 7.0 6.0 10.0 7.0 3.0 10.0 8.0 5.0 2.0 5.0 2.0 9.0 7.0 8.0 10.0 7.0 3.0 6.0 9.0 9.0 4.0 2.0 5.0 0.0 7.0 10.0 1.0 3.0 7.0 7.0 8.0 7.0
48 1.0 4.0 2.0 6.0 7.0 6.0 9.0 10.0 8.0 9.0 10.0 2.0 1.0 2.0 1.0 8.0 7.0 1.0 1.0 6.0 8.0 9.0 2.0 7.0 5.0 7.0 8.0 5.0 5.0 1.0 3.0 8.0 4.0 4.0 3.0 9.0 9.0 2.0 2.0 6.0 7.0 7.0 2.0 5.0 2.0 10.0 7.0 0.0 8.0 6.0 4.0 5.0 8.0 1.0 6.0
49 4.0 2.0 10.0 2.0 8.0 2.0 2.0 9.0 1.0 2.0 5.0 3.0 10.0 4.0 8.0 3.0 10.0 8.0 2.0 7.0 1.0 10.0 6.0 10.0 7.0 8.0 3.0 6.0 6.0 9.0 10.0 3.0 2.0 9.0 5.0 1.0 1.0 8.0 3.0 2.0 2.0 9.0 7.0 4.0 7.0 4.0 10.0 8.0 0.0 7.0 8.0 8.0 8.0 10.0 1.0
50 8.0 5.0 10.0 3.0 7.0 1.0 4.0 6.0 3.0 3.0 4.0 4.0 10.0 7.0 5.0 2.0 1.0 7.0 4.0 9.0 10.0 3.0 2.0 5.0 7.0 2.0 10.0 1.0 2.0 4.0 9.0 7.0 8.0 9.0 4.0 4.0 10.0 7.0 1.0 2.0 5.0 10.0 10.0 6.0 7.0 3.0 1.0 6.0 7.0 0.0 4.0 4.0 1.0 6.0 4.0
51 2.0 2.0 1.0 4.0 7.0 8.0 10.0 4.0 1.0 5.0 5.0 10.0 6.0 6.0 9.0 2.0 1.0 10.0 4.0 9.0 8.0 7.0 4.0 7.0 3.0 7.0 3.0 6.0 7.0 5.0 4.0 8.0 6.0 8.0 6.0 1.0 3.0 7.0 1.0 2.0 10.0 2.0 1.0 5.0 3.0 3.0 3.0 4.0 8.0 4.0 0.0 2.0 4.0 3.0 8.0
52 9.0 4.0 10.0 10.0 10.0 5.0 10.0 1.0 8.0 2.0 9.0 7.0 5.0 5.0 2.0 6.0 1.0 7.0 10.0 10.0 6.0 4.0 8.0 5.0 2.0 1.0 8.0 6.0 10.0 1.0 10.0 10.0 10.0 6.0 10.0 7.0 4.0 4.0 7.0 6.0 10.0 5.0 3.0 9.0 1.0 7.0 7.0 5.0 8.0 4.0 2.0 0.0 1.0 7.0 1.0
53 8.0 8.0 4.0 5.0 6.0 1.0 7.0 1.0 4.0 4.0 7.0 4.0 7.0 5.0 6.0 3.0 10.0 3.0 7.0 8.0 9.0 4.0 3.0 7.0 1.0 4.0 6.0 7.0 5.0 3.0 5.0 3.0 9.0 9.0 10.0 7.0 1.0 5.0 3.0 6.0 9.0 2.0 4.0 6.0 6.0 8.0 7.0 8.0 8.0 1.0 4.0 1.0 0.0 2.0 5.0
54 5.0 7.0 1.0 1.0 6.0 10.0 10.0 3.0 3.0 5.0 3.0 7.0 9.0 4.0 1.0 9.0 3.0 9.0 8.0 10.0 1.0 7.0 6.0 5.0 9.0 8.0 8.0 10.0 8.0 4.0 5.0 10.0 9.0 7.0 3.0 3.0 9.0 1.0 5.0 2.0 10.0 6.0 4.0 9.0 3.0 3.0 8.0 1.0 10.0 6.0 3.0 7.0 2.0 0.0 10.0
55 7.0 8.0 5.0 8.0 4.0 6.0 3.0 7.0 3.0 4.0 3.0 4.0 1.0 3.0 10.0 4.0 4.0 5.0 3.0 2.0 10.0 6.0 4.0 5.0 2.0 8.0 3.0 4.0 3.0 3.0 6.0 6.0 5.0 7.0 3.0 6.0 1.0 9.0 3.0 9.0 2.0 7.0 9.0 10.0 4.0 1.0 7.0 6.0 1.0 4.0 8.0 1.0 5.0 10.0 0.0
