55
1 0.0 3.0 6.0 9.0 6.0 4.0 9.0 7.0 7.0 9.0 4.0 3.0 5.0 3.0 7.0 7.0 4.0 2.0 5.0 5.0 1.0 3.0 3.0 2.0 3.0 7.0 2.0 7.0 9.0 9.0 9.0 9.0 3.0 1.0 8.0 8.0 3.0 10.0 6.0 5.0 6.0 1.0 3.0 7.0 6.0 3.0 10.0 8.0 1.0 6.0 5.0 2.0 9.0 9.0 9.0
2 3.0 0.0 4.0 8.0 6.0 7.0 4.0 8.0 1.0 5.0 5.0 9.0 10.0 6.0 4.0 4.0 3.0 10.0 3.0 2.0 6.0 3.0 3.0 6.0 3.0 9.0 3.0 2.0 10.0 5.0 1.0 9.0 4.0 9.0 8.0 6.0 8.0 1.0 4.0 10.0 2.0 9.0 9.0 2.0 4.0 4.0 5.0 2.0 1.0 7.0 9.0 8.0 9.0 2.0 3.0
3 6.0 4.0 0.0 1.0 9.0 1.0 7.0 4.0 5.0 7.0 1.0 8.0 10.0 1.0 3.0 2.0 7.0 9.0 3.0 10.0 1.0 3.0 9.0 1.0 10.0 8.0 1.0 10.0 10.0 2.0 6.0 9.0 9.0 3.0 5.0 2.0 6.0 8.0 8.0 6.0 10.0 8.0 6.0 5.0 10.0 8.0 10.0 4.0 6.0 7.0 2.0 10.0 8.0 2.0 8.0
4 9.0 8.0 1.0 0.0 3.0 2.0 10.0 10.0 5.0 7.0 6.0 7.0 10.0 4.0 1.0 9.0 6.0 10.0 3.0 5.0 3.0 1.0 9.0 5.0 9.0 3.0 7.0 3.0 7.0 9.0 5.0 4.0 9.0 5.0 4.0 4.0 2.0 8.0 4.0 10.0 1.0 6.0 2.0 3.0 1.0 9.0 9.0 9.0 7.0 9.0 7.0 9.0 6.0 5.0 10.0
5 6.0 6.0 9.0 3.0 0.0 9.0 3.0 2.0 2.0 8.0 9.0 7.0 7.0 3.0 10.0 7.0 6.0 5.0 10.0 1.0 5.0 6.0 7.0 7.0 8.0 4.0 2.0 8.0 1.0 10.0 4.0 7.0 3.0 9.0 1.0 6.0 9.0 4.0 6.0 4.0 4.0 9.0 7.0 9.0 9.0 10.0 5.0 4.0 6.0 10.0 7.0 1.0 2.0 1.0 1.0
6 4.0 7.0 1.0 2.0 9.0 0.0 7.0 10.0 3.0 8.0 5.0 10.0 4.0 10.0 6.0 8.0 7.0 3.0 4.0 8.0 2.0 8.0 4.0 8.0 3.0 4.0 8.0 7.0 2.0 5.0 5.0 3.0 3.0 3.0 9.0 6.0 3.0 6.0 2.0 10.0 5.0 9.0 8.0 5.0 7.0 5.0 1.0 1.0 7.0 1.0 6.0 10.0 10.0 4.0 1.0
7 9.0 4.0 7.0 10.0 3.0 7.0 0.0 9.0 5.0 5.0 6.0 5.0 1.0 7.0 2.0 1.0 5.0 3.0 8.0 8.0 10.0 4.0 2.0 7.0 9.0 7.0 6.0 1.0 5.0 6.0 7.0 9.0 5.0 9.0 5.0 5.0 10.0 7.0 9.0 1.0 4.0 3.0 3.0 2.0 7.0 1.0 3.0 1.0 4.0 9.0 1.0 2.0 7.0 10.0 8.0
8 7.0 8.0 4.0 10.0 2.0 10.0 9.0 0.0 10.0 9.0 9.0 5.0 7.0 5.0 4.0 4.0 3.0 1.0 9.0 7.0 9.0 1.0 1.0 6.0 4.0 9.0 2.0 8.0 10.0 6.0 1.0 7.0 8.0 4.0 4.0 3.0 8.0 2.0 7.0 1.0 6.0 1.0 9.0 8.0 1.0 7.0 5.0 10.0 6.0 6.0 9.0 7.0 9.0 1.0 7.0
9 7.0 1.0 5.0 5.0 2.0 3.0 5.0 10.0 0.0 4.0 8.0 4.0 9.0 3.0 8.0 2.0 1.0 5.0 9.0 8.0 5.0 9.0 7.0 7.0 6.0 2.0 6.0 9.0 2.0 7.0 5.0 4.0 8.0 1.0 2.0 1.0 3.0 5.0 8.0 1.0 1.0 6.0 6.0 1.0 3.0 6.0 5.0 6.0 3.0 3.0 4.0 6.0 5.0 6.0 5.0
10 9.0 5.0 7.0 7.0 8.0 8.0 5.0 9.0 4.0 0.0 8.0 1.0 7.0 9.0 2.0 2.0 6.0 6.0 2.0 10.0 5.0 7.0 8.0 6.0 8.0 4.0 4.0 10.0 8.0 6.0 4.0 5.0 2.0 9.0 4.0 2.0 2.0 4.0 9.0 8.0 9.0 5.0 1.0 8.0 4.0 10.0 3.0 6.0 10.0 10.0 5.0 7.0 3.0 10.0 4.0
11 4.0 5.0 1.0 6.0 9.0 5.0 6.0 9.0 8.0 8.0 0.0 9.0 8.0 6.0 1.0 5.0 3.0 1.0 5.0 5.0 7.0 8.0 7.0 1.0 4.0 5.0 9.0 7.0 10.0 5.0 10.0 3.0 9.0 9.0 6.0 5.0 8.0 3.0 1.0 2.0 4.0 6.0 2.0 10.0 5.0 4.0 4.0 7.0 9.0 2.0 10.0 3.0 6.0 10.0 10.0
12 3.0 9.0 8.0 7.0 7.0 10.0 5.0 5.0 4.0 1.0 9.0 0.0 10.0 10.0 10.0 9.0 10.0 3.0 9.0 10.0 8.0 7.0 8.0 1.0 3.0 8.0 1.0 7.0 2.0 4.0 7.0 8.0 3.0 4.0 1.0 8.0 4.0 9.0 9.0 2.0 3.0 7.0 6.0 3.0 5.0 2.0 10.0 10.0 10.0 6.0 3.0 9.0 10.0 1.0 3.0
13 5.0 10.0 10.0 10.0 7.0 4.0 1.0 7.0 9.0 7.0 8.0 10.0 0.0 3.0 3.0 6.0 7.0 2.0 7.0 9.0 2.0 4.0 9.0 9.0 3.0 6.0 3.0 5.0 1.0 7.0 10.0 2.0 2.0 2.0 5.0 1.0 2.0 2.0 9.0 7.0 9.0 10.0 7.0 2.0 1.0 7.0 1.0 4.0 6.0 5.0 5.0 2.0 5.0 3.0 10.0
14 3.0 6.0 1.0 4.0 3.0 10.0 7.0 5.0 3.0 9.0 6.0 10.0 3.0 0.0 6.0 10.0 2.0 8.0 7.0 1.0 2.0 5.0 4.0 8.0 8.0 6.0 1.0 10.0 3.0 9.0 8.0 5.0 7.0 4.0 6.0 7.0 9.0 8.0 5.0 9.0 5.0 7.0 7.0 3.0 1.0 1.0 8.0 10.0 10.0 6.0 6.0 8.0 8.0 8.0 7.0
15 7.0 4.0 3.0 1.0 10.0 6.0 2.0 4.0 8.0 2.0 1.0 10.0 3.0 6.0 0.0 7.0 10.0 8.0 9.0 1.0 5.0 5.0 4.0 1.0 5.0 8.0 8.0 7.0 4.0 7.0 2.0 2.0 6.0 6.0 2.0 6.0 10.0 6.0 2.0 8.0 1.0 5.0 7.0 4.0 8.0 1.0 2.0 4.0 8.0 3.0 9.0 7.0 7.0 4.0 6.0
16 7.0 4.0 2.0 9.0 7.0 8.0 1.0 4.0 2.0 2.0 5.0 9.0 6.0 10.0 7.0 0.0 5.0 8.0 5.0 7.0 1.0 1.0 2.0 7.0 1.0 8.0 8.0 10.0 8.0 10.0 2.0 9.0 2.0 5.0 1.0 1.0 10.0 9.0 9.0 6.0 8.0 8.0 4.0 9.0 9.0 5.0 8.0 7.0 3.0 9.0 8.0 10.0 7.0 6.0 5.0
17 4.0 3.0 7.0 6.0 6.0 7.0 5.0 3.0 1.0 6.0 3.0 10.0 7.0 2.0 10.0 5.0 0.0 8.0 4.0 1.0 4.0 8.0 6.0 1.0 1.0 4.0 7.0 6.0 3.0 4.0 7.0 3.0 8.0 10.0 2.0 8.0 6.0 2.0 2.0 8.0 9.0 8.0 6.0 6.0 5.0 2.0 7.0 3.0 1.0 2.0 9.0 3.0 6.0 9.0 2.0
18 2.0 10.0 9.0 10.0 5.0 3.0 3.0 1.0 5.0 6.0 1.0 3.0 2.0 8.0 8.0 8.0 8.0 0.0 6.0 1.0 2.0 8.0 10.0 4.0 10.0 8.0 5.0 10.0 7.0 10.0 7.0 1.0 4.0 4.0 7.0 5.0 7.0 5.0 8.0 6.0 9.0 9.0 2.0 3.0 10.0 1.0 10.0 1.0 4.0 7.0 2.0 8.0 9.0 5.0 4.0
19 5.0 3.0 3.0 3.0 10.0 4.0 8.0 9.0 9.0 2.0 5.0 9.0 7.0 7.0 9.0 5.0 4.0 6.0 0.0 3.0 4.0 8.0 3.0 5.0 5.0 5.0 2.0 7.0 6.0 8.0 6.0 2.0 10.0 6.0 9.0 2.0 7.0 4.0 10.0 10.0 1.0 5.0 1.0 1.0 6.0 10.0 9.0 9.0 9.0 3.0 2.0 9.0 10.0 1.0 8.0
20 5.0 2.0 10.0 5.0 1.0 8.0 8.0 7.0 8.0 10.0 5.0 10.0 9.0 1.0 1.0 7.0 1.0 1.0 3.0 0.0 7.0 9.0 3.0 7.0 4.0 2.0 6.0 1.0 4.0 3.0 9.0 3.0 5.0 6.0 9.0 8.0 8.0 1.0 9.0 3.0 1.0 3.0 4.0 4.0 4.0 5.0 4.0 7.0 9.0 9.0 7.0 7.0 7.0 3.0 1.0
21 1.0 6.0 1.0 3.0 5.0 2.0 10.0 9.0 5.0 5.0 7.0 8.0 2.0 2.0 5.0 1.0 4.0 2.0 4.0 7.0 0.0 5.0 1.0 3.0 2.0 2.0 10.0 9.0 4.0 10.0 7.0 9.0 9.0 5.0 5.0 6.0 4.0 10.0 10.0 3.0 1.0 5.0 1.0 6.0 1.0 7.0 4.0 7.0 1.0 10.0 2.0 8.0 1.0 10.0 9.0
22 3.0 3.0 3.0 1.0 6.0 8.0 4.0 1.0 9.0 7.0 8.0 7.0 4.0 5.0 5.0 1.0 8.0 8.0 8.0 9.0 5.0 0.0 8.0 4.0 10.0 5.0 4.0 1.0 9.0 2.0 4.0 8.0 7.0 7.0 1.0 8.0 4.0 10.0 10.0 1.0 8.0 8.0 8.0 5.0 7.0 7.0 9.0 5.0 1.0 4.0 4.0 8.0 10.0 5.0 10.0
23 3.0 3.0 9.0 9.0 7.0 4.0 2.0 1.0 7.0 8.0 7.0 8.0 9.0 4.0 4.0 2.0 6.0 10.0 3.0 3.0 1.0 8.0 0.0 5.0 9.0 6.0 6.0 9.0 4.0 7.0 10.0 2.0 1.0 2.0 4.0 1.0 7.0 5.0 2.0 8.0 5.0 3.0 6.0 7.0 4.0 7.0 1.0 2.0 6.0 6.0 9.0 1.0 10.0 9.0 4.0
24 2.0 6.0 1.0 5.0 7.0 8.0 7.0 6.0 7.0 6.0 1.0 1.0 9.0 8.0 1.0 7.0 1.0 4.0 5.0 7.0 3.0 4.0 5.0 0.0 10.0 1.0 5.0 5.0 3.0 4.0 2.0 8.0 5.0 2.0 5.0 5.0 5.0 6.0 4.0 10.0 10.0 3.0 1.0 5.0 5.0 8.0 1.0 7.0 8.0 10.0 2.0 5.0 7.0 3.0 3.0
25 3.0 3.0 10.0 9.0 8.0 3.0 9.0 4.0 6.0 8.0 4.0 3.0 3.0 8.0 5.0 1.0 1.0 10.0 5.0 4.0 2.0 10.0 9.0 10.0 0.0 10.0 9.0 2.0 10.0 8.0 7.0 7.0 3.0 3.0 1.0 9.0 5.0 4.0 4.0 4.0 2.0 1.0 8.0 2.0 2.0 1.0 8.0 10.0 6.0 3.0 9.0 4.0 5.0 8.0 1.0
26 7.0 9.0 8.0 3.0 4.0 4.0 7.0 9.0 2.0 4.0 5.0 8.0 6.0 6.0 8.0 8.0 4.0 8.0 5.0 2.0 2.0 5.0 6.0 1.0 10.0 0.0 6.0 10.0 9.0 5.0 3.0 8.0 2.0 2.0 6.0 4.0 6.0 7.0 8.0 9.0 1.0 2.0 6.0 6.0 3.0 10.0 5.0 6.0 7.0 4.0 9.0 10.0 1.0 9.0 1.0
27 2.0 3.0 1.0 7.0 2.0 8.0 6.0 2.0 6.0 4.0 9.0 1.0 3.0 1.0 8.0 8.0 7.0 5.0 2.0 6.0 10.0 4.0 6.0 5.0 9.0 6.0 0.0 3.0 8.0 1.0 9.0 5.0 1.0 4.0 5.0 8.0 6.0 7.0 8.0 1.0 10.0 6.0 7.0 8.0 6.0 8.0 1.0 1.0 7.0 10.0 6.0 4.0 10.0 5.0 10.0
28 7.0 2.0 10.0 3.0 8.0 7.0 1.0 8.0 9.0 10.0 7.0 7.0 5.0 10.0 7.0 10.0 6.0 10.0 7.0 1.0 9.0 1.0 9.0 5.0 2.0 10.0 3.0 0.0 7.0 10.0 6.0 3.0 7.0 1.0 6.0 7.0 10.0 1.0 4.0 5.0 5.0 9.0 3.0 6.0 10.0 3.0 2.0 8.0 9.0 2.0 1.0 3.0 1.0 1.0 10.0
29 9.0 10.0 10.0 7.0 1.0 2.0 5.0 10.0 2.0 8.0 10.0 2.0 1.0 3.0 4.0 8.0 3.0 7.0 6.0 4.0 4.0 9.0 4.0 3.0 10.0 9.0 8.0 7.0 0.0 2.0 4.0 8.0 2.0 6.0 1.0 10.0 5.0 5.0 5.0 9.0 4.0 6.0 9.0 4.0 4.0 3.0 9.0 5.0 4.0 5.0 2.0 4.0 10.0 2.0 7.0
30 9.0 5.0 2.0 9.0 10.0 5.0 6.0 6.0 7.0 6.0 5.0 4.0 7.0 9.0 7.0 10.0 4.0 10.0 8.0 3.0 10.0 2.0 7.0 4.0 8.0 5.0 1.0 10.0 2.0 0.0 4.0 4.0 10.0 4.0 3.0 9.0 9.0 1.0 4.0 5.0 4.0 8.0 10.0 5.0 1.0 3.0 10.0 9.0 2.0 3.0 1.0 3.0 9.0 8.0 8.0
31 9.0 1.0 6.0 5.0 4.0 5.0 7.0 1.0 5.0 4.0 10.0 7.0 10.0 8.0 2.0 2.0 7.0 7.0 6.0 9.0 7.0 4.0 10.0 2.0 7.0 3.0 9.0 6.0 4.0 4.0 0.0 4.0 10.0 10.0 3.0 5.0 8.0 4.0 5.0 8.0 7.0 4.0 5.0 4.0 7.0 10.0 5.0 1.0 2.0 10.0 4.0 3.0 5.0 3.0 7.0
32 9.0 9.0 9.0 4.0 7.0 3.0 9.0 7.0 4.0 5.0 3.0 8.0 2.0 5.0 2.0 9.0 3.0 1.0 2.0 3.0 9.0 8.0 2.0 8.0 7.0 8.0 5.0 3.0 8.0 4.0 4.0 0.0 2.0 5.0 5.0 6.0 4.0 6.0 4.0 10.0 2.0 1.0 9.0 6.0 9.0 4.0 10.0 9.0 3.0 10.0 10.0 9.0 6.0 5.0 5.0
33 3.0 4.0 9.0 9.0 3.0 3.0 5.0 8.0 8.0 2.0 9.0 3.0 2.0 7.0 6.0 2.0 8.0 4.0 10.0 5.0 9.0 7.0 1.0 5.0 3.0 2.0 1.0 7.0 2.0 10.0 10.0 2.0 0.0 1.0 6.0 8.0 1.0 5.0 7.0 9.0 7.0 2.0 5.0 9.0 7.0 2.0 8.0 5.0 9.0 2.0 8.0 3.0 3.0 6.0 9.0
34 1.0 9.0 3.0 5.0 9.0 3.0 9.0 4.0 1.0 9.0 9.0 4.0 2.0 4.0 6.0 5.0 10.0 4.0 6.0 6.0 5.0 7.0 2.0 2.0 3.0 2.0 4.0 1.0 6.0 4.0 10.0 5.0 1.0 0.0 8.0 1.0 7.0 6.0 6.0 4.0 10.0 7.0 1.0 10.0 6.0 6.0 6.0 7.0 3.0 4.0 7.0 4.0 5.0 8.0 10.0
35 8.0 8.0 5.0 4.0 1.0 9.0 5.0 4.0 2.0 4.0 6.0 1.0 5.0 6.0 2.0 1.0 2.0 7.0 9.0 9.0 5.0 1.0 4.0 5.0 1.0 6.0 5.0 6.0 1.0 3.0 3.0 5.0 6.0 8.0 0.0 8.0 8.0 3.0 1.0 10.0 3.0 10.0 2.0 1.0 2.0 8.0 8.0 5.0 9.0 8.0 6.0 9.0 2.0 3.0 7.0
36 8.0 6.0 2.0 4.0 6.0 6.0 5.0 3.0 1.0 2.0 5.0 8.0 1.0 7.0 6.0 1.0 8.0 5.0 2.0 8.0 6.0 8.0 1.0 5.0 9.0 4.0 8.0 7.0 10.0 9.0 5.0 6.0 8.0 1.0 8.0 0.0 7.0 1.0 1.0 2.0 1.0 3.0 7.0 6.0 5.0 2.0 1.0 7.0 4.0 10.0 6.0 2.0 2.0 4.0 5.0
37 3.0 8.0 6.0 2.0 9.0 3.0 10.0 8.0 3.0 2.0 8.0 4.0 2.0 9.0 10.0 10.0 6.0 7.0 7.0 8.0 4.0 4.0 7.0 5.0 5.0 6.0 6.0 10.0 5.0 9.0 8.0 4.0 1.0 7.0 8.0 7.0 0.0 4.0 1.0 6.0 3.0 2.0 8.0 3.0 7.0 2.0 2.0 3.0 4.0 1.0 1.0 3.0 10.0 3.0 6.0
38 10.0 1.0 8.0 8.0 4.0 6.0 7.0 2.0 5.0 4.0 3.0 9.0 2.0 8.0 6.0 9.0 2.0 5.0 4.0 1.0 10.0 10.0 5.0 6.0 4.0 7.0 7.0 1.0 5.0 1.0 4.0 6.0 5.0 6.0 3.0 1.0 4.0 0.0 10.0 2.0 6.0 9.0 6.0 2.0 6.0 10.0 5.0 8.0 8.0 3.0 9.0 1.0 2.0 3.0 6.0
39 6.0 4.0 8.0 4.0 6.0 2.0 9.0 7.0 8.0 9.0 1.0 9.0 9.0 5.0 2.0 9.0 2.0 8.0 10.0 9.0 10.0 10.0 2.0 4.0 4.0 8.0 8.0 4.0 5.0 4.0 5.0 4.0 7.0 6.0 1.0 1.0 1.0 10.0 0.0 9.0 7.0 6.0 5.0 10.0 5.0 5.0 7.0 5.0 1.0 9.0 1.0 9.0 4.0 5.0 7.0
40 5.0 10.0 6.0 10.0 4.0 10.0 1.0 1.0 1.0 8.0 2.0 2.0 7.0 9.0 8.0 6.0 8.0 6.0 10.0 3.0 3.0 1.0 8.0 10.0 4.0 9.0 1.0 5.0 9.0 5.0 8.0 10.0 9.0 4.0 10.0 2.0 6.0 2.0 9.0 0.0 8.0 2.0 5.0 6.0 6.0 4.0 7.0 10.0 4.0 3.0 3.0 1.0 3.0 7.0 5.0
41 6.0 2.0 10.0 1.0 4.0 5.0 4.0 6.0 1.0 9.0 4.0 3.0 9.0 5.0 1.0 8.0 9.0 9.0 1.0 1.0 1.0 8.0 5.0 10.0 2.0 1.0 10.0 5.0 4.0 4.0 7.0 2.0 7.0 10.0 3.0 1.0 3.0 6.0 7.0 8.0 0.0 2.0 5.0 2.0 7.0 6.0 5.0 6.0 6.0 2.0 10.0 1.0 1.0 4.0 3.0
42 1.0 9.0 8.0 6.0 9.0 9.0 3.0 1.0 6.0 5.0 6.0 7.0 10.0 7.0 5.0 8.0 8.0 9.0 5.0 3.0 5.0 8.0 3.0 3.0 1.0 2.0 6.0 9.0 6.0 8.0 4.0 1.0 2.0 7.0 10.0 3.0 2.0 9.0 6.0 2.0 2.0 0.0 8.0 2.0 7.0 10.0 9.0 2.0 1.0 4.0 2.0 2.0 5.0 1.0 5.0
43 3.0 9.0 6.0 2.0 7.0 8.0 3.0 9.0 6.0 1.0 2.0 6.0 7.0 7.0 7.0 4.0 6.0 2.0 1.0 4.0 1.0 8.0 6.0 1.0 8.0 6.0 7.0 3.0 9.0 10.0 5.0 9.0 5.0 1.0 2.0 7.0 8.0 6.0 5.0 5.0 5.0 8.0 0.0 4.0 10.0 6.0 3.0 10.0 5.0 8.0 8.0 10.0 1.0 9.0 2.0
44 7.0 2.0 5.0 3.0 9.0 5.0 2.0 8.0 1.0 8.0 10.0 3.0 2.0 3.0 4.0 9.0 6.0 3.0 1.0 4.0 6.0 5.0 7.0 5.0 2.0 6.0 8.0 6.0 4.0 5.0 4.0 6.0 9.0 10.0 1.0 6.0 3.0 2.0 10.0 6.0 2.0 2.0 4.0 0.0 1.0 10.0 8.0 10.0 6.0 10.0 6.0 5.0 4.0 8.0 8.0
45 6.0 4.0 10.0 1.0 9.0 7.0 7.0 1.0 3.0 4.0 5.0 5.0 1.0 1.0 8.0 9.0 5.0 10.0 6.0 4.0 1.0 7.0 4.0 5.0 2.0 3.0 6.0 10.0 4.0 1.0 7.0 9.0 7.0 6.0 2.0 5.0 7.0 6.0 5.0 6.0 7.0 7.0 10.0 1.0 0.0 10.0 10.0 6.0 2.0 10.0 1.0 4.0 9.0 5.0 10.0
46 3.0 4.0 8.0 9.0 10.0 5.0 1.0 7.0 6.0 10.0 4.0 2.0 7.0 1.0 1.0 5.0 2.0 1.0 10.0 5.0 7.0 7.0 7.0 8.0 1.0 10.0 8.0 3.0 3.0 3.0 10.0 4.0 2.0 6.0 8.0 2.0 2.0 10.0 5.0 4.0 6.0 10.0 6.0 10.0 10.0 0.0 8.0 6.0 6.0 8.0 7.0 3.0 10.0 3.0 7.0
47 10.0 5.0 10.0 9.0 5.0 1.0 3.0 5.0 5.0 3.0 4.0 10.0 1.0 8.0 2.0 8.0 7.0 10.0 9.0 4.0 4.0 9.0 1.0 1.0 8.0 5.0 1.0 2.0 9.0 10.0 5.0 10.0 8.0 6.0 8.0 1.0 2.0 5.0 7.0 7.0 5.0 9.0 3.0 8.0 10.0 8.0 0.0 4.0 6.0 9.0 8.0 8.0 3.0 8.0 10.0
48 8.0 2.0 4.0 9.0 4.0 1.0 1.0 10.0 6.0 6.0 7.0 10.0 4.0 10.0 4.0 7.0 3.0 1.0 9.0 7.0 7.0 5.0 2.0 7.0 10.0 6.0 1.0 8.0 5.0 9.0 1.0 9.0 5.0 7.0 5.0 7.0 3.0 8.0 5.0 10.0 6.0 2.0 10.0 10.0 6.0 6.0 4.0 0.0 9.0 7.0 1.0 10.0 1.0 2.0 10.0
49 1.0 1.0 6.0 7.0 6.0 7.0 4.0 6.0 3.0 10.0 9.0 10.0 6.0 10.0 8.0 3.0 1.0 4.0 9.0 9.0 1.0 1.0 6.0 8.0 6.0 7.0 7.0 9.0 4.0 2.0 2.0 3.0 9.0 3.0 9.0 4.0 4.0 8.0 1.0 4.0 6.0 1.0 5.0 6.0 2.0 6.0 6.0 9.0 0.0 4.0 8.0 7.0 8.0 6.0 6.0
50 6.0 7.0 7.0 9.0 10.0 1.0 9.0 6.0 3.0 10.0 2.0 6.0 5.0 6.0 3.0 9.0 2.0 7.0 3.0 9.0 10.0 4.0 6.0 10.0 3.0 4.0 10.0 2.0 5.0 3.0 10.0 10.0 2.0 4.0 8.0 10.0 1.0 3.0 9.0 3.0 2.0 4.0 8.0 10.0 10.0 8.0 9.0 7.0 4.0 0.0 2.0 6.0 6.0 10.0 8.0
51 5.0 9.0 2.0 7.0 7.0 6.0 1.0 9.0 4.0 5.0 10.0 3.0 5.0 6.0 9.0 8.0 9.0 2.0 2.0 7.0 2.0 4.0 9.0 2.0 9.0 9.0 6.0 1.0 2.0 1.0 4.0 10.0 8.0 7.0 6.0 6.0 1.0 9.0 1.0 3.0 10.0 2.0 8.0 6.0 1.0 7.0 8.0 1.0 8.0 2.0 0.0 8.0 2.0 10.0 6.0
52 2.0 8.0 10.0 9.0 1.0 10.0 2.0 7.0 6.0 7.0 3.0 9.0 2.0 8.0 7.0 10.0 3.0 8.0 9.0 7.0 8.0 8.0 1.0 5.0 4.0 10.0 4.0 3.0 4.0 3.0 3.0 9.0 3.0 4.0 9.0 2.0 3.0 1.0 9.0 1.0 1.0 2.0 10.0 5.0 4.0 3.0 8.0 10.0 7.0 6.0 8.0 0.0 5.0 3.0 7.0
53 9.0 9.0 8.0 6.0 2.0 10.0 7.0 9.0 5.0 3.0 6.0 10.0 5.0 8.0 7.0 7.0 6.0 9.0 10.0 7.0 1.0 10.0 10.0 7.0 5.0 1.0 10.0 1.0 10.0 9.0 5.0 6.0 3.0 5.0 2.0 2.0 10.0 2.0 4.0 3.0 1.0 5.0 1.0 4.0 9.0 10.0 3.0 1.0 8.0 6.0 2.0 5.0 0.0 9.0 3.0
54 9.0 2.0 2.0 5.0 1.0 4.0 10.0 1.0 6.0 10.0 10.0 1.0 3.0 8.0 4.0 6.0 9.0 5.0 1.0 3.0 10.0 5.0 9.0 3.0 8.0 9.0 5.0 1.0 2.0 8.0 3.0 5.0 6.0 8.0 3.0 4.0 3.0 3.0 5.0 7.0 4.0 1.0 9.0 8.0 5.0 3.0 8.0 2.0 6.0 10.0 10.0 3.0 9.0 0.0 10.0
55 9.0 3.0 8.0 10.0 1.0 1.0 8.0 7.0 5.0 4.0 10.0 3.0 10.0 7.0 6.0 5.0 2.0 4.0 8.0 1.0 9.0 10.0 4.0 3.0 1.0 1.0 10.0 10.0 7.0 8.0 7.0 5.0 9.0 10.0 7.0 5.0 6.0 6.0 7.0 5.0 3.0 5.0 2.0 8.0 10.0 7.0 10.0 10.0 6.0 8.0 6.0 7.0 3.0 10.0 0.0
