50
1 0.0 0.0283059369 0.0201565653 0.0194203222 0.0253136841 0.0288924786 0.0181435962 0.020310691 0.016850035 0.0208357541 0.0117567821 0.011222067 0.0093968887 0.0117892768 0.0228804075 0.0122348148 0.0182721137 0.0306200171 0.0298973425 0.0303469851 0.0205265415 0.0162824432 0.0060440558 0.0132553321 0.0205867787 0.0245915147 0.0267519167 0.0252957462 0.0305597406 0.0171034693 0.0163265688 0.0176198522 0.0155292786 0.0255121246 0.0210405852 0.0207830682 0.0306566929 0.0271289548 0.0299673817 0.0204146659 0.012938194 0.0201361714 0.0239012361 0.0258887902 0.0114270301 0.0260720779 0.0150392968 0.0113974871 0.0209120753 0.0196651702
2 0.0283059369 0.0 0.0291954025 0.0217078703 0.032481061 0.0144232783 0.0173659053 0.0169125555 0.0135407181 0.0309222849 0.0124501782 0.0262149762 0.0160093205 0.0098743306 0.0116374296 0.0116085736 0.0208711704 0.0219163759 0.0133366003 0.0262570161 0.0163187704 0.0191772283 0.0260391061 0.028697273 0.0227789516 0.0147453723 0.0348742644 0.003750174 0.0243654549 0.0357547171 0.0255791968 0.0185972306 0.0348910916 0.0283883287 0.0108338314 0.0264135966 0.0104440652 0.0221914636 0.0302277877 0.0092963373 0.0292062081 0.0212318884 0.019946884 0.0111518521 0.0148710095 0.0156348347 0.0124413312 0.0209108234 0.0251703465 0.0110395965
3 0.0201565653 0.0291954025 0.0 0.0142006427 0.014110061 0.0231052047 0.0188474786 0.0157821536 0.0136000486 0.0190031333 0.0129073336 0.0170095587 0.0222220116 0.0176463078 0.0245905797 0.0333995511 0.0070890422 0.0099319936 0.0313611276 0.019752755 0.0209780545 0.0335680629 0.0292346964 0.0238558775 0.0225673292 0.0207673777 0.0158658587 0.0089795144 0.02330509 0.0247074557 0.0454932099 0.0084253139 0.0287115896 0.0216011225 0.0242201934 0.0139411187 0.0325498971 0.0214740278 0.0158734676 0.0203586151 0.0200457011 0.0031060971 0.0156626878 0.0193335493 0.0325759105 0.0137179865 0.0124615209 0.014804681 0.0125767997 0.0353262421
4 0.0194203222 0.0217078703 0.0142006427 0.0 0.0348446976 0.0298143596 0.0288080609 0.0016287445 0.0221395099 0.0112213124 0.017598896 0.0078905576 0.009844483 0.0138914369 0.0207445455 0.0074654319 0.0100498473 0.0203498931 0.0144561552 0.0154920363 0.0275148806 0.0182362611 0.0230993628 0.0347300577 0.0351270978 0.0271400847 0.0198913437 0.0261203171 0.0179886565 0.0201967963 0.0200439221 0.0155326366 0.0204471041 0.0272394519 0.024425459 0.0267472266 0.0288288144 0.0118496092 0.0330836223 0.0382353859 0.0155062587 0.0196626341 0.0087324969 0.0224899036 0.0171355738 0.0199511142 0.0144649135 0.0320336504 0.0162148857 0.0157616756
5 0.0253136841 0.032481061 0.014110061 0.0348446976 0.0 0.0309616286 0.0278201662 0.0074471506 0.0207725237 0.0051023362 0.0116326312 0.0217737885 0.0072313195 0.0285285033 0.0182173341 0.0228256731 0.0371937356 0.0270851789 0.0145421649 0.0208873864 0.0166045335 0.019288439 0.0119112868 0.0299028478 0.0213777003 0.0354434666 0.0202234045 0.025155274 0.0132219318 0.0282636847 0.0305521556 0.0315183093 0.0044947008 0.0046295794 0.0169352034 0.0235714421 0.020684999 0.009457376 0.0123082811 0.0137824881 0.0272262656 0.0244605069 0.0237505454 0.0129490651 0.0219607539 0.0206472147 0.0185973981 0.0261170126 0.0119673945 0.0142257147
6 0.0288924786 0.0144232783 0.0231052047 0.0298143596 0.0309616286 0.0 0.0244660245 0.0225650423 0.0323490296 0.0181023631 0.0271618677 0.0120865726 0.0228260007 0.0259557892 0.0230635309 0.0405494688 0.025117139 0.0069714097 0.0206672682 0.0339533253 0.0171096136 0.0055293195 0.022259403 0.0114923205 0.0158483957 0.0071720467 0.0167564604 0.0187810444 0.0128152604 0.0046161442 0.0125128093 0.0231125569 0.0317753717 0.0305102321 0.0117562432 0.0171525453 0.0013990243 0.0027657737 0.0367182862 0.0045412607 0.0117483414 0.0206961199 0.0241567219 0.032216166 0.0232933574 0.0221769006 0.0211165027 0.0353029101 0.0174724076 0.0241646793
7 0.0181435962 0.0173659053 0.0188474786 0.0288080609 0.0278201662 0.0244660245 0.0 0.031128791 0.0215448506 0.0188450611 0.02445462 0.0121547448 0.0240220459 0.0122397605 0.0294136812 0.0306927823 0.0221687267 0.0257741634 0.0225639637 0.0163714628 0.018396542 0.0130316667 0.0245974676 0.0283424184 0.0317103107 0.0189327284 0.0089352673 0.0106865916 0.0344702167 0.00569161 0.019630489 0.0253796688 0.0243921919 0.0199157716 0.0179426419 0.0294738433 0.003306767 0.0142185064 0.011605344 0.0223845318 0.0112689169 0.0250856151 0.0096248474 0.0132348997 0.0234992685 0.0242989688 0.024234622 0.0212491253 0.0228693733 0.0147639024
8 0.020310691 0.0169125555 0.0157821536 0.0016287445 0.0074471506 0.0225650423 0.031128791 0.0 0.0238612856 0.0098329398 0.0237519394 0.0185074966 0.0302724717 0.0070684734 0.0320785768 0.0262674079 0.0069600747 0.014781693 0.0351212522 0.0155735216 0.0125836723 0.0251437413 0.0254156013 0.0257126813 0.0112817796 0.0198833024 0.0189082864 0.0173355949 0.0304771678 0.0419462752 0.0195302902 0.025212694 0.0255127762 0.0354936811 0.0288175044 0.0133969565 0.0165563012 0.0252600156 0.0120228555 0.0387544988 0.019789469 0.0273496084 0.0229589312 0.0076762663 0.027472084 0.0015491685 0.0078355283 0.0207760992 0.0124902603 0.0230046475
9 0.016850035 0.0135407181 0.0136000486 0.0221395099 0.0207725237 0.0323490296 0.0215448506 0.0238612856 0.0 0.0048322835 0.0222729314 0.024304458 0.0143836345 0.0161238812 0.0112744662 0.0108005918 0.0204716235 0.0156445954 0.0270439144 0.0243763765 0.0228250778 0.0295660047 0.0186638952 0.0030855831 0.0227543154 0.0162251032 0.0268002002 0.0194745917 0.0107360116 0.0067862006 0.036474914 0.029686336 0.0198480047 0.0089293044 0.0181805839 0.0168996551 0.0408806974 0.0259099225 0.0319554363 0.0308281999 0.0287112145 0.0158735496 0.0238666149 0.0086260944 0.0322112527 0.0177848042 0.0230612591 0.0168649989 0.0225113874 0.0177920288
10 0.0208357541 0.0309222849 0.0190031333 0.0112213124 0.0051023362 0.0181023631 0.0188450611 0.0098329398 0.0048322835 0.0 0.0286468723 0.0187133685 0.0341147277 0.0085331353 0.0164517338 0.0090236262 0.0229322446 0.0186430208 0.0219112155 0.0169408003 0.006990297 0.0219931469 0.0392046435 0.0076676789 0.0325481876 0.022769437 0.0294039495 0.0234624467 0.0202496477 0.0208990872 0.0087274623 0.024102592 0.0253952546 0.0359246907 0.023399897 0.0233485625 0.0375491264 0.0184974253 0.0322662686 0.0208188653 0.0128558609 0.0316038556 0.0250827502 0.0107762384 0.0204748844 0.0053690876 0.0297206319 0.0157324003 0.0221994003 0.0163580104
11 0.0117567821 0.0124501782 0.0129073336 0.017598896 0.0116326312 0.0271618677 0.02445462 0.0237519394 0.0222729314 0.0286468723 0.0 0.0164581029 0.0121951684 0.0316164786 0.0042152625 0.0148714104 0.014687394 0.0089049822 0.0355178979 0.0181968738 0.0093749558 0.022417155 0.0243713595 0.0185850724 0.0183840989 0.0251902302 0.0191324884 0.0261657633 0.0239257092 0.0127895641 0.0164333357 0.0266939457 0.0130439199 0.0347973313 0.0410403281 0.0219589505 0.0271832656 0.0157266356 0.0319120392 0.0321638977 0.0232914163 0.0240851963 0.0155817953 0.026063827 0.0119993874 0.0212334869 0.0207718907 0.0298474909 0.0051311423 0.0114066983
12 0.011222067 0.0262149762 0.0170095587 0.0078905576 0.0217737885 0.0120865726 0.0121547448 0.0185074966 0.024304458 0.0187133685 0.0164581029 0.0 0.0108906197 0.0181820136 0.0213592789 0.0201034924 0.0259914778 0.0257316372 0.0200068518 0.0061978687 0.0268478938 0.0199556441 0.0237679166 0.0224584389 0.0195526877 0.0239012556 0.0181910701 0.0223168011 0.029788216 0.0202293307 0.0105784132 0.0269147299 0.0282883842 0.0327918019 0.018676662 0.0207166687 0.0241286203 0.0295679039 0.0021360699 0.0295213658 0.0142832581 0.0226580308 0.0029285496 0.0277129263 0.0254136461 0.029703336 0.0290910147 0.0194212991 0.0226364227 0.0210227107
13 0.0093968887 0.0160093205 0.0222220116 0.009844483 0.0072313195 0.0228260007 0.0240220459 0.0302724717 0.0143836345 0.0341147277 0.0121951684 0.0108906197 0.0 0.0104216155 0.0168833823 0.0338267434 0.0302261173 0.0099843293 0.0333900421 0.0321628875 0.0147159596 0.0116102649 0.0206618153 0.0246464784 0.0202122279 0.0227300328 0.0030893264 0.0208129038 0.0274239595 0.0173593775 0.0168389432 0.0194700458 0.0334164865 0.0128249204 0.0383043233 0.0062693653 0.0241018046 0.0197550814 0.0336550285 0.0198035046 0.0198769243 0.0199755046 0.0173407455 0.0124580557 0.031613937 0.023119036 0.0350135828 0.0113876697 0.0199510523 0.0212578327
14 0.0117892768 0.0098743306 0.0176463078 0.0138914369 0.0285285033 0.0259557892 0.0122397605 0.0070684734 0.0161238812 0.0085331353 0.0316164786 0.0181820136 0.0104216155 0.0 0.0165160182 0.020487825 0.0065605819 0.0311736517 0.0134825219 0.0228269628 0.0265565175 0.0194948407 0.0234318511 0.0299627098 0.0141528714 0.037074703 0.0320575175 0.030524131 0.026945391 0.0198651917 0.0308868568 0.0247343971 0.0178488004 0.0195721579 0.0215647169 0.029291567 0.0173768274 0.0205639688 0.0365842592 0.0204579941 0.0265069228 0.0048727343 0.0185710878 0.0284180517 0.0157667101 0.0071801289 0.0031818349 0.0179534483 0.0317192016 0.0239640451
15 0.0228804075 0.0116374296 0.0245905797 0.0207445455 0.0182173341 0.0230635309 0.0294136812 0.0320785768 0.0112744662 0.0164517338 0.0042152625 0.0213592789 0.0168833823 0.0165160182 0.0 0.0339269551 0.008627724 0.0248651009 0.0257460873 0.0194239196 0.03251357 0.0254022937 0.0184652167 0.0197197603 0.0115167012 0.020464723 0.0272765339 0.0231242784 0.0131677043 0.0213630591 0.0178462172 0.0178839613 0.0209086268 0.0351126103 0.012528705 0.0123906025 0.0136098918 0.0315465387 0.0090326588 0.025236311 0.0230969858 0.0211617382 0.0069773723 0.0090883125 0.0201840972 0.0220432696 0.020727242 0.0196828889 0.0339718186 0.0320402966
16 0.0122348148 0.0116085736 0.0333995511 0.0074654319 0.0228256731 0.0405494688 0.0306927823 0.0262674079 0.0108005918 0.0090236262 0.0148714104 0.0201034924 0.0338267434 0.020487825 0.0339269551 0.0 0.0378575844 0.0169603219 0.0038188241 0.0375968058 0.0242099703 0.0312969223 0.0188165387 0.0197372642 0.014871388 0.0087954677 0.0119311967 0.0263378398 0.0220465235 0.0126927934 0.013355551 0.0119779898 0.024840212 0.0102898934 0.0360489652 0.0241335803 0.006925677 0.0353850499 0.004135697 0.0144394178 0.0070961696 0.0101174604 0.0025478131 0.0370766171 0.0345849686 0.032490278 0.0170893223 0.0155655939 0.0181384417 0.0287075129
17 0.0182721137 0.0208711704 0.0070890422 0.0100498473 0.0371937356 0.025117139 0.0221687267 0.0069600747 0.0204716235 0.0229322446 0.014687394 0.0259914778 0.0302261173 0.0065605819 0.008627724 0.0378575844 0.0 0.025174312 0.0339997382 0.0137303951 0.0095137041 0.0325088589 0.0174920598 0.0168709946 0.0247049261 0.0224509854 0.013300216 0.0396262902 0.0284765268 0.0076475994 0.0070666468 0.0118048071 0.0104697868 0.033043848 0.0183719673 0.0194737794 0.0217792432 0.0389909872 0.0359636134 0.0362491817 0.0155261081 0.0098675874 0.0159824168 0.0185161733 0.0278857292 0.0270894446 0.0137422424 0.0071946125 0.0260567829 0.0043518383
18 0.0306200171 0.0219163759 0.0099319936 0.0203498931 0.0270851789 0.0069714097 0.0257741634 0.014781693 0.0156445954 0.0186430208 0.0089049822 0.0257316372 0.0099843293 0.0311736517 0.0248651009 0.0169603219 0.025174312 0.0 0.0287030253 0.0200943303 0.0344913705 0.0097014509 0.0158188295 0.0149444941 0.0231278064 0.0262787235 0.0110264095 0.0309159308 0.0116439828 0.018280056 0.0184575444 0.0205758294 0.0264579133 0.0102077715 0.008667363 0.0303048476 0.0125289436 0.0098866264 0.0223527162 0.026475446 0.0208173318 0.0236411288 0.0226440582 0.0195229594 0.0146488964 0.0318815009 0.0095026757 0.0321036698 0.021351467 0.0384322248
19 0.0298973425 0.0133366003 0.0313611276 0.0144561552 0.0145421649 0.0206672682 0.0225639637 0.0351212522 0.0270439144 0.0219112155 0.0355178979 0.0200068518 0.0333900421 0.0134825219 0.0257460873 0.0038188241 0.0339997382 0.0287030253 0.0 0.015052357 0.0214174623 0.0226442801 0.0289552341 0.0104777666 0.0183009495 0.0187668349 0.0291481496 0.0039089274 0.0296787379 0.0158528363 0.0300646237 0.001508981 0.0284744168 0.0109947691 0.0264116264 0.009889989 0.010189148 0.02028415 0.0160170556 0.0100662105 0.0200166748 0.0090806014 0.0191813556 0.0183946412 0.0181221173 0.0244379607 0.0110721919 0.0375947578 0.0276099601 0.0108192406
20 0.0303469851 0.0262570161 0.019752755 0.0154920363 0.0208873864 0.0339533253 0.0163714628 0.0155735216 0.0243763765 0.0169408003 0.0181968738 0.0061978687 0.0321628875 0.0228269628 0.0194239196 0.0375968058 0.0137303951 0.0200943303 0.015052357 0.0 0.0044628639 0.0212015649 0.0136765544 0.0296616258 0.0246347254 0.0101405247 0.0075459881 0.0249749164 0.0152006769 0.0256693064 0.0352135301 0.01495623 0.0245897585 0.026658672 0.0172509732 0.0185356525 0.0148745359 0.0104738995 0.0118520408 0.0284590441 0.0080628338 0.0357360351 0.0327211726 0.0222506153 0.01499978 0.0283162097 0.0179874339 0.0289515405 0.0086770209 0.0170302087
21 0.0205265415 0.0163187704 0.0209780545 0.0275148806 0.0166045335 0.0171096136 0.018396542 0.0125836723 0.0228250778 0.006990297 0.0093749558 0.0268478938 0.0147159596 0.0265565175 0.03251357 0.0242099703 0.0095137041 0.0344913705 0.0214174623 0.0044628639 0.0 0.0139237714 0.0172160665 0.0220575754 0.0207832833 0.0244159772 0.0276869643 0.031028276 0.0205656149 0.0259829291 0.0204747032 0.0234369707 0.0003340304 0.0278106699 0.0170096175 0.0123919561 0.0241445336 0.0179276735 0.010342503 0.0250942628 0.0249720141 0.02867699 0.0177039425 0.021157593 0.0178639079 0.0113856652 0.0265359637 0.0384173643 0.0324449719 0.0142619573
22 0.0162824432 0.0191772283 0.0335680629 0.0182362611 0.019288439 0.0055293195 0.0130316667 0.0251437413 0.0295660047 0.0219931469 0.022417155 0.0199556441 0.0116102649 0.0194948407 0.0254022937 0.0312969223 0.0325088589 0.0097014509 0.0226442801 0.0212015649 0.0139237714 0.0 0.013181013 0.009447141 0.0274021533 0.0147938943 0.0152454553 0.0226187506 0.0150946296 0.0167503799 0.0289159 0.0198895634 0.0132838059 0.0294620339 0.0055967391 0.0191294449 0.0176325232 0.0233347012 0.0142964038 0.0143230538 0.0322976143 0.0222085991 0.0300214284 0.0105708763 0.0275027487 0.028324521 0.0309281107 0.012324835 0.0236794689 0.0297708514
23 0.0060440558 0.0260391061 0.0292346964 0.0230993628 0.0119112868 0.022259403 0.0245974676 0.0254156013 0.0186638952 0.0392046435 0.0243713595 0.0237679166 0.0206618153 0.0234318511 0.0184652167 0.0188165387 0.0174920598 0.0158188295 0.0289552341 0.0136765544 0.0172160665 0.013181013 0.0 0.0254093105 0.0178473171 0.0116727527 0.0218039238 0.0254391523 0.0181244133 0.028820312 0.0138650743 0.01131005 0.0310445638 0.0142822932 0.0098883049 0.0188587431 0.0225870315 0.0262100895 0.0226616597 0.0140550943 0.0059234188 0.0184500201 0.0208814396 0.0380492734 0.0112068525 0.0132025263 0.0336137982 0.0157217823 0.0315149042 0.0152319251
24 0.0132553321 0.028697273 0.0238558775 0.0347300577 0.0299028478 0.0114923205 0.0283424184 0.0257126813 0.0030855831 0.0076676789 0.0185850724 0.0224584389 0.0246464784 0.0299627098 0.0197197603 0.0197372642 0.0168709946 0.0149444941 0.0104777666 0.0296616258 0.0220575754 0.009447141 0.0254093105 0.0 0.0172596796 0.0216095394 0.0218423279 0.0179777338 0.02226975 0.0278513895 0.0206521917 0.0285009863 0.0106088227 0.0124556507 0.0127031079 0.0319835058 0.0183718345 0.0180037866 0.0028969528 0.0148469257 0.0322562288 0.0223418564 0.0117533636 0.0130228487 0.0211237623 0.0148124439 0.0264123286 0.0219409716 0.0375671129 0.0282141959
25 0.0205867787 0.0227789516 0.0225673292 0.0351270978 0.0213777003 0.0158483957 0.0317103107 0.0112817796 0.0227543154 0.0325481876 0.0183840989 0.0195526877 0.0202122279 0.0141528714 0.0115167012 0.014871388 0.0247049261 0.0231278064 0.0183009495 0.0246347254 0.0207832833 0.0274021533 0.0178473171 0.0172596796 0.0 0.0238286526 0.023365882 0.0186878499 0.0190753136 0.0057084803 0.0182771423 0.0256999124 0.0136613305 0.0249399728 0.0219547801 0.0123264172 0.0087053595 0.0128311374 0.0179793483 0.0203049264 0.0110336001 0.0152066542 0.021560325 0.0311812671 0.0303252291 0.0245234437 0.0096996498 0.0270251539 0.0322253878 0.0205411214
26 0.0245915147 0.0147453723 0.0207673777 0.0271400847 0.0354434666 0.0071720467 0.0189327284 0.0198833024 0.0162251032 0.022769437 0.0251902302 0.0239012556 0.0227300328 0.037074703 0.020464723 0.0087954677 0.0224509854 0.0262787235 0.0187668349 0.0101405247 0.0244159772 0.0147938943 0.0116727527 0.0216095394 0.0238286526 0.0 0.0101854017 0.0160415133 0.0046706995 0.0173067575 0.0264078135 0.0186264889 0.018696288 0.0234141783 0.0264197359 0.0303994052 0.0192525522 0.0077651461 0.0251842621 0.0217554023 0.0287038275 0.0238878195 0.0036639572 0.0220321372 0.0196384313 0.0192726188 0.0117918038 0.0358976994 0.0173685551 0.0318327749
27 0.0267519167 0.0348742644 0.0158658587 0.0198913437 0.0202234045 0.0167564604 0.0089352673 0.0189082864 0.0268002002 0.0294039495 0.0191324884 0.0181910701 0.0030893264 0.0320575175 0.0272765339 0.0119311967 0.013300216 0.0110264095 0.0291481496 0.0075459881 0.0276869643 0.0152454553 0.0218039238 0.0218423279 0.023365882 0.0101854017 0.0 0.0144190898 0.0258308703 0.0282738819 0.0118569592 0.0200308898 0.0233616514 0.0176915929 0.0286677352 0.0260649067 0.0313289961 0.0176072331 0.02194128 0.0196664894 0.018106628 0.0312552532 0.0228490606 0.0270090844 0.0289866021 0.0239148395 0.015380106 0.0059895615 0.0183769795 0.0101505059
28 0.0252957462 0.003750174 0.0089795144 0.0261203171 0.025155274 0.0187810444 0.0106865916 0.0173355949 0.0194745917 0.0234624467 0.0261657633 0.0223168011 0.0208129038 0.030524131 0.0231242784 0.0263378398 0.0396262902 0.0309159308 0.0039089274 0.0249749164 0.031028276 0.0226187506 0.0254391523 0.0179777338 0.0186878499 0.0160415133 0.0144190898 0.0 0.0267502583 0.0099597765 0.0226220045 0.020138223 0.0357653388 0.0080679898 0.0083803722 0.0355840184 0.0117748975 0.0164586543 0.0342375037 0.0224456101 0.016829959 0.0157829022 0.0153744811 0.0181018057 0.0129521322 0.0279005398 0.0190834573 0.0180631041 0.0154237395 0.0143417891
29 0.0305597406 0.0243654549 0.02330509 0.0179886565 0.0132219318 0.0128152604 0.0344702167 0.0304771678 0.0107360116 0.0202496477 0.0239257092 0.029788216 0.0274239595 0.026945391 0.0131677043 0.0220465235 0.0284765268 0.0116439828 0.0296787379 0.0152006769 0.0205656149 0.0150946296 0.0181244133 0.02226975 0.0190753136 0.0046706995 0.0258308703 0.0267502583 0.0 0.0246086238 0.0374283524 0.0256422608 0.019627886 0.022775026 0.026130012 0.0157983058 0.0172351115 0.0089825158 0.0095347977 0.0047824252 0.0199155345 0.0206707041 0.0381449363 0.0124525477 0.0149646936 0.026576884 0.0178895089 0.0230510369 0.0021310478 0.0127896338
30 0.0171034693 0.0357547171 0.0247074557 0.0201967963 0.0282636847 0.0046161442 0.00569161 0.0419462752 0.0067862006 0.0208990872 0.0127895641 0.0202293307 0.0173593775 0.0198651917 0.0213630591 0.0126927934 0.0076475994 0.018280056 0.0158528363 0.0256693064 0.0259829291 0.0167503799 0.028820312 0.0278513895 0.0057084803 0.0173067575 0.0282738819 0.0099597765 0.0246086238 0.0 0.0155473809 0.0169274345 0.0156322722 0.0098563942 0.0301840352 0.0304730687 0.0241715883 0.038433395 0.0246338591 0.0176568707 0.0181396365 0.0240486779 0.024951721 0.03308366 0.0174437898 0.0144004865 0.0278602706 0.0149162562 0.0095876639 0.0290744537
31 0.0163265688 0.0255791968 0.0454932099 0.0200439221 0.0305521556 0.0125128093 0.019630489 0.0195302902 0.036474914 0.0087274623 0.0164333357 0.0105784132 0.0168389432 0.0308868568 0.0178462172 0.013355551 0.0070666468 0.0184575444 0.0300646237 0.0352135301 0.0204747032 0.0289159 0.0138650743 0.0206521917 0.0182771423 0.0264078135 0.0118569592 0.0226220045 0.0374283524 0.0155473809 0.0 0.0259957208 0.0119866673 0.0282169758 0.0081182511 0.014962839 0.0244639598 0.0146011534 0.0189039607 0.0032403842 0.0326179498 0.0200209737 0.0141924706 0.0244675976 0.0276294769 0.0338303386 0.0108336286 0.0119235448 0.006580506 0.0197533989
32 0.0176198522 0.0185972306 0.0084253139 0.0155326366 0.0315183093 0.0231125569 0.0253796688 0.025212694 0.029686336 0.024102592 0.0266939457 0.0269147299 0.0194700458 0.0247343971 0.0178839613 0.0119779898 0.0118048071 0.0205758294 0.001508981 0.01495623 0.0234369707 0.0198895634 0.01131005 0.0285009863 0.0256999124 0.0186264889 0.0200308898 0.020138223 0.0256422608 0.0169274345 0.0259957208 0.0 0.0320524299 0.0037744475 0.0183916658 0.0259686333 0.0332632659 0.02966923 0.0158502584 0.0087610991 0.0150110925 0.0290707792 0.0164376655 0.0192551226 0.0101177451 0.0294706941 0.0209345886 0.0224005735 0.0105348272 0.0271292736
33 0.0155292786 0.0348910916 0.0287115896 0.0204471041 0.0044947008 0.0317753717 0.0243921919 0.0255127762 0.0198480047 0.0253952546 0.0130439199 0.0282883842 0.0334164865 0.0178488004 0.0209086268 0.024840212 0.0104697868 0.0264579133 0.0284744168 0.0245897585 0.0003340304 0.0132838059 0.0310445638 0.0106088227 0.0136613305 0.018696288 0.0233616514 0.0357653388 0.019627886 0.0156322722 0.0119866673 0.0320524299 0.0 0.0170699823 0.0229556189 0.0203034565 0.0292157921 0.011398587 0.0105486973 0.0165343485 0.023955756 0.0038467934 0.0290876286 0.0222716582 0.0189191853 0.0168830802 0.030488989 0.0208373023 0.011745201 0.0085471677
34 0.0255121246 0.0283883287 0.0216011225 0.0272394519 0.0046295794 0.0305102321 0.0199157716 0.0354936811 0.0089293044 0.0359246907 0.0347973313 0.0327918019 0.0128249204 0.0195721579 0.0351126103 0.0102898934 0.033043848 0.0102077715 0.0109947691 0.026658672 0.0278106699 0.0294620339 0.0142822932 0.0124556507 0.0249399728 0.0234141783 0.0176915929 0.0080679898 0.022775026 0.0098563942 0.0282169758 0.0037744475 0.0170699823 0.0 0.0266294632 0.0215620144 0.0053230861 0.0248569478 0.0163917318 0.016591195 0.027606132 0.0103495553 0.0213816541 0.0355229975 0.0211776965 0.0191338676 0.0090379161 0.0012447047 0.0236433784 0.0152923894
35 0.0210405852 0.0108338314 0.0242201934 0.024425459 0.0169352034 0.0117562432 0.0179426419 0.0288175044 0.0181805839 0.023399897 0.0410403281 0.018676662 0.0383043233 0.0215647169 0.012528705 0.0360489652 0.0183719673 0.008667363 0.0264116264 0.0172509732 0.0170096175 0.0055967391 0.0098883049 0.0127031079 0.0219547801 0.0264197359 0.0286677352 0.0083803722 0.026130012 0.0301840352 0.0081182511 0.0183916658 0.0229556189 0.0266294632 0.0 0.0193833863 0.0268829881 0.0132086865 0.006360377 0.0134471954 0.0259454824 0.0292982946 0.0196208783 0.0097012816 0.0212605703 0.0110361853 0.0230739468 0.0226821474 0.0288834853 0.0297678827
36 0.0207830682 0.0264135966 0.0139411187 0.0267472266 0.0235714421 0.0171525453 0.0294738433 0.0133969565 0.0168996551 0.0233485625 0.0219589505 0.0207166687 0.0062693653 0.029291567 0.0123906025 0.0241335803 0.0194737794 0.0303048476 0.009889989 0.0185356525 0.0123919561 0.0191294449 0.0188587431 0.0319835058 0.0123264172 0.0303994052 0.0260649067 0.0355840184 0.0157983058 0.0304730687 0.014962839 0.0259686333 0.0203034565 0.0215620144 0.0193833863 0.0 0.0136870294 0.0107680327 0.0133254823 0.0207667448 0.027117505 0.0227196457 0.027735692 0.0122727797 0.0253909117 0.0102683353 0.0087687387 0.0164295054 0.0218237498 0.0290427285
37 0.0306566929 0.0104440652 0.0325498971 0.0288288144 0.020684999 0.0013990243 0.003306767 0.0165563012 0.0408806974 0.0375491264 0.0271832656 0.0241286203 0.0241018046 0.0173768274 0.0136098918 0.006925677 0.0217792432 0.0125289436 0.010189148 0.0148745359 0.0241445336 0.0176325232 0.0225870315 0.0183718345 0.0087053595 0.0192525522 0.0313289961 0.0117748975 0.0172351115 0.0241715883 0.0244639598 0.0332632659 0.0292157921 0.0053230861 0.0268829881 0.0136870294 0.0 0.0205436184 0.0157592602 0.0374797291 0.0108390039 0.0270315327 0.0286004849 0.0079525856 0.0031645997 0.0235874087 0.0417072038 0.0191281612 0.0166459525 0.0239655675
38 0.0271289548 0.0221914636 0.0214740278 0.0118496092 0.009457376 0.0027657737 0.0142185064 0.0252600156 0.0259099225 0.0184974253 0.0157266356 0.0295679039 0.0197550814 0.0205639688 0.0315465387 0.0353850499 0.0389909872 0.0098866264 0.02028415 0.0104738995 0.0179276735 0.0233347012 0.0262100895 0.0180037866 0.0128311374 0.0077651461 0.0176072331 0.0164586543 0.0089825158 0.038433395 0.0146011534 0.02966923 0.011398587 0.0248569478 0.0132086865 0.0107680327 0.0205436184 0.0 0.0199997785 0.0148826494 0.031292511 0.0384713499 0.0230607517 0.014604496 0.0165483917 0.0326460122 0.0174802477 0.025684161 0.0187146321 0.0230805141
39 0.0299673817 0.0302277877 0.0158734676 0.0330836223 0.0123082811 0.0367182862 0.011605344 0.0120228555 0.0319554363 0.0322662686 0.0319120392 0.0021360699 0.0336550285 0.0365842592 0.0090326588 0.004135697 0.0359636134 0.0223527162 0.0160170556 0.0118520408 0.010342503 0.0142964038 0.0226616597 0.0028969528 0.0179793483 0.0251842621 0.02194128 0.0342375037 0.0095347977 0.0246338591 0.0189039607 0.0158502584 0.0105486973 0.0163917318 0.006360377 0.0133254823 0.0157592602 0.0199997785 0.0 0.0204867837 0.0368417899 0.0159572069 0.0074067737 0.0222111858 0.0258047327 0.014397776 0.0238723563 0.0180306134 0.0348852183 0.029587537
40 0.0204146659 0.0092963373 0.0203586151 0.0382353859 0.0137824881 0.0045412607 0.0223845318 0.0387544988 0.0308281999 0.0208188653 0.0321638977 0.0295213658 0.0198035046 0.0204579941 0.025236311 0.0144394178 0.0362491817 0.026475446 0.0100662105 0.0284590441 0.0250942628 0.0143230538 0.0140550943 0.0148469257 0.0203049264 0.0217554023 0.0196664894 0.0224456101 0.0047824252 0.0176568707 0.0032403842 0.0087610991 0.0165343485 0.016591195 0.0134471954 0.0207667448 0.0374797291 0.0148826494 0.0204867837 0.0 0.0141020231 0.0174167027 0.0327828408 0.0248557621 0.0093938118 0.0118207026 0.0298477839 0.0215723279 0.0281824615 0.0206171718
41 0.012938194 0.0292062081 0.0200457011 0.0155062587 0.0272262656 0.0117483414 0.0112689169 0.019789469 0.0287112145 0.0128558609 0.0232914163 0.0142832581 0.0198769243 0.0265069228 0.0230969858 0.0070961696 0.0155261081 0.0208173318 0.0200166748 0.0080628338 0.0249720141 0.0322976143 0.0059234188 0.0322562288 0.0110336001 0.0287038275 0.018106628 0.016829959 0.0199155345 0.0181396365 0.0326179498 0.0150110925 0.023955756 0.027606132 0.0259454824 0.027117505 0.0108390039 0.031292511 0.0368417899 0.0141020231 0.0 0.0230107015 0.0130200438 0.0376002691 0.0072119936 0.0261658052 0.0354539083 0.0066184134 0.0064788139 0.0230612886
42 0.0201361714 0.0212318884 0.0031060971 0.0196626341 0.0244605069 0.0206961199 0.0250856151 0.0273496084 0.0158735496 0.0316038556 0.0240851963 0.0226580308 0.0199755046 0.0048727343 0.0211617382 0.0101174604 0.0098675874 0.0236411288 0.0090806014 0.0357360351 0.02867699 0.0222085991 0.0184500201 0.0223418564 0.0152066542 0.0238878195 0.0312552532 0.0157829022 0.0206707041 0.0240486779 0.0200209737 0.0290707792 0.0038467934 0.0103495553 0.0292982946 0.0227196457 0.0270315327 0.0384713499 0.0159572069 0.0174167027 0.0230107015 0.0 0.0284568805 0.0271231744 0.0172818385 0.0129931867 0.021995127 0.0235321115 0.0032449727 0.0152476326
43 0.0239012361 0.019946884 0.0156626878 0.0087324969 0.0237505454 0.0241567219 0.0096248474 0.0229589312 0.0238666149 0.0250827502 0.0155817953 0.0029285496 0.0173407455 0.0185710878 0.0069773723 0.0025478131 0.0159824168 0.0226440582 0.0191813556 0.0327211726 0.0177039425 0.0300214284 0.0208814396 0.0117533636 0.021560325 0.0036639572 0.0228490606 0.0153744811 0.0381449363 0.024951721 0.0141924706 0.0164376655 0.0290876286 0.0213816541 0.0196208783 0.027735692 0.0286004849 0.0230607517 0.0074067737 0.0327828408 0.0130200438 0.0284568805 0.0 0.0274732672 0.0382539112 0.0142074903 0.0326980374 0.0301277492 0.0189572054 0.0174338368
44 0.0258887902 0.0111518521 0.0193335493 0.0224899036 0.0129490651 0.032216166 0.0132348997 0.0076762663 0.0086260944 0.0107762384 0.026063827 0.0277129263 0.0124580557 0.0284180517 0.0090883125 0.0370766171 0.0185161733 0.0195229594 0.0183946412 0.0222506153 0.021157593 0.0105708763 0.0380492734 0.0130228487 0.0311812671 0.0220321372 0.0270090844 0.0181018057 0.0124525477 0.03308366 0.0244675976 0.0192551226 0.0222716582 0.0355229975 0.0097012816 0.0122727797 0.0079525856 0.014604496 0.0222111858 0.0248557621 0.0376002691 0.0271231744 0.0274732672 0.0 0.0147265443 0.0197249381 0.0124282406 0.0200037746 0.0207986647 0.0164995621
45 0.0114270301 0.0148710095 0.0325759105 0.0171355738 0.0219607539 0.0232933574 0.0234992685 0.027472084 0.0322112527 0.0204748844 0.0119993874 0.0254136461 0.031613937 0.0157667101 0.0201840972 0.0345849686 0.0278857292 0.0146488964 0.0181221173 0.01499978 0.0178639079 0.0275027487 0.0112068525 0.0211237623 0.0303252291 0.0196384313 0.0289866021 0.0129521322 0.0149646936 0.0174437898 0.0276294769 0.0101177451 0.0189191853 0.0211776965 0.0212605703 0.0253909117 0.0031645997 0.0165483917 0.0258047327 0.0093938118 0.0072119936 0.0172818385 0.0382539112 0.0147265443 0.0 0.0186588388 0.0122506747 0.0207969245 0.0282105901 0.0210530193
46 0.0260720779 0.0156348347 0.0137179865 0.0199511142 0.0206472147 0.0221769006 0.0242989688 0.0015491685 0.0177848042 0.0053690876 0.0212334869 0.029703336 0.023119036 0.0071801289 0.0220432696 0.032490278 0.0270894446 0.0318815009 0.0244379607 0.0283162097 0.0113856652 0.028324521 0.0132025263 0.0148124439 0.0245234437 0.0192726188 0.0239148395 0.0279005398 0.026576884 0.0144004865 0.0338303386 0.0294706941 0.0168830802 0.0191338676 0.0110361853 0.0102683353 0.0235874087 0.0326460122 0.014397776 0.0118207026 0.0261658052 0.0129931867 0.0142074903 0.0197249381 0.0186588388 0.0 0.0292041169 0.0195921833 0.0354513342 0.0019169284
47 0.0150392968 0.0124413312 0.0124615209 0.0144649135 0.0185973981 0.0211165027 0.024234622 0.0078355283 0.0230612591 0.0297206319 0.0207718907 0.0290910147 0.0350135828 0.0031818349 0.020727242 0.0170893223 0.0137422424 0.0095026757 0.0110721919 0.0179874339 0.0265359637 0.0309281107 0.0336137982 0.0264123286 0.0096996498 0.0117918038 0.015380106 0.0190834573 0.0178895089 0.0278602706 0.0108336286 0.0209345886 0.030488989 0.0090379161 0.0230739468 0.0087687387 0.0417072038 0.0174802477 0.0238723563 0.0298477839 0.0354539083 0.021995127 0.0326980374 0.0124282406 0.0122506747 0.0292041169 0.0 0.0182286345 0.0221419847 0.0232064431
48 0.0113974871 0.0209108234 0.014804681 0.0320336504 0.0261170126 0.0353029101 0.0212491253 0.0207760992 0.0168649989 0.0157324003 0.0298474909 0.0194212991 0.0113876697 0.0179534483 0.0196828889 0.0155655939 0.0071946125 0.0321036698 0.0375947578 0.0289515405 0.0384173643 0.012324835 0.0157217823 0.0219409716 0.0270251539 0.0358976994 0.0059895615 0.0180631041 0.0230510369 0.0149162562 0.0119235448 0.0224005735 0.0208373023 0.0012447047 0.0226821474 0.0164295054 0.0191281612 0.025684161 0.0180306134 0.0215723279 0.0066184134 0.0235321115 0.0301277492 0.0200037746 0.0207969245 0.0195921833 0.0182286345 0.0 0.0143013099 0.0186259327
49 0.0209120753 0.0251703465 0.0125767997 0.0162148857 0.0119673945 0.0174724076 0.0228693733 0.0124902603 0.0225113874 0.0221994003 0.0051311423 0.0226364227 0.0199510523 0.0317192016 0.0339718186 0.0181384417 0.0260567829 0.021351467 0.0276099601 0.0086770209 0.0324449719 0.0236794689 0.0315149042 0.0375671129 0.0322253878 0.0173685551 0.0183769795 0.0154237395 0.0021310478 0.0095876639 0.006580506 0.0105348272 0.011745201 0.0236433784 0.0288834853 0.0218237498 0.0166459525 0.0187146321 0.0348852183 0.0281824615 0.0064788139 0.0032449727 0.0189572054 0.0207986647 0.0282105901 0.0354513342 0.0221419847 0.0143013099 0.0 0.0288282402
50 0.0196651702 0.0110395965 0.0353262421 0.0157616756 0.0142257147 0.0241646793 0.0147639024 0.0230046475 0.0177920288 0.0163580104 0.0114066983 0.0210227107 0.0212578327 0.0239640451 0.0320402966 0.0287075129 0.0043518383 0.0384322248 0.0108192406 0.0170302087 0.0142619573 0.0297708514 0.0152319251 0.0282141959 0.0205411214 0.0318327749 0.0101505059 0.0143417891 0.0127896338 0.0290744537 0.0197533989 0.0271292736 0.0085471677 0.0152923894 0.0297678827 0.0290427285 0.0239655675 0.0230805141 0.029587537 0.0206171718 0.0230612886 0.0152476326 0.0174338368 0.0164995621 0.0210530193 0.0019169284 0.0232064431 0.0186259327 0.0288282402 0.0
