60
1 0.0 1.0 6.0 1.0 9.0 8.0 9.0 3.0 1.0 7.0 4.0 10.0 8.0 5.0 3.0 8.0 2.0 7.0 5.0 1.0 2.0 1.0 10.0 10.0 8.0 5.0 1.0 10.0 7.0 1.0 4.0 1.0 6.0 9.0 1.0 2.0 8.0 10.0 5.0 10.0 10.0 2.0 6.0 8.0 6.0 5.0 6.0 4.0 1.0 10.0 1.0 10.0 7.0 7.0 4.0 6.0 4.0 7.0 1.0 4.0
2 1.0 0.0 10.0 6.0 8.0 3.0 2.0 10.0 8.0 2.0 9.0 4.0 9.0 3.0 7.0 2.0 4.0 5.0 6.0 6.0 4.0 10.0 6.0 3.0 1.0 9.0 8.0 9.0 10.0 10.0 7.0 2.0 7.0 6.0 2.0 10.0 9.0 8.0 10.0 10.0 7.0 1.0 1.0 3.0 6.0 9.0 1.0 9.0 4.0 7.0 6.0 10.0 9.0 3.0 2.0 2.0 9.0 9.0 2.0 1.0
3 6.0 10.0 0.0 10.0 7.0 6.0 3.0 8.0 7.0 4.0 10.0 3.0 3.0 9.0 7.0 8.0 5.0 4.0 2.0 2.0 2.0 2.0 8.0 9.0 7.0 5.0 9.0 7.0 5.0 3.0 1.0 10.0 5.0 1.0 5.0 3.0 8.0 5.0 7.0 6.0 6.0 5.0 8.0 1.0 2.0 4.0 4.0 4.0 2.0 1.0 3.0 6.0 5.0 4.0 5.0 7.0 8.0 2.0 3.0 8.0
4 1.0 6.0 10.0 0.0 1.0 2.0 6.0 5.0 1.0 4.0 6.0 1.0 10.0 7.0 3.0 10.0 9.0 6.0 8.0 8.0 7.0 7.0 3.0 4.0 6.0 8.0 10.0 4.0 1.0 2.0 5.0 4.0 1.0 9.0 10.0 1.0 10.0 10.0 10.0 6.0 10.0 3.0 4.0 9.0 4.0 7.0 4.0 9.0 3.0 8.0 3.0 1.0 2.0 6.0 7.0 6.0 1.0 10.0 3.0 8.0
5 9.0 8.0 7.0 1.0 0.0 6.0 3.0 5.0 5.0 7.0 9.0 6.0 8.0 2.0 5.0 4.0 9.0 7.0 1.0 5.0 6.0 1.0 8.0 7.0 7.0 5.0 2.0 6.0 2.0 3.0 5.0 8.0 6.0 8.0 3.0 6.0 9.0 4.0 2.0 8.0 8.0 5.0 6.0 7.0 9.0 3.0 9.0 4.0 9.0 2.0 8.0 7.0 6.0 6.0 2.0 3.0 2.0 4.0 3.0 7.0
6 8.0 3.0 6.0 2.0 6.0 0.0 7.0 6.0 8.0 10.0 3.0 3.0 5.0 4.0 1.0 3.0 7.0 7.0 4.0 7.0 6.0 1.0 8.0 8.0 1.0 2.0 3.0 4.0 2.0 9.0 1.0 4.0 6.0 5.0 10.0 7.0 4.0 5.0 2.0 10.0 1.0 10.0 6.0 8.0 5.0 7.0 7.0 9.0 3.0 9.0 4.0 7.0 3.0 10.0 7.0 8.0 2.0 5.0 7.0 2.0
7 9.0 2.0 3.0 6.0 3.0 7.0 0.0 1.0 9.0 5.0 5.0 9.0 4.0 8.0 6.0 1.0 7.0 1.0 9.0 1.0 5.0 1.0 1.0 1.0 9.0 1.0 3.0 7.0 2.0 8.0 7.0 8.0 8.0 9.0 1.0 4.0 1.0 1.0 9.0 2.0 5.0 6.0 3.0 7.0 10.0 3.0 7.0 7.0 7.0 5.0 5.0 4.0 4.0 9.0 5.0 9.0 8.0 7.0 3.0 7.0
8 3.0 10.0 8.0 5.0 5.0 6.0 1.0 0.0 7.0 9.0 1.0 3.0 2.0 8.0 9.0 4.0 9.0 1.0 6.0 3.0 9.0 7.0 3.0 3.0 5.0 5.0 8.0 3.0 4.0 10.0 8.0 3.0 7.0 9.0 10.0 8.0 6.0 6.0 2.0 4.0 7.0 6.0 3.0 6.0 6.0 2.0 3.0 6.0 3.0 3.0 3.0 10.0 6.0 10.0 6.0 5.0 8.0 3.0 4.0 4.0
9 1.0 8.0 7.0 1.0 5.0 8.0 9.0 7.0 0.0 9.0 8.0 1.0 3.0 5.0 8.0 7.0 1.0 5.0 10.0 10.0 7.0 9.0 2.0 6.0 1.0 5.0 2.0 4.0 8.0 6.0 7.0 10.0 3.0 7.0 2.0 5.0 7.0 8.0 6.0 2.0 4.0 6.0 6.0 10.0 3.0 3.0 4.0 6.0 2.0 1.0 4.0 2.0 6.0 4.0 8.0 6.0 10.0 3.0 9.0 3.0
10 7.0 2.0 4.0 4.0 7.0 10.0 5.0 9.0 9.0 0.0 5.0 6.0 4.0 6.0 7.0 3.0 2.0 1.0 9.0 8.0 7.0 8.0 3.0 8.0 2.0 3.0 5.0 8.0 1.0 4.0 2.0 7.0 9.0 6.0 6.0 5.0 4.0 9.0 10.0 4.0 4.0 7.0 10.0 2.0 2.0 4.0 4.0 6.0 3.0 2.0 1.0 4.0 10.0 4.0 7.0 2.0 1.0 3.0 4.0 8.0
11 4.0 9.0 10.0 6.0 9.0 3.0 5.0 1.0 8.0 5.0 0.0 8.0 6.0 2.0 8.0 10.0 9.0 7.0 6.0 3.0 1.0 1.0 6.0 6.0 3.0 7.0 3.0 6.0 1.0 7.0 2.0 7.0 2.0 6.0 6.0 8.0 4.0 7.0 9.0 7.0 5.0 7.0 1.0 5.0 7.0 10.0 5.0 4.0 2.0 2.0 7.0 4.0 7.0 7.0 8.0 4.0 1.0 5.0 3.0 7.0
12 10.0 4.0 3.0 1.0 6.0 3.0 9.0 3.0 1.0 6.0 8.0 0.0 4.0 4.0 10.0 2.0 7.0 4.0 6.0 2.0 5.0 7.0 6.0 5.0 5.0 7.0 2.0 10.0 9.0 3.0 1.0 2.0 10.0 8.0 6.0 2.0 10.0 6.0 10.0 2.0 3.0 2.0 2.0 4.0 8.0 1.0 8.0 2.0 7.0 2.0 5.0 3.0 4.0 6.0 6.0 10.0 3.0 6.0 4.0 9.0
13 8.0 9.0 3.0 10.0 8.0 5.0 4.0 2.0 3.0 4.0 6.0 4.0 0.0 3.0 5.0 4.0 2.0 10.0 3.0 3.0 3.0 5.0 3.0 7.0 10.0 1.0 5.0 10.0 7.0 5.0 5.0 6.0 4.0 3.0 9.0 9.0 6.0 3.0 2.0 4.0 2.0 8.0 8.0 10.0 1.0 3.0 2.0 1.0 9.0 4.0 7.0 3.0 10.0 4.0 2.0 10.0 5.0 1.0 2.0 10.0
14 5.0 3.0 9.0 7.0 2.0 4.0 8.0 8.0 5.0 6.0 2.0 4.0 3.0 0.0 5.0 10.0 5.0 7.0 8.0 1.0 10.0 8.0 2.0 9.0 9.0 5.0 4.0 7.0 10.0 9.0 6.0 5.0 7.0 8.0 2.0 7.0 6.0 3.0 5.0 6.0 4.0 9.0 3.0 10.0 7.0 6.0 8.0 4.0 3.0 1.0 2.0 3.0 6.0 3.0 7.0 6.0 2.0 6.0 8.0 4.0
15 3.0 7.0 7.0 3.0 5.0 1.0 6.0 9.0 8.0 7.0 8.0 10.0 5.0 5.0 0.0 7.0 1.0 4.0 2.0 9.0 9.0 3.0 8.0 2.0 2.0 7.0 3.0 6.0 8.0 1.0 3.0 8.0 10.0 5.0 9.0 4.0 6.0 3.0 9.0 9.0 10.0 4.0 8.0 10.0 4.0 3.0 5.0 9.0 4.0 6.0 5.0 2.0 5.0 10.0 10.0 7.0 3.0 5.0 7.0 3.0
16 8.0 2.0 8.0 10.0 4.0 3.0 1.0 4.0 7.0 3.0 10.0 2.0 4.0 10.0 7.0 0.0 3.0 3.0 7.0 2.0 2.0 9.0 5.0 1.0 7.0 7.0 7.0 8.0 1.0 2.0 1.0 9.0 9.0 8.0 10.0 9.0 8.0 2.0 4.0 10.0 10.0 9.0 8.0 10.0 1.0 7.0 3.0 10.0 10.0 4.0 9.0 8.0 2.0 2.0 10.0 8.0 8.0 3.0 3.0 6.0
17 2.0 4.0 5.0 9.0 9.0 7.0 7.0 9.0 1.0 2.0 9.0 7.0 2.0 5.0 1.0 3.0 0.0 3.0 5.0 2.0 5.0 6.0 5.0 4.0 7.0 9.0 1.0 4.0 7.0 3.0 1.0 6.0 7.0 10.0 1.0 8.0 2.0 5.0 1.0 7.0 10.0 1.0 6.0 8.0 9.0 4.0 2.0 8.0 8.0 10.0 7.0 1.0 1.0 9.0 4.0 3.0 9.0 7.0 6.0 7.0
18 7.0 5.0 4.0 6.0 7.0 7.0 1.0 1.0 5.0 1.0 7.0 4.0 10.0 7.0 4.0 3.0 3.0 0.0 4.0 8.0 5.0 3.0 6.0 6.0 10.0 8.0 7.0 5.0 4.0 4.0 8.0 2.0 9.0 7.0 1.0 1.0 10.0 4.0 5.0 10.0 2.0 3.0 6.0 1.0 2.0 5.0 3.0 6.0 5.0 6.0 6.0 2.0 1.0 5.0 4.0 6.0 1.0 10.0 1.0 9.0
19 5.0 6.0 2.0 8.0 1.0 4.0 9.0 6.0 10.0 9.0 6.0 6.0 3.0 8.0 2.0 7.0 5.0 4.0 0.0 9.0 9.0 6.0 2.0 5.0 3.0 8.0 9.0 4.0 3.0 7.0 6.0 4.0 10.0 2.0 2.0 2.0 3.0 8.0 1.0 7.0 3.0 5.0 9.0 10.0 4.0 7.0 2.0 9.0 3.0 4.0 8.0 9.0 4.0 5.0 2.0 7.0 3.0 7.0 8.0 8.0
20 1.0 6.0 2.0 8.0 5.0 7.0 1.0 3.0 10.0 8.0 3.0 2.0 3.0 1.0 9.0 2.0 2.0 8.0 9.0 0.0 10.0 4.0 7.0 3.0 8.0 10.0 6.0 7.0 4.0 3.0 2.0 5.0 7.0 6.0 10.0 7.0 8.0 8.0 2.0 8.0 7.0 7.0 1.0 7.0 4.0 3.0 3.0 8.0 5.0 6.0 8.0 3.0 10.0 6.0 8.0 2.0 1.0 10.0 5.0 10.0
21 2.0 4.0 2.0 7.0 6.0 6.0 5.0 9.0 7.0 7.0 1.0 5.0 3.0 10.0 9.0 2.0 5.0 5.0 9.0 10.0 0.0 7.0 8.0 8.0 3.0 9.0 10.0 4.0 8.0 10.0 2.0 1.0 1.0 8.0 4.0 7.0 2.0 5.0 7.0 4.0 4.0 6.0 6.0 3.0 6.0 1.0 8.0 1.0 3.0 1.0 3.0 2.0 7.0 8.0 4.0 10.0 7.0 9.0 7.0 3.0
22 1.0 10.0 2.0 7.0 1.0 1.0 1.0 7.0 9.0 8.0 1.0 7.0 5.0 8.0 3.0 9.0 6.0 3.0 6.0 4.0 7.0 0.0 6.0 5.0 5.0 10.0 8.0 3.0 1.0 5.0 3.0 1.0 6.0 1.0 2.0 6.0 8.0 1.0 9.0 4.0 3.0 5.0 2.0 8.0 3.0 7.0 4.0 4.0 6.0 9.0 4.0 7.0 10.0 10.0 2.0 2.0 1.0 4.0 6.0 2.0
23 10.0 6.0 8.0 3.0 8.0 8.0 1.0 3.0 2.0 3.0 6.0 6.0 3.0 2.0 8.0 5.0 5.0 6.0 2.0 7.0 8.0 6.0 0.0 6.0 1.0 5.0 3.0 2.0 1.0 5.0 1.0 2.0 7.0 4.0 10.0 4.0 2.0 6.0 3.0 4.0 8.0 3.0 3.0 3.0 10.0 4.0 9.0 1.0 10.0 7.0 7.0 6.0 1.0 9.0 2.0 8.0 9.0 10.0 8.0 3.0
24 10.0 3.0 9.0 4.0 7.0 8.0 1.0 3.0 6.0 8.0 6.0 5.0 7.0 9.0 2.0 1.0 4.0 6.0 5.0 3.0 8.0 5.0 6.0 0.0 4.0 6.0 4.0 6.0 10.0 7.0 3.0 5.0 6.0 1.0 1.0 4.0 1.0 1.0 1.0 7.0 1.0 7.0 9.0 10.0 7.0 6.0 1.0 6.0 6.0 4.0 6.0 7.0 10.0 7.0 3.0 6.0 4.0 2.0 7.0 4.0
25 8.0 1.0 7.0 6.0 7.0 1.0 9.0 5.0 1.0 2.0 3.0 5.0 10.0 9.0 2.0 7.0 7.0 10.0 3.0 8.0 3.0 5.0 1.0 4.0 0.0 7.0 2.0 8.0 2.0 1.0 2.0 1.0 1.0 2.0 1.0 7.0 8.0 2.0 8.0 4.0 8.0 5.0 8.0 3.0 9.0 2.0 1.0 9.0 6.0 6.0 8.0 2.0 5.0 1.0 7.0 1.0 9.0 1.0 4.0 7.0
26 5.0 9.0 5.0 8.0 5.0 2.0 1.0 5.0 5.0 3.0 7.0 7.0 1.0 5.0 7.0 7.0 9.0 8.0 8.0 10.0 9.0 10.0 5.0 6.0 7.0 0.0 3.0 3.0 5.0 9.0 3.0 3.0 9.0 8.0 7.0 6.0 4.0 7.0 5.0 6.0 8.0 5.0 3.0 9.0 7.0 2.0 1.0 2.0 1.0 5.0 1.0 8.0 9.0 7.0 5.0 5.0 2.0 8.0 9.0 5.0
27 1.0 8.0 9.0 10.0 2.0 3.0 3.0 8.0 2.0 5.0 3.0 2.0 5.0 4.0 3.0 7.0 1.0 7.0 9.0 6.0 10.0 8.0 3.0 4.0 2.0 3.0 0.0 4.0 5.0 9.0 3.0 7.0 10.0 9.0 8.0 1.0 3.0 4.0 5.0 2.0 9.0 2.0 6.0 5.0 6.0 9.0 1.0 5.0 6.0 2.0 4.0 3.0 3.0 6.0 7.0 9.0 10.0 2.0 6.0 8.0
28 10.0 9.0 7.0 4.0 6.0 4.0 7.0 3.0 4.0 8.0 6.0 10.0 10.0 7.0 6.0 8.0 4.0 5.0 4.0 7.0 4.0 3.0 2.0 6.0 8.0 3.0 4.0 0.0 7.0 8.0 10.0 10.0 4.0 1.0 8.0 2.0 7.0 3.0 7.0 6.0 9.0 5.0 3.0 8.0 8.0 10.0 7.0 5.0 10.0 3.0 2.0 4.0 4.0 4.0 6.0 7.0 6.0 4.0 10.0 6.0
29 7.0 10.0 5.0 1.0 2.0 2.0 2.0 4.0 8.0 1.0 1.0 9.0 7.0 10.0 8.0 1.0 7.0 4.0 3.0 4.0 8.0 1.0 1.0 10.0 2.0 5.0 5.0 7.0 0.0 9.0 2.0 9.0 4.0 8.0 2.0 8.0 6.0 7.0 3.0 10.0 6.0 7.0 7.0 7.0 8.0 9.0 10.0 3.0 7.0 10.0 7.0 6.0 9.0 8.0 9.0 4.0 10.0 1.0 8.0 4.0
30 1.0 10.0 3.0 2.0 3.0 9.0 8.0 10.0 6.0 4.0 7.0 3.0 5.0 9.0 1.0 2.0 3.0 4.0 7.0 3.0 10.0 5.0 5.0 7.0 1.0 9.0 9.0 8.0 9.0 0.0 4.0 6.0 2.0 4.0 5.0 4.0 2.0 10.0 6.0 5.0 4.0 5.0 9.0 1.0 2.0 4.0 10.0 2.0 7.0 8.0 6.0 7.0 5.0 6.0 8.0 2.0 1.0 7.0 10.0 10.0
31 4.0 7.0 1.0 5.0 5.0 1.0 7.0 8.0 7.0 2.0 2.0 1.0 5.0 6.0 3.0 1.0 1.0 8.0 6.0 2.0 2.0 3.0 1.0 3.0 2.0 3.0 3.0 10.0 2.0 4.0 0.0 6.0 4.0 8.0 4.0 8.0 7.0 2.0 3.0 8.0 5.0 9.0 9.0 7.0 2.0 5.0 8.0 9.0 10.0 5.0 2.0 8.0 2.0 8.0 4.0 3.0 2.0 7.0 7.0 1.0
32 1.0 2.0 10.0 4.0 8.0 4.0 8.0 3.0 10.0 7.0 7.0 2.0 6.0 5.0 8.0 9.0 6.0 2.0 4.0 5.0 1.0 1.0 2.0 5.0 1.0 3.0 7.0 10.0 9.0 6.0 6.0 0.0 10.0 1.0 4.0 10.0 8.0 10.0 3.0 6.0 5.0 1.0 7.0 5.0 9.0 7.0 3.0 10.0 8.0 8.0 8.0 4.0 7.0 1.0 6.0 9.0 6.0 6.0 9.0 9.0
33 6.0 7.0 5.0 1.0 6.0 6.0 8.0 7.0 3.0 9.0 2.0 10.0 4.0 7.0 10.0 9.0 7.0 9.0 10.0 7.0 1.0 6.0 7.0 6.0 1.0 9.0 10.0 4.0 4.0 2.0 4.0 10.0 0.0 7.0 9.0 2.0 8.0 4.0 2.0 4.0 8.0 2.0 9.0 9.0 5.0 5.0 7.0 2.0 3.0 1.0 4.0 4.0 2.0 4.0 3.0 8.0 10.0 7.0 3.0 2.0
34 9.0 6.0 1.0 9.0 8.0 5.0 9.0 9.0 7.0 6.0 6.0 8.0 3.0 8.0 5.0 8.0 10.0 7.0 2.0 6.0 8.0 1.0 4.0 1.0 2.0 8.0 9.0 1.0 8.0 4.0 8.0 1.0 7.0 0.0 1.0 4.0 4.0 6.0 9.0 2.0 9.0 9.0 4.0 1.0 1.0 2.0 5.0 7.0 8.0 5.0 5.0 7.0 6.0 5.0 4.0 4.0 1.0 7.0 5.0 4.0
35 1.0 2.0 5.0 10.0 3.0 10.0 1.0 10.0 2.0 6.0 6.0 6.0 9.0 2.0 9.0 10.0 1.0 1.0 2.0 10.0 4.0 2.0 10.0 1.0 1.0 7.0 8.0 8.0 2.0 5.0 4.0 4.0 9.0 1.0 0.0 2.0 5.0 9.0 5.0 1.0 2.0 4.0 8.0 6.0 2.0 6.0 4.0 6.0 5.0 3.0 1.0 7.0 3.0 8.0 7.0 6.0 6.0 2.0 3.0 1.0
36 2.0 10.0 3.0 1.0 6.0 7.0 4.0 8.0 5.0 5.0 8.0 2.0 9.0 7.0 4.0 9.0 8.0 1.0 2.0 7.0 7.0 6.0 4.0 4.0 7.0 6.0 1.0 2.0 8.0 4.0 8.0 10.0 2.0 4.0 2.0 0.0 3.0 9.0 5.0 5.0 3.0 10.0 10.0 1.0 10.0 7.0 4.0 8.0 3.0 7.0 7.0 1.0 10.0 9.0 6.0 3.0 7.0 7.0 10.0 8.0
37 8.0 9.0 8.0 10.0 9.0 4.0 1.0 6.0 7.0 4.0 4.0 10.0 6.0 6.0 6.0 8.0 2.0 10.0 3.0 8.0 2.0 8.0 2.0 1.0 8.0 4.0 3.0 7.0 6.0 2.0 7.0 8.0 8.0 4.0 5.0 3.0 0.0 4.0 1.0 10.0 5.0 8.0 5.0 4.0 8.0 10.0 10.0 1.0 10.0 9.0 7.0 8.0 10.0 5.0 5.0 3.0 9.0 3.0 10.0 7.0
38 10.0 8.0 5.0 10.0 4.0 5.0 1.0 6.0 8.0 9.0 7.0 6.0 3.0 3.0 3.0 2.0 5.0 4.0 8.0 8.0 5.0 1.0 6.0 1.0 2.0 7.0 4.0 3.0 7.0 10.0 2.0 10.0 4.0 6.0 9.0 9.0 4.0 0.0 10.0 9.0 2.0 5.0 6.0 3.0 3.0 5.0 6.0 5.0 3.0 1.0 6.0 10.0 9.0 8.0 7.0 1.0 9.0 9.0 5.0 1.0
39 5.0 10.0 7.0 10.0 2.0 2.0 9.0 2.0 6.0 10.0 9.0 10.0 2.0 5.0 9.0 4.0 1.0 5.0 1.0 2.0 7.0 9.0 3.0 1.0 8.0 5.0 5.0 7.0 3.0 6.0 3.0 3.0 2.0 9.0 5.0 5.0 1.0 10.0 0.0 4.0 7.0 6.0 2.0 6.0 7.0 2.0 5.0 3.0 2.0 1.0 7.0 8.0 5.0 2.0 2.0 3.0 7.0 4.0 3.0 5.0
40 10.0 10.0 6.0 6.0 8.0 10.0 2.0 4.0 2.0 4.0 7.0 2.0 4.0 6.0 9.0 10.0 7.0 10.0 7.0 8.0 4.0 4.0 4.0 7.0 4.0 6.0 2.0 6.0 10.0 5.0 8.0 6.0 4.0 2.0 1.0 5.0 10.0 9.0 4.0 0.0 5.0 9.0 7.0 10.0 6.0 2.0 1.0 9.0 7.0 5.0 3.0 2.0 9.0 4.0 6.0 3.0 7.0 8.0 2.0 4.0
41 10.0 7.0 6.0 10.0 8.0 1.0 5.0 7.0 4.0 4.0 5.0 3.0 2.0 4.0 10.0 10.0 10.0 2.0 3.0 7.0 4.0 3.0 8.0 1.0 8.0 8.0 9.0 9.0 6.0 4.0 5.0 5.0 8.0 9.0 2.0 3.0 5.0 2.0 7.0 5.0 0.0 10.0 6.0 4.0 1.0 4.0 9.0 6.0 9.0 6.0 4.0 2.0 9.0 4.0 10.0 4.0 4.0 10.0 6.0 3.0
42 2.0 1.0 5.0 3.0 5.0 10.0 6.0 6.0 6.0 7.0 7.0 2.0 8.0 9.0 4.0 9.0 1.0 3.0 5.0 7.0 6.0 5.0 3.0 7.0 5.0 5.0 2.0 5.0 7.0 5.0 9.0 1.0 2.0 9.0 4.0 10.0 8.0 5.0 6.0 9.0 10.0 0.0 2.0 5.0 2.0 7.0 6.0 3.0 7.0 2.0 6.0 7.0 3.0 1.0 2.0 8.0 7.0 7.0 3.0 4.0
43 6.0 1.0 8.0 4.0 6.0 6.0 3.0 3.0 6.0 10.0 1.0 2.0 8.0 3.0 8.0 8.0 6.0 6.0 9.0 1.0 6.0 2.0 3.0 9.0 8.0 3.0 6.0 3.0 7.0 9.0 9.0 7.0 9.0 4.0 8.0 10.0 5.0 6.0 2.0 7.0 6.0 2.0 0.0 1.0 9.0 5.0 4.0 5.0 6.0 10.0 8.0 9.0 3.0 10.0 10.0 1.0 10.0 3.0 5.0 3.0
44 8.0 3.0 1.0 9.0 7.0 8.0 7.0 6.0 10.0 2.0 5.0 4.0 10.0 10.0 10.0 10.0 8.0 1.0 10.0 7.0 3.0 8.0 3.0 10.0 3.0 9.0 5.0 8.0 7.0 1.0 7.0 5.0 9.0 1.0 6.0 1.0 4.0 3.0 6.0 10.0 4.0 5.0 1.0 0.0 10.0 7.0 10.0 6.0 9.0 6.0 7.0 9.0 1.0 6.0 10.0 3.0 5.0 7.0 7.0 1.0
45 6.0 6.0 2.0 4.0 9.0 5.0 10.0 6.0 3.0 2.0 7.0 8.0 1.0 7.0 4.0 1.0 9.0 2.0 4.0 4.0 6.0 3.0 10.0 7.0 9.0 7.0 6.0 8.0 8.0 2.0 2.0 9.0 5.0 1.0 2.0 10.0 8.0 3.0 7.0 6.0 1.0 2.0 9.0 10.0 0.0 5.0 4.0 1.0 6.0 1.0 2.0 8.0 6.0 2.0 9.0 3.0 6.0 1.0 8.0 1.0
46 5.0 9.0 4.0 7.0 3.0 7.0 3.0 2.0 3.0 4.0 10.0 1.0 3.0 6.0 3.0 7.0 4.0 5.0 7.0 3.0 1.0 7.0 4.0 6.0 2.0 2.0 9.0 10.0 9.0 4.0 5.0 7.0 5.0 2.0 6.0 7.0 10.0 5.0 2.0 2.0 4.0 7.0 5.0 7.0 5.0 0.0 5.0 8.0 1.0 10.0 9.0 2.0 6.0 3.0 4.0 6.0 5.0 7.0 1.0 10.0
47 6.0 1.0 4.0 4.0 9.0 7.0 7.0 3.0 4.0 4.0 5.0 8.0 2.0 8.0 5.0 3.0 2.0 3.0 2.0 3.0 8.0 4.0 9.0 1.0 1.0 1.0 1.0 7.0 10.0 10.0 8.0 3.0 7.0 5.0 4.0 4.0 10.0 6.0 5.0 1.0 9.0 6.0 4.0 10.0 4.0 5.0 0.0 2.0 1.0 2.0 2.0 6.0 6.0 2.0 9.0 9.0 8.0 10.0 4.0 4.0
48 4.0 9.0 4.0 9.0 4.0 9.0 7.0 6.0 6.0 6.0 4.0 2.0 1.0 4.0 9.0 10.0 8.0 6.0 9.0 8.0 1.0 4.0 1.0 6.0 9.0 2.0 5.0 5.0 3.0 2.0 9.0 10.0 2.0 7.0 6.0 8.0 1.0 5.0 3.0 9.0 6.0 3.0 5.0 6.0 1.0 8.0 2.0 0.0 6.0 3.0 1.0 7.0 7.0 9.0 7.0 2.0 5.0 6.0 10.0 10.0
49 1.0 4.0 2.0 3.0 9.0 3.0 7.0 3.0 2.0 3.0 2.0 7.0 9.0 3.0 4.0 10.0 8.0 5.0 3.0 5.0 3.0 6.0 10.0 6.0 6.0 1.0 6.0 10.0 7.0 7.0 10.0 8.0 3.0 8.0 5.0 3.0 10.0 3.0 2.0 7.0 9.0 7.0 6.0 9.0 6.0 1.0 1.0 6.0 0.0 7.0 6.0 5.0 1.0 8.0 3.0 8.0 3.0 1.0 4.0 1.0
50 10.0 7.0 1.0 8.0 2.0 9.0 5.0 3.0 1.0 2.0 2.0 2.0 4.0 1.0 6.0 4.0 10.0 6.0 4.0 6.0 1.0 9.0 7.0 4.0 6.0 5.0 2.0 3.0 10.0 8.0 5.0 8.0 1.0 5.0 3.0 7.0 9.0 1.0 1.0 5.0 6.0 2.0 10.0 6.0 1.0 10.0 2.0 3.0 7.0 0.0 4.0 4.0 10.0 7.0 5.0 10.0 3.0 10.0 6.0 8.0
51 1.0 6.0 3.0 3.0 8.0 4.0 5.0 3.0 4.0 1.0 7.0 5.0 7.0 2.0 5.0 9.0 7.0 6.0 8.0 8.0 3.0 4.0 7.0 6.0 8.0 1.0 4.0 2.0 7.0 6.0 2.0 8.0 4.0 5.0 1.0 7.0 7.0 6.0 7.0 3.0 4.0 6.0 8.0 7.0 2.0 9.0 2.0 1.0 6.0 4.0 0.0 6.0 8.0 1.0 9.0 2.0 4.0 8.0 2.0 7.0
52 10.0 10.0 6.0 1.0 7.0 7.0 4.0 10.0 2.0 4.0 4.0 3.0 3.0 3.0 2.0 8.0 1.0 2.0 9.0 3.0 2.0 7.0 6.0 7.0 2.0 8.0 3.0 4.0 6.0 7.0 8.0 4.0 4.0 7.0 7.0 1.0 8.0 10.0 8.0 2.0 2.0 7.0 9.0 9.0 8.0 2.0 6.0 7.0 5.0 4.0 6.0 0.0 2.0 8.0 7.0 4.0 4.0 2.0 6.0 10.0
53 7.0 9.0 5.0 2.0 6.0 3.0 4.0 6.0 6.0 10.0 7.0 4.0 10.0 6.0 5.0 2.0 1.0 1.0 4.0 10.0 7.0 10.0 1.0 10.0 5.0 9.0 3.0 4.0 9.0 5.0 2.0 7.0 2.0 6.0 3.0 10.0 10.0 9.0 5.0 9.0 9.0 3.0 3.0 1.0 6.0 6.0 6.0 7.0 1.0 10.0 8.0 2.0 0.0 9.0 8.0 2.0 1.0 2.0 7.0 2.0
54 7.0 3.0 4.0 6.0 6.0 10.0 9.0 10.0 4.0 4.0 7.0 6.0 4.0 3.0 10.0 2.0 9.0 5.0 5.0 6.0 8.0 10.0 9.0 7.0 1.0 7.0 6.0 4.0 8.0 6.0 8.0 1.0 4.0 5.0 8.0 9.0 5.0 8.0 2.0 4.0 4.0 1.0 10.0 6.0 2.0 3.0 2.0 9.0 8.0 7.0 1.0 8.0 9.0 0.0 2.0 4.0 8.0 5.0 8.0 7.0
55 4.0 2.0 5.0 7.0 2.0 7.0 5.0 6.0 8.0 7.0 8.0 6.0 2.0 7.0 10.0 10.0 4.0 4.0 2.0 8.0 4.0 2.0 2.0 3.0 7.0 5.0 7.0 6.0 9.0 8.0 4.0 6.0 3.0 4.0 7.0 6.0 5.0 7.0 2.0 6.0 10.0 2.0 10.0 10.0 9.0 4.0 9.0 7.0 3.0 5.0 9.0 7.0 8.0 2.0 0.0 10.0 7.0 2.0 10.0 7.0
56 6.0 2.0 7.0 6.0 3.0 8.0 9.0 5.0 6.0 2.0 4.0 10.0 10.0 6.0 7.0 8.0 3.0 6.0 7.0 2.0 10.0 2.0 8.0 6.0 1.0 5.0 9.0 7.0 4.0 2.0 3.0 9.0 8.0 4.0 6.0 3.0 3.0 1.0 3.0 3.0 4.0 8.0 1.0 3.0 3.0 6.0 9.0 2.0 8.0 10.0 2.0 4.0 2.0 4.0 10.0 0.0 8.0 3.0 9.0 5.0
57 4.0 9.0 8.0 1.0 2.0 2.0 8.0 8.0 10.0 1.0 1.0 3.0 5.0 2.0 3.0 8.0 9.0 1.0 3.0 1.0 7.0 1.0 9.0 4.0 9.0 2.0 10.0 6.0 10.0 1.0 2.0 6.0 10.0 1.0 6.0 7.0 9.0 9.0 7.0 7.0 4.0 7.0 10.0 5.0 6.0 5.0 8.0 5.0 3.0 3.0 4.0 4.0 1.0 8.0 7.0 8.0 0.0 10.0 4.0 7.0
58 7.0 9.0 2.0 10.0 4.0 5.0 7.0 3.0 3.0 3.0 5.0 6.0 1.0 6.0 5.0 3.0 7.0 10.0 7.0 10.0 9.0 4.0 10.0 2.0 1.0 8.0 2.0 4.0 1.0 7.0 7.0 6.0 7.0 7.0 2.0 7.0 3.0 9.0 4.0 8.0 10.0 7.0 3.0 7.0 1.0 7.0 10.0 6.0 1.0 10.0 8.0 2.0 2.0 5.0 2.0 3.0 10.0 0.0 10.0 9.0
59 1.0 2.0 3.0 3.0 3.0 7.0 3.0 4.0 9.0 4.0 3.0 4.0 2.0 8.0 7.0 3.0 6.0 1.0 8.0 5.0 7.0 6.0 8.0 7.0 4.0 9.0 6.0 10.0 8.0 10.0 7.0 9.0 3.0 5.0 3.0 10.0 10.0 5.0 3.0 2.0 6.0 3.0 5.0 7.0 8.0 1.0 4.0 10.0 4.0 6.0 2.0 6.0 7.0 8.0 10.0 9.0 4.0 10.0 0.0 6.0
60 4.0 1.0 8.0 8.0 7.0 2.0 7.0 4.0 3.0 8.0 7.0 9.0 10.0 4.0 3.0 6.0 7.0 9.0 8.0 10.0 3.0 2.0 3.0 4.0 7.0 5.0 8.0 6.0 4.0 10.0 1.0 9.0 2.0 4.0 1.0 8.0 7.0 1.0 5.0 4.0 3.0 4.0 3.0 1.0 1.0 10.0 4.0 10.0 1.0 8.0 7.0 10.0 2.0 7.0 7.0 5.0 7.0 9.0 6.0 0.0
