40
1 0.0 0.0266408261 0.0352278691 0.0348305088 0.026849796 0.0085347752 0.0165871786 0.0477483718 0.0252195161 0.0405242139 0.0378225596 0.0135869232 0.025787763 0.0325143402 0.0211191118 0.0242694336 0.0039120142 0.0407763434 0.0210179135 0.0194999374 0.0229317994 0.0177368824 0.0411421504 0.0135234804 0.0241226135 0.0167606819 0.024989948 0.0365799948 0.0425784722 0.0153283527 0.0020193873 0.0229701139 0.0277854651 0.054028109 0.0267657543 0.0259582349 0.0273840792 0.012065884 0.0255682946 0.0172909066
2 0.0266408261 0.0 0.0317886239 0.0285652414 0.013385892 0.0181244014 0.0195019294 0.0325719351 0.0187766462 0.0339485971 0.0215216883 0.011940731 0.0227363185 0.0324151634 0.040285188 0.0228538402 0.0330204671 0.0394079399 0.0310299233 0.0274925373 0.0158664673 0.0106215469 0.0222922928 0.0262370503 0.0286488711 0.0194346326 0.0324359313 0.038834597 0.0241984908 0.0328310181 0.0396732732 0.0125488514 0.0248831137 0.0322271603 0.0172946397 0.0092037499 0.02379292 0.022576779 0.0291856178 0.0312051076
3 0.0352278691 0.0317886239 0.0 0.0376108618 0.0323243101 0.0227951655 0.0163272814 0.0119091102 0.0230416226 0.0384797753 0.0308890977 0.0200449318 0.032495877 0.028815091 0.0288720439 0.0243952505 0.0304547913 0.0314435063 0.0157395921 0.0277039811 0.0283476182 0.0333452471 0.0250843852 0.0204375773 0.0312572045 0.0114048558 0.0310222771 0.0262848808 0.0386399863 0.0431418449 0.0167591499 0.0391233502 0.0127406884 0.0013954567 0.0182177114 0.0179638847 0.0107707864 0.0370376333 0.0249921195 0.0116745599
4 0.0348305088 0.0285652414 0.0376108618 0.0 0.0380890201 0.017204884 0.0239116095 0.0063357176 0.013224256 0.0137196623 0.0246448594 0.0399626125 0.0274697272 0.0119687858 0.02124002 0.0479781287 0.0298462316 0.0227189763 0.0043683676 0.0388535404 0.0343134418 0.027087386 0.0055038176 0.0430372773 0.0333420034 0.0236711039 0.0235238425 0.0156243885 0.0347293651 0.0239709805 0.0342662193 0.0203625852 0.0126055234 0.0275867521 0.0297370033 0.0239841245 0.0343587551 0.0249028455 0.0279512167 0.0168983571
5 0.026849796 0.013385892 0.0323243101 0.0380890201 0.0 0.0140938404 0.0406637563 0.0335159082 0.0136081071 0.0233645885 0.0265935682 0.0288179912 0.0277676622 0.0123530966 0.0274371317 0.0239739865 0.0335344313 0.0166726781 0.0293282873 0.0407285092 0.0140098897 0.0396260652 0.0110923237 0.0243257 0.04192089 0.0307920521 0.0133093207 0.036867018 0.011806387 0.0235686082 0.0336532637 0.0217908526 0.0302003151 0.0412900348 0.0031124495 0.0392540071 0.0377034562 0.005662747 0.0219168539 0.0149952045
6 0.0085347752 0.0181244014 0.0227951655 0.017204884 0.0140938404 0.0 0.0203597114 0.047983822 0.0298706964 0.0300377892 0.0048183051 0.0441601919 0.0143638241 0.002125377 0.0366525343 0.0290553035 0.0177618188 0.0468493478 0.0315974112 0.0262200877 0.0343484966 0.01795771 0.0253911433 0.0341050497 0.0081207458 0.034085107 0.0255933396 0.0282404699 0.0305938972 0.0218095954 0.0392090399 0.0197141412 0.0319780877 0.0138615779 0.0288464731 0.0170492203 0.0453089371 0.0238042505 0.029607674 0.0277657569
7 0.0165871786 0.0195019294 0.0163272814 0.0239116095 0.0406637563 0.0203597114 0.0 0.0198835325 0.0182210438 0.0184901821 0.0213874849 0.0158191357 0.0274445614 0.0244430611 0.0223490122 0.0183730011 0.023642169 0.0270694782 0.032702723 0.0500694469 0.0238562576 0.0205800262 0.0437339038 0.0323357066 0.0067924913 0.0124626267 0.0372734061 0.0168672537 0.0414570535 0.0288081653 0.0136616725 0.0235083096 0.0173094234 0.0346450769 0.0363432784 0.0364923933 0.029957415 0.0467171389 0.0308203029 0.0091317996
8 0.0477483718 0.0325719351 0.0119091102 0.0063357176 0.0335159082 0.047983822 0.0198835325 0.0 0.0083126799 0.0133173032 0.0197552686 0.0115169636 0.0255086584 0.0495398677 0.0137275527 0.0417686478 0.0277838557 0.0362518269 0.0166695253 0.0316123502 0.0424069911 0.0349487568 0.0069043702 0.0451332331 0.015455402 0.0262666883 0.0180674048 0.0456720694 0.0226434698 0.0027249945 0.0386142311 0.0167590016 0.0188651735 0.0214916205 0.0288773621 0.0269323775 0.0199644835 0.0269432187 0.0264925415 0.0191237126
9 0.0252195161 0.0187766462 0.0230416226 0.013224256 0.0136081071 0.0298706964 0.0182210438 0.0083126799 0.0 0.031336399 0.0187443599 0.0211782499 0.0365047277 0.0261333194 0.0290301718 0.0169911836 0.0303414082 0.033154771 0.0247059111 0.0265167558 0.0322453982 0.0332560603 0.0277806692 0.0325519088 0.0225047105 0.0371505733 0.0211550749 0.0237478007 0.0285167214 0.0320048769 0.0235960038 0.0201096848 0.0420927216 0.0061104212 0.0410712162 0.0350317657 0.0113178811 0.0347590302 0.0158206237 0.0342650322
10 0.0405242139 0.0339485971 0.0384797753 0.0137196623 0.0233645885 0.0300377892 0.0184901821 0.0133173032 0.031336399 0.0 0.0417571082 0.0387166782 0.0104014697 0.0215769981 0.024845461 0.0266120929 0.0247588208 0.0345837484 0.0209863868 0.0220010722 0.0068084945 0.0216290651 0.019864185 0.0164655514 0.0168318748 0.0304437466 0.0275323706 0.0320534221 0.0384197932 0.0250923138 0.0253420975 0.0203187488 0.0364587285 0.0470768852 0.0306066463 0.0114749521 0.0204380252 0.0238921248 0.0225027138 0.0172899138
11 0.0378225596 0.0215216883 0.0308890977 0.0246448594 0.0265935682 0.0048183051 0.0213874849 0.0197552686 0.0187443599 0.0417571082 0.0 0.0229607519 0.0336776297 0.0285621478 0.009681202 0.0300875353 0.043385049 0.0113879386 0.017393048 0.0330553043 0.0252918006 0.0174525557 0.020807767 0.0280344126 0.0289620203 0.0086800734 0.0429463304 0.0168484377 0.0231032198 0.0459261046 0.0121345049 0.0314564828 0.0363225044 0.0194210366 0.0301790027 0.023081554 0.024633195 0.0375119471 0.0129997029 0.0360824414
12 0.0135869232 0.011940731 0.0200449318 0.0399626125 0.0288179912 0.0441601919 0.0158191357 0.0115169636 0.0211782499 0.0387166782 0.0229607519 0.0 0.0094335347 0.0242335458 0.0154094275 0.0402110972 0.0233811739 0.0114090659 0.0173651684 0.031439747 0.0268750948 0.0318854513 0.0224804005 0.0443670658 0.037366003 0.0140253438 0.0123159045 0.0120349124 0.0126509037 0.0341650643 0.0378900209 0.0288363449 0.0229787887 0.0250406565 0.0233506223 0.0419409751 0.0313652504 0.0388086587 0.0197810681 0.0402535488
13 0.025787763 0.0227363185 0.032495877 0.0274697272 0.0277676622 0.0143638241 0.0274445614 0.0255086584 0.0365047277 0.0104014697 0.0336776297 0.0094335347 0.0 0.0361564397 0.0350836305 0.0247100733 0.0241270086 0.0326834414 0.0188943368 0.0078449469 0.0258267038 0.0160005673 0.0187140575 0.0342435855 0.0474332466 0.0332450098 0.0240943646 0.0233531537 0.0219774716 0.010910496 0.0297622754 0.0421310425 0.0064737422 0.0093696339 0.0122047832 0.0355667368 0.0321765213 0.0333577156 0.0316916936 0.0383755686
14 0.0325143402 0.0324151634 0.028815091 0.0119687858 0.0123530966 0.002125377 0.0244430611 0.0495398677 0.0261333194 0.0215769981 0.0285621478 0.0242335458 0.0361564397 0.0 0.0269243536 0.0174526024 0.0232772795 0.0080076336 0.0144537997 0.0329347491 0.0326827039 0.0262199538 0.0359621735 0.0218420449 0.0437647188 0.0461364552 0.0387063492 0.0395907387 0.0140943785 0.0222253907 0.0084328877 0.0103846554 0.0430169638 0.0210797976 0.02969872 0.0178092281 0.0330040434 0.0081876024 0.0266204128 0.02665313
15 0.0211191118 0.040285188 0.0288720439 0.02124002 0.0274371317 0.0366525343 0.0223490122 0.0137275527 0.0290301718 0.024845461 0.009681202 0.0154094275 0.0350836305 0.0269243536 0.0 0.0190653542 0.0166591418 0.02369313 0.0163949729 0.0174175286 0.0237659268 0.0132264345 0.0435048306 0.0272405781 0.0381795113 0.0155173973 0.0375876576 0.0132811441 0.0267076841 0.0504878741 0.0245180571 0.0345171886 0.0384150478 0.0249522106 0.0264902886 0.031305111 0.0002268355 0.04984507 0.0064830412 0.0278611429
16 0.0242694336 0.0228538402 0.0243952505 0.0479781287 0.0239739865 0.0290553035 0.0183730011 0.0417686478 0.0169911836 0.0266120929 0.0300875353 0.0402110972 0.0247100733 0.0174526024 0.0190653542 0.0 0.0246761372 0.0191040971 0.0230100126 0.0169976553 0.0357957007 0.0110025354 0.0438720011 0.0092394252 0.0243193102 0.0449990715 0.0299327469 0.0184903155 0.0405830527 0.0148740993 0.014202519 0.0239168045 0.0262198595 0.0369496971 0.0312126938 0.0266638648 0.0283404639 0.0113692899 0.0154894302 0.0209416857
17 0.0039120142 0.0330204671 0.0304547913 0.0298462316 0.0335344313 0.0177618188 0.023642169 0.0277838557 0.0303414082 0.0247588208 0.043385049 0.0233811739 0.0241270086 0.0232772795 0.0166591418 0.0246761372 0.0 0.0131973292 0.0385559513 0.0189430358 0.0380519299 0.0464104744 0.021006178 0.0119232435 0.0239358955 0.0243966655 0.0139495973 0.0232199747 0.0344627273 0.0290286138 0.0317886161 0.0171079496 0.0118370068 0.0352756046 0.0197758701 0.0261820688 0.0247359013 0.0299018508 0.0234619724 0.0322897452
18 0.0407763434 0.0394079399 0.0314435063 0.0227189763 0.0166726781 0.0468493478 0.0270694782 0.0362518269 0.033154771 0.0345837484 0.0113879386 0.0114090659 0.0326834414 0.0080076336 0.02369313 0.0191040971 0.0131973292 0.0 0.0368046246 0.0220616867 0.0237162407 0.0394255708 0.0285714431 0.01936493 0.0054110237 0.0160990605 0.037543933 0.0099382869 0.0268965168 0.0269462086 0.0345445622 0.026425734 0.0282252373 0.0260745134 0.0340751131 0.0081923485 0.0158355318 0.0276183567 0.0231996934 0.0346181321
19 0.0210179135 0.0310299233 0.0157395921 0.0043683676 0.0293282873 0.0315974112 0.032702723 0.0166695253 0.0247059111 0.0209863868 0.017393048 0.0173651684 0.0188943368 0.0144537997 0.0163949729 0.0230100126 0.0385559513 0.0368046246 0.0 0.0293290252 0.0190078577 0.0479055589 0.0338416402 0.0211277284 0.0110388633 0.0420134294 0.0250072821 0.0187769345 0.0106798939 0.0369665402 0.0416253731 0.027555278 0.0149558395 0.0420597082 0.0285844425 0.047133469 0.0122777024 0.0135587573 0.0254262695 0.0401104512
20 0.0194999374 0.0274925373 0.0277039811 0.0388535404 0.0407285092 0.0262200877 0.0500694469 0.0316123502 0.0265167558 0.0220010722 0.0330553043 0.031439747 0.0078449469 0.0329347491 0.0174175286 0.0169976553 0.0189430358 0.0220616867 0.0293290252 0.0 0.034504926 0.0167452077 0.0297330861 0.026454859 0.032737043 0.0225765296 0.0190110893 0.0118936869 0.0075828356 0.0115646051 0.0307952862 0.0340117549 0.0407074775 0.0136846727 0.0199334508 0.0378207132 0.0159132108 0.0043852026 0.0354961887 0.0337262772
21 0.0229317994 0.0158664673 0.0283476182 0.0343134418 0.0140098897 0.0343484966 0.0238562576 0.0424069911 0.0322453982 0.0068084945 0.0252918006 0.0268750948 0.0258267038 0.0326827039 0.0237659268 0.0357957007 0.0380519299 0.0237162407 0.0190078577 0.034504926 0.0 0.0316523007 0.0280025269 0.0137536587 0.0360482543 0.0118940398 0.0261107571 0.0240689056 0.0260828538 0.0231199188 0.015800478 0.0360501968 0.0197729444 0.0393621495 0.026001822 0.0085932155 0.0294974663 0.023063825 0.0178826539 0.0225882936
22 0.0177368824 0.0106215469 0.0333452471 0.027087386 0.0396260652 0.01795771 0.0205800262 0.0349487568 0.0332560603 0.0216290651 0.0174525557 0.0318854513 0.0160005673 0.0262199538 0.0132264345 0.0110025354 0.0464104744 0.0394255708 0.0479055589 0.0167452077 0.0316523007 0.0 0.0306544985 0.0174211475 0.0432441521 0.0188108372 0.0190734835 0.0362190638 0.0324435731 0.0185543911 0.0267493135 0.0089599177 0.027185642 0.0172186642 0.0431720989 0.0204002846 0.0425372347 0.0049571557 0.0271297638 0.0105534213
23 0.0411421504 0.0222922928 0.0250843852 0.0055038176 0.0110923237 0.0253911433 0.0437339038 0.0069043702 0.0277806692 0.019864185 0.020807767 0.0224804005 0.0187140575 0.0359621735 0.0435048306 0.0438720011 0.021006178 0.0285714431 0.0338416402 0.0297330861 0.0280025269 0.0306544985 0.0 0.0227509943 0.0188744172 0.0405858877 0.0188678227 0.0230184227 0.0119452906 0.0309611177 0.0299992139 0.0251003378 0.0275693547 0.0149948744 0.0268489848 0.0195079719 0.0322107284 0.0324379322 0.0142467539 0.0241400508
24 0.0135234804 0.0262370503 0.0204375773 0.0430372773 0.0243257 0.0341050497 0.0323357066 0.0451332331 0.0325519088 0.0164655514 0.0280344126 0.0443670658 0.0342435855 0.0218420449 0.0272405781 0.0092394252 0.0119232435 0.01936493 0.0211277284 0.026454859 0.0137536587 0.0174211475 0.0227509943 0.0 0.0240185345 0.0269698453 0.0240795893 0.0333991138 0.0043164614 0.0191339974 0.029085504 0.0207243506 0.0340518769 0.0140673855 0.0330274698 0.0464384243 0.0154694559 0.0343867485 0.0426304533 0.0122845811
25 0.0241226135 0.0286488711 0.0312572045 0.0333420034 0.04192089 0.0081207458 0.0067924913 0.015455402 0.0225047105 0.0168318748 0.0289620203 0.037366003 0.0474332466 0.0437647188 0.0381795113 0.0243193102 0.0239358955 0.0054110237 0.0110388633 0.032737043 0.0360482543 0.0432441521 0.0188744172 0.0240185345 0.0 0.0193186668 0.0186310891 0.0312977462 0.0211998204 0.0223965874 0.0358358006 0.0191268547 0.0243114573 0.0241439978 0.0198286457 0.0275965977 0.0226945062 0.0336882441 0.0042456096 0.0313545753
26 0.0167606819 0.0194346326 0.0114048558 0.0236711039 0.0307920521 0.034085107 0.0124626267 0.0262666883 0.0371505733 0.0304437466 0.0086800734 0.0140253438 0.0332450098 0.0461364552 0.0155173973 0.0449990715 0.0243966655 0.0160990605 0.0420134294 0.0225765296 0.0118940398 0.0188108372 0.0405858877 0.0269698453 0.0193186668 0.0 0.0151693905 0.0319675128 0.0244833433 0.0126522388 0.0297664348 0.0429375272 0.022307348 0.0467404213 0.0208991781 0.0356041347 0.0341466082 0.012286433 0.021682404 0.0216166443
27 0.024989948 0.0324359313 0.0310222771 0.0235238425 0.0133093207 0.0255933396 0.0372734061 0.0180674048 0.0211550749 0.0275323706 0.0429463304 0.0123159045 0.0240943646 0.0387063492 0.0375876576 0.0299327469 0.0139495973 0.037543933 0.0250072821 0.0190110893 0.0261107571 0.0190734835 0.0188678227 0.0240795893 0.0186310891 0.0151693905 0.0 0.0432963003 0.0456890272 0.0035086004 0.0182321677 0.02703049 0.0309830208 0.0168160968 0.0498170143 0.0289460435 0.0063499794 0.0206280535 0.0279953448 0.0227775582
28 0.0365799948 0.038834597 0.0262848808 0.0156243885 0.036867018 0.0282404699 0.0168672537 0.0456720694 0.0237478007 0.0320534221 0.0168484377 0.0120349124 0.0233531537 0.0395907387 0.0132811441 0.0184903155 0.0232199747 0.0099382869 0.0187769345 0.0118936869 0.0240689056 0.0362190638 0.0230184227 0.0333991138 0.0312977462 0.0319675128 0.0432963003 0.0 0.0034139928 0.0371907558 0.0073962805 0.023785511 0.0439016523 0.0416489694 0.0177606269 0.0107917276 0.0169616999 0.0272001117 0.0244614193 0.0340207079
29 0.0425784722 0.0241984908 0.0386399863 0.0347293651 0.011806387 0.0305938972 0.0414570535 0.0226434698 0.0285167214 0.0384197932 0.0231032198 0.0126509037 0.0219774716 0.0140943785 0.0267076841 0.0405830527 0.0344627273 0.0268965168 0.0106798939 0.0075828356 0.0260828538 0.0324435731 0.0119452906 0.0043164614 0.0211998204 0.0244833433 0.0456890272 0.0034139928 0.0 0.0145991499 0.035857993 0.0432322487 0.0101590397 0.035586533 0.0181013868 0.0232396708 0.0262585764 0.0399873416 0.0246344884 0.026446889
30 0.0153283527 0.0328310181 0.0431418449 0.0239709805 0.0235686082 0.0218095954 0.0288081653 0.0027249945 0.0320048769 0.0250923138 0.0459261046 0.0341650643 0.010910496 0.0222253907 0.0504878741 0.0148740993 0.0290286138 0.0269462086 0.0369665402 0.0115646051 0.0231199188 0.0185543911 0.0309611177 0.0191339974 0.0223965874 0.0126522388 0.0035086004 0.0371907558 0.0145991499 0.0 0.0174221498 0.0249883848 0.0158900868 0.0277152206 0.0226199847 0.02478572 0.0436699618 0.0493654045 0.0410035104 0.018047072
31 0.0020193873 0.0396732732 0.0167591499 0.0342662193 0.0336532637 0.0392090399 0.0136616725 0.0386142311 0.0235960038 0.0253420975 0.0121345049 0.0378900209 0.0297622754 0.0084328877 0.0245180571 0.014202519 0.0317886161 0.0345445622 0.0416253731 0.0307952862 0.015800478 0.0267493135 0.0299992139 0.029085504 0.0358358006 0.0297664348 0.0182321677 0.0073962805 0.035857993 0.0174221498 0.0 0.0138278518 0.0359971506 0.0118008985 0.0292419871 0.0289744743 0.0278963393 0.0229162875 0.0243593324 0.026351902
32 0.0229701139 0.0125488514 0.0391233502 0.0203625852 0.0217908526 0.0197141412 0.0235083096 0.0167590016 0.0201096848 0.0203187488 0.0314564828 0.0288363449 0.0421310425 0.0103846554 0.0345171886 0.0239168045 0.0171079496 0.026425734 0.027555278 0.0340117549 0.0360501968 0.0089599177 0.0251003378 0.0207243506 0.0191268547 0.0429375272 0.02703049 0.023785511 0.0432322487 0.0249883848 0.0138278518 0.0 0.0307434251 0.0062301501 0.0357739768 0.0320116752 0.0394050301 0.0222867765 0.0335958903 0.0206405301
33 0.0277854651 0.0248831137 0.0127406884 0.0126055234 0.0302003151 0.0319780877 0.0173094234 0.0188651735 0.0420927216 0.0364587285 0.0363225044 0.0229787887 0.0064737422 0.0430169638 0.0384150478 0.0262198595 0.0118370068 0.0282252373 0.0149558395 0.0407074775 0.0197729444 0.027185642 0.0275693547 0.0340518769 0.0243114573 0.022307348 0.0309830208 0.0439016523 0.0101590397 0.0158900868 0.0359971506 0.0307434251 0.0 0.0228869071 0.0132885119 0.0279692293 0.0258304343 0.0080764513 0.025492042 0.0295117178
34 0.054028109 0.0322271603 0.0013954567 0.0275867521 0.0412900348 0.0138615779 0.0346450769 0.0214916205 0.0061104212 0.0470768852 0.0194210366 0.0250406565 0.0093696339 0.0210797976 0.0249522106 0.0369496971 0.0352756046 0.0260745134 0.0420597082 0.0136846727 0.0393621495 0.0172186642 0.0149948744 0.0140673855 0.0241439978 0.0467404213 0.0168160968 0.0416489694 0.035586533 0.0277152206 0.0118008985 0.0062301501 0.0228869071 0.0 0.0180467915 0.0109079977 0.0179530228 0.021981761 0.0381964516 0.0400810813
35 0.0267657543 0.0172946397 0.0182177114 0.0297370033 0.0031124495 0.0288464731 0.0363432784 0.0288773621 0.0410712162 0.0306066463 0.0301790027 0.0233506223 0.0122047832 0.02969872 0.0264902886 0.0312126938 0.0197758701 0.0340751131 0.0285844425 0.0199334508 0.026001822 0.0431720989 0.0268489848 0.0330274698 0.0198286457 0.0208991781 0.0498170143 0.0177606269 0.0181013868 0.0226199847 0.0292419871 0.0357739768 0.0132885119 0.0180467915 0.0 0.0167504795 0.0260671563 0.0110384827 0.0304484183 0.0248894626
36 0.0259582349 0.0092037499 0.0179638847 0.0239841245 0.0392540071 0.0170492203 0.0364923933 0.0269323775 0.0350317657 0.0114749521 0.023081554 0.0419409751 0.0355667368 0.0178092281 0.031305111 0.0266638648 0.0261820688 0.0081923485 0.047133469 0.0378207132 0.0085932155 0.0204002846 0.0195079719 0.0464384243 0.0275965977 0.0356041347 0.0289460435 0.0107917276 0.0232396708 0.02478572 0.0289744743 0.0320116752 0.0279692293 0.0109079977 0.0167504795 0.0 0.0456464637 0.0152716281 0.0188420245 0.0186814576
37 0.0273840792 0.02379292 0.0107707864 0.0343587551 0.0377034562 0.0453089371 0.029957415 0.0199644835 0.0113178811 0.0204380252 0.024633195 0.0313652504 0.0321765213 0.0330040434 0.0002268355 0.0283404639 0.0247359013 0.0158355318 0.0122777024 0.0159132108 0.0294974663 0.0425372347 0.0322107284 0.0154694559 0.0226945062 0.0341466082 0.0063499794 0.0169616999 0.0262585764 0.0436699618 0.0278963393 0.0394050301 0.0258304343 0.0179530228 0.0260671563 0.0456464637 0.0 0.025388025 0.0343038389 0.0082080781
38 0.012065884 0.022576779 0.0370376333 0.0249028455 0.005662747 0.0238042505 0.0467171389 0.0269432187 0.0347590302 0.0238921248 0.0375119471 0.0388086587 0.0333577156 0.0081876024 0.04984507 0.0113692899 0.0299018508 0.0276183567 0.0135587573 0.0043852026 0.023063825 0.0049571557 0.0324379322 0.0343867485 0.0336882441 0.012286433 0.0206280535 0.0272001117 0.0399873416 0.0493654045 0.0229162875 0.0222867765 0.0080764513 0.021981761 0.0110384827 0.0152716281 0.025388025 0.0 0.039110951 0.043022284
39 0.0255682946 0.0291856178 0.0249921195 0.0279512167 0.0219168539 0.029607674 0.0308203029 0.0264925415 0.0158206237 0.0225027138 0.0129997029 0.0197810681 0.0316916936 0.0266204128 0.0064830412 0.0154894302 0.0234619724 0.0231996934 0.0254262695 0.0354961887 0.0178826539 0.0271297638 0.0142467539 0.0426304533 0.0042456096 0.021682404 0.0279953448 0.0244614193 0.0246344884 0.0410035104 0.0243593324 0.0335958903 0.025492042 0.0381964516 0.0304484183 0.0188420245 0.0343038389 0.039110951 0.0 0.0342312188
40 0.0172909066 0.0312051076 0.0116745599 0.0168983571 0.0149952045 0.0277657569 0.0091317996 0.0191237126 0.0342650322 0.0172899138 0.0360824414 0.0402535488 0.0383755686 0.02665313 0.0278611429 0.0209416857 0.0322897452 0.0346181321 0.0401104512 0.0337262772 0.0225882936 0.0105534213 0.0241400508 0.0122845811 0.0313545753 0.0216166443 0.0227775582 0.0340207079 0.026446889 0.018047072 0.026351902 0.0206405301 0.0295117178 0.0400810813 0.0248894626 0.0186814576 0.0082080781 0.043022284 0.0342312188 0.0
