60
1 0.0 3.0 2.0 1.0 1.0 2.0 6.0 4.0 10.0 2.0 6.0 4.0 10.0 9.0 8.0 5.0 2.0 8.0 2.0 9.0 4.0 10.0 5.0 4.0 8.0 5.0 8.0 9.0 1.0 5.0 7.0 6.0 3.0 8.0 5.0 10.0 3.0 10.0 7.0 8.0 10.0 5.0 8.0 8.0 6.0 2.0 3.0 6.0 6.0 3.0 7.0 4.0 5.0 8.0 5.0 9.0 7.0 5.0 5.0 4.0
2 3.0 0.0 9.0 10.0 4.0 6.0 5.0 7.0 2.0 1.0 4.0 5.0 2.0 8.0 2.0 1.0 2.0 6.0 10.0 3.0 3.0 9.0 5.0 8.0 10.0 8.0 4.0 9.0 1.0 7.0 9.0 2.0 8.0 1.0 9.0 8.0 9.0 1.0 8.0 2.0 7.0 8.0 3.0 5.0 6.0 2.0 9.0 7.0 7.0 6.0 4.0 2.0 2.0 2.0 9.0 4.0 3.0 4.0 4.0 8.0
3 2.0 9.0 0.0 2.0 7.0 3.0 6.0 5.0 9.0 7.0 3.0 3.0 10.0 8.0 1.0 1.0 10.0 3.0 9.0 5.0 5.0 2.0 10.0 5.0 10.0 10.0 10.0 3.0 3.0 6.0 8.0 5.0 6.0 10.0 3.0 2.0 6.0 10.0 3.0 1.0 7.0 5.0 7.0 8.0 5.0 7.0 4.0 5.0 6.0 7.0 10.0 6.0 1.0 7.0 10.0 2.0 5.0 8.0 4.0 7.0
4 1.0 10.0 2.0 0.0 3.0 7.0 6.0 10.0 9.0 9.0 7.0 6.0 5.0 7.0 2.0 8.0 9.0 3.0 5.0 5.0 2.0 9.0 5.0 2.0 2.0 6.0 1.0 7.0 9.0 6.0 1.0 9.0 6.0 2.0 9.0 2.0 2.0 7.0 8.0 8.0 5.0 10.0 3.0 2.0 10.0 8.0 3.0 5.0 4.0 4.0 9.0 4.0 5.0 8.0 6.0 10.0 10.0 2.0 6.0 3.0
5 1.0 4.0 7.0 3.0 0.0 1.0 5.0 8.0 10.0 4.0 7.0 8.0 8.0 10.0 9.0 10.0 8.0 1.0 5.0 6.0 5.0 1.0 7.0 1.0 6.0 10.0 10.0 9.0 5.0 4.0 5.0 9.0 2.0 1.0 9.0 3.0 8.0 2.0 6.0 7.0 10.0 3.0 8.0 5.0 6.0 10.0 1.0 3.0 3.0 4.0 3.0 4.0 6.0 4.0 7.0 5.0 6.0 3.0 5.0 1.0
6 2.0 6.0 3.0 7.0 1.0 0.0 7.0 9.0 6.0 7.0 5.0 7.0 1.0 10.0 4.0 2.0 9.0 3.0 1.0 5.0 7.0 2.0 6.0 4.0 7.0 9.0 8.0 9.0 7.0 4.0 4.0 8.0 4.0 1.0 3.0 4.0 3.0 2.0 3.0 6.0 1.0 7.0 10.0 4.0 7.0 7.0 4.0 2.0 6.0 9.0 5.0 6.0 1.0 1.0 5.0 5.0 4.0 4.0 9.0 6.0
7 6.0 5.0 6.0 6.0 5.0 7.0 0.0 3.0 1.0 5.0 8.0 1.0 4.0 6.0 5.0 8.0 3.0 7.0 1.0 6.0 5.0 2.0 2.0 9.0 10.0 4.0 3.0 7.0 9.0 5.0 7.0 7.0 5.0 4.0 5.0 1.0 7.0 5.0 8.0 7.0 3.0 10.0 8.0 8.0 7.0 10.0 6.0 4.0 3.0 10.0 3.0 8.0 1.0 3.0 9.0 3.0 8.0 3.0 9.0 6.0
8 4.0 7.0 5.0 10.0 8.0 9.0 3.0 0.0 5.0 7.0 2.0 9.0 7.0 1.0 8.0 7.0 6.0 7.0 4.0 9.0 9.0 6.0 1.0 7.0 7.0 4.0 9.0 9.0 5.0 8.0 4.0 8.0 5.0 2.0 8.0 2.0 7.0 5.0 6.0 5.0 10.0 10.0 9.0 8.0 1.0 6.0 5.0 1.0 6.0 6.0 9.0 2.0 9.0 3.0 4.0 8.0 8.0 2.0 2.0 5.0
9 10.0 2.0 9.0 9.0 10.0 6.0 1.0 5.0 0.0 7.0 7.0 2.0 3.0 5.0 8.0 2.0 8.0 5.0 1.0 7.0 3.0 8.0 8.0 2.0 10.0 3.0 2.0 7.0 9.0 9.0 7.0 4.0 3.0 6.0 8.0 2.0 6.0 2.0 7.0 4.0 6.0 3.0 9.0 1.0 6.0 6.0 3.0 2.0 1.0 8.0 8.0 9.0 9.0 6.0 9.0 5.0 2.0 10.0 3.0 5.0
10 2.0 1.0 7.0 9.0 4.0 7.0 5.0 7.0 7.0 0.0 7.0 1.0 4.0 10.0 1.0 5.0 1.0 8.0 2.0 8.0 8.0 2.0 8.0 2.0 10.0 5.0 9.0 1.0 8.0 1.0 5.0 6.0 6.0 3.0 1.0 3.0 1.0 10.0 3.0 8.0 7.0 10.0 3.0 3.0 4.0 3.0 6.0 7.0 1.0 8.0 2.0 8.0 3.0 4.0 8.0 4.0 8.0 2.0 7.0 2.0
11 6.0 4.0 3.0 7.0 7.0 5.0 8.0 2.0 7.0 7.0 0.0 10.0 2.0 1.0 1.0 5.0 8.0 5.0 7.0 10.0 10.0 5.0 8.0 3.0 3.0 6.0 7.0 9.0 5.0 2.0 3.0 8.0 1.0 9.0 1.0 3.0 5.0 6.0 3.0 4.0 7.0 1.0 7.0 6.0 4.0 1.0 8.0 3.0 6.0 7.0 3.0 8.0 1.0 10.0 7.0 7.0 3.0 10.0 5.0 10.0
12 4.0 5.0 3.0 6.0 8.0 7.0 1.0 9.0 2.0 1.0 10.0 0.0 9.0 1.0 9.0 1.0 2.0 7.0 7.0 6.0 4.0 6.0 1.0 7.0 1.0 8.0 2.0 7.0 4.0 6.0 6.0 2.0 10.0 6.0 2.0 7.0 1.0 7.0 2.0 8.0 5.0 4.0 6.0 5.0 7.0 9.0 8.0 3.0 4.0 6.0 8.0 4.0 9.0 2.0 7.0 4.0 7.0 6.0 8.0 9.0
13 10.0 2.0 10.0 5.0 8.0 1.0 4.0 7.0 3.0 4.0 2.0 9.0 0.0 5.0 5.0 8.0 4.0 5.0 8.0 6.0 3.0 5.0 3.0 10.0 2.0 10.0 5.0 9.0 1.0 4.0 8.0 10.0 3.0 6.0 4.0 5.0 4.0 9.0 1.0 5.0 2.0 9.0 10.0 1.0 6.0 3.0 7.0 3.0 9.0 8.0 5.0 5.0 10.0 7.0 3.0 5.0 2.0 6.0 2.0 5.0
14 9.0 8.0 8.0 7.0 10.0 10.0 6.0 1.0 5.0 10.0 1.0 1.0 5.0 0.0 4.0 4.0 9.0 8.0 10.0 1.0 2.0 3.0 4.0 3.0 10.0 6.0 3.0 5.0 6.0 2.0 1.0 2.0 4.0 5.0 4.0 7.0 3.0 10.0 10.0 9.0 10.0 1.0 4.0 7.0 4.0 7.0 7.0 4.0 9.0 1.0 4.0 9.0 6.0 6.0 7.0 6.0 1.0 9.0 5.0 1.0
15 8.0 2.0 1.0 2.0 9.0 4.0 5.0 8.0 8.0 1.0 1.0 9.0 5.0 4.0 0.0 2.0 3.0 10.0 6.0 7.0 5.0 5.0 9.0 1.0 1.0 1.0 7.0 9.0 6.0 5.0 6.0 5.0 2.0 7.0 10.0 5.0 3.0 7.0 9.0 6.0 6.0 9.0 5.0 8.0 3.0 4.0 10.0 3.0 2.0 3.0 8.0 9.0 8.0 5.0 7.0 7.0 6.0 5.0 2.0 5.0
16 5.0 1.0 1.0 8.0 10.0 2.0 8.0 7.0 2.0 5.0 5.0 1.0 8.0 4.0 2.0 0.0 2.0 2.0 7.0 9.0 7.0 9.0 6.0 3.0 10.0 9.0 10.0 10.0 5.0 8.0 5.0 7.0 8.0 7.0 8.0 8.0 8.0 1.0 3.0 9.0 6.0 3.0 8.0 7.0 1.0 6.0 8.0 5.0 4.0 5.0 5.0 8.0 8.0 2.0 3.0 7.0 9.0 2.0 5.0 8.0
17 2.0 2.0 10.0 9.0 8.0 9.0 3.0 6.0 8.0 1.0 8.0 2.0 4.0 9.0 3.0 2.0 0.0 6.0 2.0 8.0 9.0 10.0 4.0 3.0 5.0 8.0 8.0 8.0 7.0 5.0 4.0 8.0 2.0 10.0 4.0 10.0 3.0 1.0 6.0 9.0 5.0 4.0 4.0 1.0 3.0 10.0 1.0 10.0 8.0 1.0 10.0 7.0 2.0 3.0 4.0 4.0 7.0 9.0 9.0 1.0
18 8.0 6.0 3.0 3.0 1.0 3.0 7.0 7.0 5.0 8.0 5.0 7.0 5.0 8.0 10.0 2.0 6.0 0.0 1.0 5.0 3.0 6.0 9.0 3.0 2.0 2.0 10.0 1.0 5.0 9.0 3.0 2.0 6.0 1.0 3.0 3.0 5.0 9.0 10.0 7.0 1.0 4.0 3.0 1.0 4.0 2.0 2.0 6.0 5.0 8.0 3.0 2.0 1.0 9.0 9.0 2.0 6.0 2.0 7.0 9.0
19 2.0 10.0 9.0 5.0 5.0 1.0 1.0 4.0 1.0 2.0 7.0 7.0 8.0 10.0 6.0 7.0 2.0 1.0 0.0 3.0 3.0 9.0 8.0 2.0 2.0 1.0 5.0 1.0 5.0 9.0 4.0 4.0 9.0 6.0 6.0 2.0 1.0 9.0 3.0 9.0 1.0 3.0 5.0 3.0 2.0 8.0 8.0 6.0 6.0 3.0 10.0 10.0 10.0 1.0 4.0 3.0 5.0 8.0 3.0 4.0
20 9.0 3.0 5.0 5.0 6.0 5.0 6.0 9.0 7.0 8.0 10.0 6.0 6.0 1.0 7.0 9.0 8.0 5.0 3.0 0.0 7.0 5.0 1.0 4.0 10.0 7.0 2.0 7.0 5.0 3.0 5.0 2.0 7.0 1.0 7.0 1.0 5.0 4.0 8.0 6.0 8.0 7.0 10.0 4.0 7.0 5.0 6.0 7.0 2.0 9.0 7.0 10.0 7.0 1.0 7.0 4.0 7.0 7.0 3.0 4.0
21 4.0 3.0 5.0 2.0 5.0 7.0 5.0 9.0 3.0 8.0 10.0 4.0 3.0 2.0 5.0 7.0 9.0 3.0 3.0 7.0 0.0 10.0 1.0 5.0 1.0 9.0 10.0 2.0 4.0 7.0 7.0 2.0 6.0 10.0 3.0 5.0 6.0 2.0 4.0 1.0 4.0 1.0 8.0 5.0 6.0 7.0 1.0 10.0 4.0 10.0 5.0 7.0 2.0 6.0 1.0 1.0 3.0 5.0 8.0 9.0
22 10.0 9.0 2.0 9.0 1.0 2.0 2.0 6.0 8.0 2.0 5.0 6.0 5.0 3.0 5.0 9.0 10.0 6.0 9.0 5.0 10.0 0.0 1.0 7.0 4.0 10.0 5.0 6.0 9.0 2.0 4.0 9.0 8.0 3.0 8.0 8.0 3.0 10.0 5.0 2.0 1.0 1.0 9.0 10.0 6.0 7.0 4.0 5.0 2.0 4.0 4.0 1.0 5.0 9.0 3.0 7.0 4.0 10.0 4.0 2.0
23 5.0 5.0 10.0 5.0 7.0 6.0 2.0 1.0 8.0 8.0 8.0 1.0 3.0 4.0 9.0 6.0 4.0 9.0 8.0 1.0 1.0 1.0 0.0 6.0 3.0 7.0 5.0 10.0 3.0 1.0 1.0 2.0 9.0 9.0 1.0 2.0 1.0 2.0 4.0 1.0 4.0 9.0 8.0 10.0 7.0 10.0 6.0 4.0 3.0 5.0 7.0 7.0 10.0 4.0 8.0 2.0 9.0 4.0 7.0 8.0
24 4.0 8.0 5.0 2.0 1.0 4.0 9.0 7.0 2.0 2.0 3.0 7.0 10.0 3.0 1.0 3.0 3.0 3.0 2.0 4.0 5.0 7.0 6.0 0.0 8.0 9.0 5.0 9.0 7.0 10.0 1.0 6.0 5.0 7.0 7.0 5.0 6.0 9.0 1.0 5.0 3.0 10.0 1.0 8.0 9.0 10.0 2.0 10.0 10.0 2.0 5.0 5.0 5.0 5.0 6.0 8.0 10.0 3.0 1.0 7.0
25 8.0 10.0 10.0 2.0 6.0 7.0 10.0 7.0 10.0 10.0 3.0 1.0 2.0 10.0 1.0 10.0 5.0 2.0 2.0 10.0 1.0 4.0 3.0 8.0 0.0 6.0 4.0 9.0 7.0 6.0 2.0 4.0 9.0 4.0 10.0 9.0 3.0 6.0 7.0 9.0 8.0 8.0 5.0 9.0 5.0 9.0 9.0 10.0 10.0 10.0 9.0 5.0 6.0 6.0 1.0 2.0 5.0 8.0 7.0 7.0
26 5.0 8.0 10.0 6.0 10.0 9.0 4.0 4.0 3.0 5.0 6.0 8.0 10.0 6.0 1.0 9.0 8.0 2.0 1.0 7.0 9.0 10.0 7.0 9.0 6.0 0.0 2.0 1.0 10.0 7.0 2.0 5.0 6.0 2.0 10.0 6.0 2.0 2.0 4.0 9.0 7.0 7.0 8.0 1.0 6.0 1.0 6.0 2.0 10.0 8.0 5.0 8.0 8.0 2.0 8.0 6.0 4.0 7.0 10.0 4.0
27 8.0 4.0 10.0 1.0 10.0 8.0 3.0 9.0 2.0 9.0 7.0 2.0 5.0 3.0 7.0 10.0 8.0 10.0 5.0 2.0 10.0 5.0 5.0 5.0 4.0 2.0 0.0 4.0 6.0 4.0 4.0 6.0 10.0 3.0 6.0 5.0 8.0 2.0 2.0 1.0 7.0 6.0 6.0 1.0 5.0 7.0 2.0 4.0 6.0 9.0 9.0 8.0 4.0 1.0 4.0 9.0 2.0 9.0 4.0 10.0
28 9.0 9.0 3.0 7.0 9.0 9.0 7.0 9.0 7.0 1.0 9.0 7.0 9.0 5.0 9.0 10.0 8.0 1.0 1.0 7.0 2.0 6.0 10.0 9.0 9.0 1.0 4.0 0.0 4.0 1.0 7.0 2.0 8.0 7.0 5.0 10.0 4.0 4.0 8.0 8.0 3.0 4.0 10.0 5.0 4.0 6.0 8.0 1.0 4.0 7.0 2.0 4.0 10.0 4.0 9.0 7.0 7.0 10.0 2.0 5.0
29 1.0 1.0 3.0 9.0 5.0 7.0 9.0 5.0 9.0 8.0 5.0 4.0 1.0 6.0 6.0 5.0 7.0 5.0 5.0 5.0 4.0 9.0 3.0 7.0 7.0 10.0 6.0 4.0 0.0 1.0 4.0 4.0 8.0 10.0 5.0 7.0 2.0 3.0 3.0 4.0 8.0 9.0 6.0 10.0 1.0 6.0 2.0 1.0 8.0 10.0 4.0 10.0 9.0 1.0 2.0 8.0 9.0 4.0 8.0 2.0
30 5.0 7.0 6.0 6.0 4.0 4.0 5.0 8.0 9.0 1.0 2.0 6.0 4.0 2.0 5.0 8.0 5.0 9.0 9.0 3.0 7.0 2.0 1.0 10.0 6.0 7.0 4.0 1.0 1.0 0.0 1.0 5.0 5.0 7.0 2.0 5.0 7.0 10.0 1.0 6.0 8.0 7.0 1.0 10.0 5.0 10.0 4.0 5.0 3.0 4.0 10.0 6.0 10.0 4.0 3.0 10.0 6.0 8.0 3.0 7.0
31 7.0 9.0 8.0 1.0 5.0 4.0 7.0 4.0 7.0 5.0 3.0 6.0 8.0 1.0 6.0 5.0 4.0 3.0 4.0 5.0 7.0 4.0 1.0 1.0 2.0 2.0 4.0 7.0 4.0 1.0 0.0 1.0 2.0 10.0 10.0 8.0 8.0 6.0 4.0 3.0 6.0 2.0 1.0 2.0 7.0 4.0 3.0 5.0 5.0 7.0 3.0 6.0 4.0 9.0 4.0 10.0 3.0 7.0 6.0 9.0
32 6.0 2.0 5.0 9.0 9.0 8.0 7.0 8.0 4.0 6.0 8.0 2.0 10.0 2.0 5.0 7.0 8.0 2.0 4.0 2.0 2.0 9.0 2.0 6.0 4.0 5.0 6.0 2.0 4.0 5.0 1.0 0.0 4.0 8.0 10.0 4.0 4.0 9.0 8.0 6.0 7.0 7.0 8.0 9.0 5.0 10.0 2.0 10.0 1.0 7.0 7.0 4.0 9.0 7.0 8.0 3.0 10.0 5.0 3.0 8.0
33 3.0 8.0 6.0 6.0 2.0 4.0 5.0 5.0 3.0 6.0 1.0 10.0 3.0 4.0 2.0 8.0 2.0 6.0 9.0 7.0 6.0 8.0 9.0 5.0 9.0 6.0 10.0 8.0 8.0 5.0 2.0 4.0 0.0 6.0 1.0 9.0 9.0 3.0 9.0 3.0 3.0 3.0 8.0 4.0 1.0 2.0 8.0 8.0 10.0 5.0 3.0 1.0 7.0 2.0 1.0 8.0 1.0 3.0 8.0 10.0
34 8.0 1.0 10.0 2.0 1.0 1.0 4.0 2.0 6.0 3.0 9.0 6.0 6.0 5.0 7.0 7.0 10.0 1.0 6.0 1.0 10.0 3.0 9.0 7.0 4.0 2.0 3.0 7.0 10.0 7.0 10.0 8.0 6.0 0.0 1.0 2.0 6.0 4.0 2.0 3.0 7.0 2.0 8.0 6.0 9.0 9.0 6.0 5.0 7.0 9.0 7.0 1.0 8.0 7.0 4.0 4.0 9.0 7.0 2.0 2.0
35 5.0 9.0 3.0 9.0 9.0 3.0 5.0 8.0 8.0 1.0 1.0 2.0 4.0 4.0 10.0 8.0 4.0 3.0 6.0 7.0 3.0 8.0 1.0 7.0 10.0 10.0 6.0 5.0 5.0 2.0 10.0 10.0 1.0 1.0 0.0 8.0 9.0 3.0 4.0 5.0 3.0 6.0 8.0 8.0 10.0 4.0 4.0 1.0 7.0 10.0 5.0 6.0 4.0 7.0 2.0 6.0 5.0 9.0 2.0 9.0
36 10.0 8.0 2.0 2.0 3.0 4.0 1.0 2.0 2.0 3.0 3.0 7.0 5.0 7.0 5.0 8.0 10.0 3.0 2.0 1.0 5.0 8.0 2.0 5.0 9.0 6.0 5.0 10.0 7.0 5.0 8.0 4.0 9.0 2.0 8.0 0.0 7.0 2.0 6.0 10.0 7.0 5.0 6.0 8.0 2.0 5.0 1.0 2.0 8.0 8.0 6.0 1.0 1.0 4.0 5.0 10.0 4.0 8.0 9.0 3.0
37 3.0 9.0 6.0 2.0 8.0 3.0 7.0 7.0 6.0 1.0 5.0 1.0 4.0 3.0 3.0 8.0 3.0 5.0 1.0 5.0 6.0 3.0 1.0 6.0 3.0 2.0 8.0 4.0 2.0 7.0 8.0 4.0 9.0 6.0 9.0 7.0 0.0 6.0 2.0 3.0 8.0 8.0 8.0 4.0 9.0 8.0 10.0 5.0 4.0 3.0 4.0 7.0 6.0 4.0 5.0 1.0 2.0 2.0 3.0 10.0
38 10.0 1.0 10.0 7.0 2.0 2.0 5.0 5.0 2.0 10.0 6.0 7.0 9.0 10.0 7.0 1.0 1.0 9.0 9.0 4.0 2.0 10.0 2.0 9.0 6.0 2.0 2.0 4.0 3.0 10.0 6.0 9.0 3.0 4.0 3.0 2.0 6.0 0.0 4.0 8.0 3.0 1.0 8.0 9.0 1.0 7.0 6.0 6.0 8.0 9.0 9.0 1.0 2.0 6.0 9.0 3.0 3.0 1.0 5.0 3.0
39 7.0 8.0 3.0 8.0 6.0 3.0 8.0 6.0 7.0 3.0 3.0 2.0 1.0 10.0 9.0 3.0 6.0 10.0 3.0 8.0 4.0 5.0 4.0 1.0 7.0 4.0 2.0 8.0 3.0 1.0 4.0 8.0 9.0 2.0 4.0 6.0 2.0 4.0 0.0 9.0 2.0 7.0 6.0 8.0 9.0 10.0 2.0 6.0 9.0 2.0 7.0 4.0 6.0 10.0 1.0 3.0 10.0 8.0 9.0 3.0
40 8.0 2.0 1.0 8.0 7.0 6.0 7.0 5.0 4.0 8.0 4.0 8.0 5.0 9.0 6.0 9.0 9.0 7.0 9.0 6.0 1.0 2.0 1.0 5.0 9.0 9.0 1.0 8.0 4.0 6.0 3.0 6.0 3.0 3.0 5.0 10.0 3.0 8.0 9.0 0.0 1.0 5.0 9.0 9.0 6.0 10.0 7.0 7.0 2.0 8.0 4.0 2.0 10.0 1.0 10.0 1.0 3.0 5.0 3.0 5.0
41 10.0 7.0 7.0 5.0 10.0 1.0 3.0 10.0 6.0 7.0 7.0 5.0 2.0 10.0 6.0 6.0 5.0 1.0 1.0 8.0 4.0 1.0 4.0 3.0 8.0 7.0 7.0 3.0 8.0 8.0 6.0 7.0 3.0 7.0 3.0 7.0 8.0 3.0 2.0 1.0 0.0 5.0 3.0 2.0 4.0 10.0 7.0 8.0 8.0 9.0 10.0 3.0 1.0 9.0 2.0 7.0 6.0 5.0 5.0 9.0
42 5.0 8.0 5.0 10.0 3.0 7.0 10.0 10.0 3.0 10.0 1.0 4.0 9.0 1.0 9.0 3.0 4.0 4.0 3.0 7.0 1.0 1.0 9.0 10.0 8.0 7.0 6.0 4.0 9.0 7.0 2.0 7.0 3.0 2.0 6.0 5.0 8.0 1.0 7.0 5.0 5.0 0.0 8.0 10.0 8.0 9.0 8.0 10.0 2.0 3.0 8.0 1.0 8.0 3.0 8.0 3.0 10.0 6.0 8.0 1.0
43 8.0 3.0 7.0 3.0 8.0 10.0 8.0 9.0 9.0 3.0 7.0 6.0 10.0 4.0 5.0 8.0 4.0 3.0 5.0 10.0 8.0 9.0 8.0 1.0 5.0 8.0 6.0 10.0 6.0 1.0 1.0 8.0 8.0 8.0 8.0 6.0 8.0 8.0 6.0 9.0 3.0 8.0 0.0 10.0 8.0 10.0 6.0 2.0 9.0 4.0 6.0 8.0 7.0 4.0 10.0 6.0 5.0 3.0 1.0 7.0
44 8.0 5.0 8.0 2.0 5.0 4.0 8.0 8.0 1.0 3.0 6.0 5.0 1.0 7.0 8.0 7.0 1.0 1.0 3.0 4.0 5.0 10.0 10.0 8.0 9.0 1.0 1.0 5.0 10.0 10.0 2.0 9.0 4.0 6.0 8.0 8.0 4.0 9.0 8.0 9.0 2.0 10.0 10.0 0.0 1.0 7.0 8.0 2.0 10.0 3.0 9.0 2.0 2.0 7.0 8.0 8.0 2.0 9.0 10.0 6.0
45 6.0 6.0 5.0 10.0 6.0 7.0 7.0 1.0 6.0 4.0 4.0 7.0 6.0 4.0 3.0 1.0 3.0 4.0 2.0 7.0 6.0 6.0 7.0 9.0 5.0 6.0 5.0 4.0 1.0 5.0 7.0 5.0 1.0 9.0 10.0 2.0 9.0 1.0 9.0 6.0 4.0 8.0 8.0 1.0 0.0 10.0 5.0 5.0 1.0 5.0 1.0 7.0 7.0 10.0 2.0 2.0 5.0 5.0 7.0 9.0
46 2.0 2.0 7.0 8.0 10.0 7.0 10.0 6.0 6.0 3.0 1.0 9.0 3.0 7.0 4.0 6.0 10.0 2.0 8.0 5.0 7.0 7.0 10.0 10.0 9.0 1.0 7.0 6.0 6.0 10.0 4.0 10.0 2.0 9.0 4.0 5.0 8.0 7.0 10.0 10.0 10.0 9.0 10.0 7.0 10.0 0.0 2.0 6.0 4.0 1.0 1.0 4.0 5.0 7.0 5.0 3.0 6.0 7.0 5.0 7.0
47 3.0 9.0 4.0 3.0 1.0 4.0 6.0 5.0 3.0 6.0 8.0 8.0 7.0 7.0 10.0 8.0 1.0 2.0 8.0 6.0 1.0 4.0 6.0 2.0 9.0 6.0 2.0 8.0 2.0 4.0 3.0 2.0 8.0 6.0 4.0 1.0 10.0 6.0 2.0 7.0 7.0 8.0 6.0 8.0 5.0 2.0 0.0 3.0 7.0 9.0 8.0 9.0 5.0 10.0 4.0 6.0 6.0 3.0 4.0 1.0
48 6.0 7.0 5.0 5.0 3.0 2.0 4.0 1.0 2.0 7.0 3.0 3.0 3.0 4.0 3.0 5.0 10.0 6.0 6.0 7.0 10.0 5.0 4.0 10.0 10.0 2.0 4.0 1.0 1.0 5.0 5.0 10.0 8.0 5.0 1.0 2.0 5.0 6.0 6.0 7.0 8.0 10.0 2.0 2.0 5.0 6.0 3.0 0.0 5.0 4.0 2.0 3.0 3.0 1.0 9.0 3.0 4.0 8.0 1.0 1.0
49 6.0 7.0 6.0 4.0 3.0 6.0 3.0 6.0 1.0 1.0 6.0 4.0 9.0 9.0 2.0 4.0 8.0 5.0 6.0 2.0 4.0 2.0 3.0 10.0 10.0 10.0 6.0 4.0 8.0 3.0 5.0 1.0 10.0 7.0 7.0 8.0 4.0 8.0 9.0 2.0 8.0 2.0 9.0 10.0 1.0 4.0 7.0 5.0 0.0 4.0 10.0 8.0 6.0 5.0 5.0 6.0 4.0 3.0 4.0 9.0
50 3.0 6.0 7.0 4.0 4.0 9.0 10.0 6.0 8.0 8.0 7.0 6.0 8.0 1.0 3.0 5.0 1.0 8.0 3.0 9.0 10.0 4.0 5.0 2.0 10.0 8.0 9.0 7.0 10.0 4.0 7.0 7.0 5.0 9.0 10.0 8.0 3.0 9.0 2.0 8.0 9.0 3.0 4.0 3.0 5.0 1.0 9.0 4.0 4.0 0.0 8.0 7.0 4.0 1.0 6.0 7.0 9.0 9.0 3.0 6.0
51 7.0 4.0 10.0 9.0 3.0 5.0 3.0 9.0 8.0 2.0 3.0 8.0 5.0 4.0 8.0 5.0 10.0 3.0 10.0 7.0 5.0 4.0 7.0 5.0 9.0 5.0 9.0 2.0 4.0 10.0 3.0 7.0 3.0 7.0 5.0 6.0 4.0 9.0 7.0 4.0 10.0 8.0 6.0 9.0 1.0 1.0 8.0 2.0 10.0 8.0 0.0 3.0 1.0 10.0 6.0 1.0 4.0 10.0 10.0 5.0
52 4.0 2.0 6.0 4.0 4.0 6.0 8.0 2.0 9.0 8.0 8.0 4.0 5.0 9.0 9.0 8.0 7.0 2.0 10.0 10.0 7.0 1.0 7.0 5.0 5.0 8.0 8.0 4.0 10.0 6.0 6.0 4.0 1.0 1.0 6.0 1.0 7.0 1.0 4.0 2.0 3.0 1.0 8.0 2.0 7.0 4.0 9.0 3.0 8.0 7.0 3.0 0.0 10.0 10.0 6.0 3.0 6.0 2.0 4.0 4.0
53 5.0 2.0 1.0 5.0 6.0 1.0 1.0 9.0 9.0 3.0 1.0 9.0 10.0 6.0 8.0 8.0 2.0 1.0 10.0 7.0 2.0 5.0 10.0 5.0 6.0 8.0 4.0 10.0 9.0 10.0 4.0 9.0 7.0 8.0 4.0 1.0 6.0 2.0 6.0 10.0 1.0 8.0 7.0 2.0 7.0 5.0 5.0 3.0 6.0 4.0 1.0 10.0 0.0 9.0 1.0 1.0 1.0 9.0 4.0 10.0
54 8.0 2.0 7.0 8.0 4.0 1.0 3.0 3.0 6.0 4.0 10.0 2.0 7.0 6.0 5.0 2.0 3.0 9.0 1.0 1.0 6.0 9.0 4.0 5.0 6.0 2.0 1.0 4.0 1.0 4.0 9.0 7.0 2.0 7.0 7.0 4.0 4.0 6.0 10.0 1.0 9.0 3.0 4.0 7.0 10.0 7.0 10.0 1.0 5.0 1.0 10.0 10.0 9.0 0.0 7.0 5.0 7.0 4.0 2.0 6.0
55 5.0 9.0 10.0 6.0 7.0 5.0 9.0 4.0 9.0 8.0 7.0 7.0 3.0 7.0 7.0 3.0 4.0 9.0 4.0 7.0 1.0 3.0 8.0 6.0 1.0 8.0 4.0 9.0 2.0 3.0 4.0 8.0 1.0 4.0 2.0 5.0 5.0 9.0 1.0 10.0 2.0 8.0 10.0 8.0 2.0 5.0 4.0 9.0 5.0 6.0 6.0 6.0 1.0 7.0 0.0 10.0 6.0 10.0 2.0 4.0
56 9.0 4.0 2.0 10.0 5.0 5.0 3.0 8.0 5.0 4.0 7.0 4.0 5.0 6.0 7.0 7.0 4.0 2.0 3.0 4.0 1.0 7.0 2.0 8.0 2.0 6.0 9.0 7.0 8.0 10.0 10.0 3.0 8.0 4.0 6.0 10.0 1.0 3.0 3.0 1.0 7.0 3.0 6.0 8.0 2.0 3.0 6.0 3.0 6.0 7.0 1.0 3.0 1.0 5.0 10.0 0.0 5.0 3.0 2.0 8.0
57 7.0 3.0 5.0 10.0 6.0 4.0 8.0 8.0 2.0 8.0 3.0 7.0 2.0 1.0 6.0 9.0 7.0 6.0 5.0 7.0 3.0 4.0 9.0 10.0 5.0 4.0 2.0 7.0 9.0 6.0 3.0 10.0 1.0 9.0 5.0 4.0 2.0 3.0 10.0 3.0 6.0 10.0 5.0 2.0 5.0 6.0 6.0 4.0 4.0 9.0 4.0 6.0 1.0 7.0 6.0 5.0 0.0 3.0 10.0 1.0
58 5.0 4.0 8.0 2.0 3.0 4.0 3.0 2.0 10.0 2.0 10.0 6.0 6.0 9.0 5.0 2.0 9.0 2.0 8.0 7.0 5.0 10.0 4.0 3.0 8.0 7.0 9.0 10.0 4.0 8.0 7.0 5.0 3.0 7.0 9.0 8.0 2.0 1.0 8.0 5.0 5.0 6.0 3.0 9.0 5.0 7.0 3.0 8.0 3.0 9.0 10.0 2.0 9.0 4.0 10.0 3.0 3.0 0.0 3.0 4.0
59 5.0 4.0 4.0 6.0 5.0 9.0 9.0 2.0 3.0 7.0 5.0 8.0 2.0 5.0 2.0 5.0 9.0 7.0 3.0 3.0 8.0 4.0 7.0 1.0 7.0 10.0 4.0 2.0 8.0 3.0 6.0 3.0 8.0 2.0 2.0 9.0 3.0 5.0 9.0 3.0 5.0 8.0 1.0 10.0 7.0 5.0 4.0 1.0 4.0 3.0 10.0 4.0 4.0 2.0 2.0 2.0 10.0 3.0 0.0 2.0
60 4.0 8.0 7.0 3.0 1.0 6.0 6.0 5.0 5.0 2.0 10.0 9.0 5.0 1.0 5.0 8.0 1.0 9.0 4.0 4.0 9.0 2.0 8.0 7.0 7.0 4.0 10.0 5.0 2.0 7.0 9.0 8.0 10.0 2.0 9.0 3.0 10.0 3.0 3.0 5.0 9.0 1.0 7.0 6.0 9.0 7.0 1.0 1.0 9.0 6.0 5.0 4.0 10.0 6.0 4.0 8.0 1.0 4.0 2.0 0.0
