35
1 0.0 4.0 1.0 7.0 9.0 7.0 3.0 5.0 2.0 5.0 4.0 6.0 8.0 3.0 3.0 3.0 1.0 10.0 9.0 3.0 5.0 6.0 4.0 9.0 5.0 1.0 5.0 5.0 9.0 5.0 6.0 10.0 8.0 2.0 3.0
2 4.0 0.0 5.0 1.0 9.0 7.0 10.0 4.0 3.0 7.0 9.0 8.0 3.0 2.0 8.0 9.0 6.0 1.0 5.0 1.0 5.0 8.0 8.0 9.0 3.0 9.0 7.0 5.0 1.0 7.0 3.0 6.0 4.0 10.0 1.0
3 1.0 5.0 0.0 6.0 1.0 8.0 8.0 1.0 9.0 4.0 6.0 3.0 3.0 7.0 5.0 9.0 4.0 2.0 3.0 9.0 10.0 2.0 9.0 4.0 9.0 4.0 5.0 4.0 6.0 5.0 10.0 10.0 6.0 7.0 2.0
4 7.0 1.0 6.0 0.0 6.0 3.0 7.0 7.0 8.0 3.0 1.0 6.0 5.0 7.0 3.0 4.0 9.0 4.0 5.0 9.0 1.0 1.0 5.0 5.0 9.0 1.0 2.0 4.0 5.0 5.0 6.0 10.0 4.0 5.0 9.0
5 9.0 9.0 1.0 6.0 0.0 2.0 6.0 6.0 3.0 6.0 7.0 9.0 2.0 4.0 6.0 3.0 8.0 9.0 2.0 8.0 1.0 5.0 4.0 5.0 1.0 5.0 2.0 10.0 2.0 1.0 4.0 9.0 2.0 10.0 4.0
6 7.0 7.0 8.0 3.0 2.0 0.0 1.0 1.0 9.0 1.0 3.0 10.0 9.0 6.0 2.0 7.0 6.0 5.0 7.0 5.0 4.0 10.0 5.0 10.0 1.0 1.0 6.0 4.0 3.0 1.0 4.0 4.0 6.0 10.0 2.0
7 3.0 10.0 8.0 7.0 6.0 1.0 0.0 3.0 6.0 10.0 9.0 9.0 3.0 3.0 6.0 3.0 8.0 4.0 8.0 3.0 10.0 1.0 5.0 2.0 6.0 3.0 3.0 6.0 2.0 2.0 10.0 7.0 7.0 8.0 3.0
8 5.0 4.0 1.0 7.0 6.0 1.0 3.0 0.0 10.0 4.0 4.0 2.0 3.0 6.0 9.0 5.0 9.0 8.0 9.0 6.0 5.0 7.0 8.0 9.0 10.0 2.0 9.0 7.0 3.0 8.0 6.0 9.0 10.0 9.0 3.0
9 2.0 3.0 9.0 8.0 3.0 9.0 6.0 10.0 0.0 6.0 3.0 6.0 10.0 2.0 10.0 3.0 4.0 4.0 1.0 10.0 9.0 8.0 5.0 9.0 1.0 7.0 3.0 10.0 6.0 3.0 8.0 6.0 4.0 1.0 7.0
10 5.0 7.0 4.0 3.0 6.0 1.0 10.0 4.0 6.0 0.0 9.0 7.0 1.0 8.0 5.0 1.0 1.0 2.0 10.0 4.0 5.0 8.0 1.0 3.0 2.0 6.0 10.0 3.0 10.0 3.0 4.0 10.0 9.0 1.0 1.0
11 4.0 9.0 6.0 1.0 7.0 3.0 9.0 4.0 3.0 9.0 0.0 7.0 5.0 1.0 4.0 5.0 10.0 8.0 7.0 1.0 3.0 9.0 8.0 2.0 6.0 10.0 7.0 6.0 3.0 6.0 1.0 7.0 4.0 7.0 2.0
12 6.0 8.0 3.0 6.0 9.0 10.0 9.0 2.0 6.0 7.0 7.0 0.0 3.0 1.0 7.0 9.0 4.0 10.0 5.0 9.0 9.0 7.0 6.0 8.0 1.0 8.0 4.0 4.0 4.0 8.0 7.0 1.0 4.0 8.0 9.0
13 8.0 3.0 3.0 5.0 2.0 9.0 3.0 3.0 10.0 1.0 5.0 3.0 0.0 6.0 10.0 9.0 4.0 9.0 8.0 4.0 8.0 2.0 6.0 9.0 10.0 3.0 10.0 8.0 4.0 1.0 6.0 3.0 10.0 3.0 1.0
14 3.0 2.0 7.0 7.0 4.0 6.0 3.0 6.0 2.0 8.0 1.0 1.0 6.0 0.0 1.0 2.0 6.0 7.0 7.0 1.0 9.0 6.0 6.0 3.0 1.0 3.0 6.0 2.0 1.0 9.0 2.0 3.0 6.0 9.0 7.0
15 3.0 8.0 5.0 3.0 6.0 2.0 6.0 9.0 10.0 5.0 4.0 7.0 10.0 1.0 0.0 2.0 2.0 9.0 8.0 3.0 10.0 4.0 4.0 1.0 6.0 9.0 9.0 5.0 9.0 3.0 8.0 2.0 5.0 9.0 6.0
16 3.0 9.0 9.0 4.0 3.0 7.0 3.0 5.0 3.0 1.0 5.0 9.0 9.0 2.0 2.0 0.0 2.0 5.0 4.0 9.0 7.0 6.0 4.0 9.0 7.0 9.0 7.0 2.0 4.0 5.0 8.0 7.0 8.0 5.0 7.0
17 1.0 6.0 4.0 9.0 8.0 6.0 8.0 9.0 4.0 1.0 10.0 4.0 4.0 6.0 2.0 2.0 0.0 8.0 2.0 10.0 8.0 5.0 5.0 5.0 9.0 1.0 2.0 5.0 3.0 4.0 6.0 7.0 6.0 10.0 8.0
18 10.0 1.0 2.0 4.0 9.0 5.0 4.0 8.0 4.0 2.0 8.0 10.0 9.0 7.0 9.0 5.0 8.0 0.0 4.0 6.0 6.0 7.0 5.0 10.0 4.0 5.0 10.0 4.0 1.0 7.0 5.0 8.0 7.0 10.0 5.0
19 9.0 5.0 3.0 5.0 2.0 7.0 8.0 9.0 1.0 10.0 7.0 5.0 8.0 7.0 8.0 4.0 2.0 4.0 0.0 1.0 7.0 3.0 9.0 6.0 3.0 7.0 1.0 3.0 8.0 9.0 5.0 7.0 10.0 6.0 7.0
20 3.0 1.0 9.0 9.0 8.0 5.0 3.0 6.0 10.0 4.0 1.0 9.0 4.0 1.0 3.0 9.0 10.0 6.0 1.0 0.0 9.0 4.0 1.0 1.0 9.0 5.0 1.0 9.0 8.0 10.0 6.0 7.0 5.0 3.0 2.0
21 5.0 5.0 10.0 1.0 1.0 4.0 10.0 5.0 9.0 5.0 3.0 9.0 8.0 9.0 10.0 7.0 8.0 6.0 7.0 9.0 0.0 2.0 4.0 1.0 10.0 4.0 6.0 9.0 6.0 2.0 9.0 6.0 6.0 6.0 3.0
22 6.0 8.0 2.0 1.0 5.0 10.0 1.0 7.0 8.0 8.0 9.0 7.0 2.0 6.0 4.0 6.0 5.0 7.0 3.0 4.0 2.0 0.0 6.0 6.0 2.0 10.0 2.0 3.0 4.0 1.0 10.0 4.0 8.0 5.0 10.0
23 4.0 8.0 9.0 5.0 4.0 5.0 5.0 8.0 5.0 1.0 8.0 6.0 6.0 6.0 4.0 4.0 5.0 5.0 9.0 1.0 4.0 6.0 0.0 10.0 5.0 2.0 2.0 7.0 5.0 8.0 5.0 8.0 7.0 8.0 3.0
24 9.0 9.0 4.0 5.0 5.0 10.0 2.0 9.0 9.0 3.0 2.0 8.0 9.0 3.0 1.0 9.0 5.0 10.0 6.0 1.0 1.0 6.0 10.0 0.0 7.0 10.0 2.0 6.0 5.0 5.0 3.0 1.0 9.0 9.0 5.0
25 5.0 3.0 9.0 9.0 1.0 1.0 6.0 10.0 1.0 2.0 6.0 1.0 10.0 1.0 6.0 7.0 9.0 4.0 3.0 9.0 10.0 2.0 5.0 7.0 0.0 6.0 2.0 10.0 6.0 4.0 5.0 7.0 9.0 5.0 8.0
26 1.0 9.0 4.0 1.0 5.0 1.0 3.0 2.0 7.0 6.0 10.0 8.0 3.0 3.0 9.0 9.0 1.0 5.0 7.0 5.0 4.0 10.0 2.0 10.0 6.0 0.0 4.0 5.0 6.0 2.0 7.0 5.0 7.0 4.0 8.0
27 5.0 7.0 5.0 2.0 2.0 6.0 3.0 9.0 3.0 10.0 7.0 4.0 10.0 6.0 9.0 7.0 2.0 10.0 1.0 1.0 6.0 2.0 2.0 2.0 2.0 4.0 0.0 7.0 1.0 9.0 7.0 1.0 9.0 2.0 7.0
28 5.0 5.0 4.0 4.0 10.0 4.0 6.0 7.0 10.0 3.0 6.0 4.0 8.0 2.0 5.0 2.0 5.0 4.0 3.0 9.0 9.0 3.0 7.0 6.0 10.0 5.0 7.0 0.0 5.0 4.0 1.0 3.0 1.0 7.0 6.0
29 9.0 1.0 6.0 5.0 2.0 3.0 2.0 3.0 6.0 10.0 3.0 4.0 4.0 1.0 9.0 4.0 3.0 1.0 8.0 8.0 6.0 4.0 5.0 5.0 6.0 6.0 1.0 5.0 0.0 1.0 1.0 9.0 6.0 7.0 8.0
30 5.0 7.0 5.0 5.0 1.0 1.0 2.0 8.0 3.0 3.0 6.0 8.0 1.0 9.0 3.0 5.0 4.0 7.0 9.0 10.0 2.0 1.0 8.0 5.0 4.0 2.0 9.0 4.0 1.0 0.0 5.0 2.0 8.0 4.0 4.0
31 6.0 3.0 10.0 6.0 4.0 4.0 10.0 6.0 8.0 4.0 1.0 7.0 6.0 2.0 8.0 8.0 6.0 5.0 5.0 6.0 9.0 10.0 5.0 3.0 5.0 7.0 7.0 1.0 1.0 5.0 0.0 6.0 2.0 5.0 1.0
32 10.0 6.0 10.0 10.0 9.0 4.0 7.0 9.0 6.0 10.0 7.0 1.0 3.0 3.0 2.0 7.0 7.0 8.0 7.0 7.0 6.0 4.0 8.0 1.0 7.0 5.0 1.0 3.0 9.0 2.0 6.0 0.0 7.0 10.0 7.0
33 8.0 4.0 6.0 4.0 2.0 6.0 7.0 10.0 4.0 9.0 4.0 4.0 10.0 6.0 5.0 8.0 6.0 7.0 10.0 5.0 6.0 8.0 7.0 9.0 9.0 7.0 9.0 1.0 6.0 8.0 2.0 7.0 0.0 1.0 10.0
34 2.0 10.0 7.0 5.0 10.0 10.0 8.0 9.0 1.0 1.0 7.0 8.0 3.0 9.0 9.0 5.0 10.0 10.0 6.0 3.0 6.0 5.0 8.0 9.0 5.0 4.0 2.0 7.0 7.0 4.0 5.0 10.0 1.0 0.0 5.0
35 3.0 1.0 2.0 9.0 4.0 2.0 3.0 3.0 7.0 1.0 2.0 9.0 1.0 7.0 6.0 7.0 8.0 5.0 7.0 2.0 3.0 10.0 3.0 5.0 8.0 8.0 7.0 6.0 8.0 4.0 1.0 7.0 10.0 5.0 0.0
