15
1 0.0 5.0 1.0 3.0 6.0 6.0 4.0 10.0 10.0 3.0 5.0 4.0 1.0 9.0 6.0
2 5.0 0.0 5.0 10.0 4.0 2.0 7.0 7.0 1.0 2.0 2.0 8.0 4.0 2.0 8.0
3 1.0 5.0 0.0 4.0 5.0 5.0 5.0 1.0 1.0 6.0 2.0 5.0 7.0 6.0 3.0
4 3.0 10.0 4.0 0.0 10.0 7.0 3.0 1.0 3.0 3.0 10.0 1.0 10.0 1.0 5.0
5 6.0 4.0 5.0 10.0 0.0 5.0 2.0 3.0 2.0 2.0 7.0 9.0 2.0 10.0 2.0
6 6.0 2.0 5.0 7.0 5.0 0.0 1.0 7.0 8.0 7.0 6.0 3.0 7.0 6.0 4.0
7 4.0 7.0 5.0 3.0 2.0 1.0 0.0 7.0 9.0 6.0 3.0 10.0 4.0 1.0 5.0
8 10.0 7.0 1.0 1.0 3.0 7.0 7.0 0.0 9.0 8.0 7.0 6.0 2.0 10.0 8.0
9 10.0 1.0 1.0 3.0 2.0 8.0 9.0 9.0 0.0 4.0 5.0 10.0 8.0 5.0 5.0
10 3.0 2.0 6.0 3.0 2.0 7.0 6.0 8.0 4.0 0.0 4.0 10.0 7.0 6.0 4.0
11 5.0 2.0 2.0 10.0 7.0 6.0 3.0 7.0 5.0 4.0 0.0 7.0 5.0 6.0 8.0
12 4.0 8.0 5.0 1.0 9.0 3.0 10.0 6.0 10.0 10.0 7.0 0.0 1.0 2.0 8.0
13 1.0 4.0 7.0 10.0 2.0 7.0 4.0 2.0 8.0 7.0 5.0 1.0 0.0 2.0 1.0
14 9.0 2.0 6.0 1.0 10.0 6.0 1.0 10.0 5.0 6.0 6.0 2.0 2.0 0.0 3.0
15 6.0 8.0 3.0 5.0 2.0 4.0 5.0 8.0 5.0 4.0 8.0 8.0 1.0 3.0 0.0
