40
1 0.0 8.0 3.0 10.0 10.0 4.0 10.0 1.0 6.0 2.0 6.0 5.0 2.0 6.0 3.0 2.0 4.0 4.0 10.0 5.0 1.0 3.0 9.0 8.0 2.0 7.0 7.0 6.0 4.0 4.0 3.0 9.0 3.0 5.0 10.0 3.0 9.0 7.0 5.0 4.0
2 8.0 0.0 9.0 6.0 5.0 3.0 1.0 2.0 10.0 9.0 5.0 5.0 4.0 3.0 5.0 8.0 7.0 8.0 8.0 6.0 8.0 3.0 6.0 2.0 2.0 7.0 4.0 3.0 10.0 10.0 2.0 7.0 2.0 5.0 8.0 7.0 2.0 6.0 2.0 9.0
3 3.0 9.0 0.0 1.0 9.0 10.0 3.0 8.0 6.0 7.0 7.0 7.0 4.0 7.0 6.0 3.0 5.0 5.0 6.0 1.0 9.0 3.0 10.0 3.0 6.0 9.0 1.0 1.0 4.0 2.0 10.0 5.0 10.0 1.0 5.0 8.0 9.0 6.0 7.0 1.0
4 10.0 6.0 1.0 0.0 6.0 2.0 1.0 2.0 6.0 6.0 6.0 7.0 9.0 1.0 6.0 7.0 8.0 4.0 1.0 1.0 9.0 1.0 8.0 6.0 5.0 5.0 5.0 8.0 6.0 4.0 10.0 2.0 2.0 8.0 2.0 4.0 3.0 9.0 1.0 10.0
5 10.0 5.0 9.0 6.0 0.0 2.0 3.0 3.0 7.0 2.0 4.0 10.0 3.0 2.0 8.0 10.0 10.0 10.0 7.0 6.0 6.0 4.0 2.0 2.0 6.0 2.0 10.0 8.0 2.0 1.0 6.0 3.0 8.0 7.0 3.0 2.0 1.0 6.0 4.0 7.0
6 4.0 3.0 10.0 2.0 2.0 0.0 6.0 1.0 1.0 10.0 6.0 2.0 4.0 2.0 3.0 10.0 10.0 5.0 5.0 1.0 1.0 1.0 8.0 5.0 7.0 4.0 1.0 7.0 2.0 4.0 10.0 2.0 10.0 9.0 3.0 4.0 6.0 10.0 7.0 4.0
7 10.0 1.0 3.0 1.0 3.0 6.0 0.0 10.0 7.0 10.0 6.0 2.0 7.0 3.0 4.0 2.0 8.0 9.0 2.0 2.0 9.0 4.0 5.0 5.0 2.0 10.0 7.0 9.0 5.0 5.0 3.0 5.0 2.0 5.0 3.0 1.0 1.0 4.0 8.0 7.0
8 1.0 2.0 8.0 2.0 3.0 1.0 10.0 0.0 4.0 10.0 2.0 10.0 3.0 7.0 8.0 10.0 10.0 8.0 10.0 7.0 3.0 1.0 9.0 7.0 7.0 9.0 7.0 6.0 8.0 8.0 5.0 1.0 5.0 7.0 2.0 3.0 6.0 8.0 1.0 5.0
9 6.0 10.0 6.0 6.0 7.0 1.0 7.0 4.0 0.0 7.0 1.0 8.0 9.0 7.0 2.0 5.0 2.0 10.0 5.0 3.0 7.0 7.0 5.0 5.0 10.0 5.0 4.0 2.0 10.0 7.0 8.0 9.0 9.0 4.0 7.0 7.0 1.0 9.0 5.0 7.0
10 2.0 9.0 7.0 6.0 2.0 10.0 10.0 10.0 7.0 0.0 2.0 1.0 8.0 9.0 4.0 7.0 2.0 9.0 8.0 3.0 3.0 3.0 8.0 9.0 6.0 4.0 1.0 8.0 4.0 9.0 1.0 1.0 10.0 2.0 4.0 2.0 6.0 8.0 6.0 3.0
11 6.0 5.0 7.0 6.0 4.0 6.0 6.0 2.0 1.0 2.0 0.0 5.0 10.0 3.0 10.0 8.0 8.0 3.0 1.0 4.0 7.0 3.0 1.0 7.0 8.0 7.0 9.0 2.0 8.0 10.0 2.0 3.0 6.0 3.0 10.0 7.0 8.0 3.0 2.0 10.0
12 5.0 5.0 7.0 7.0 10.0 2.0 2.0 10.0 8.0 1.0 5.0 0.0 6.0 2.0 1.0 4.0 2.0 8.0 2.0 5.0 4.0 4.0 2.0 5.0 1.0 10.0 7.0 4.0 9.0 2.0 8.0 1.0 9.0 9.0 6.0 3.0 9.0 9.0 3.0 6.0
13 2.0 4.0 4.0 9.0 3.0 4.0 7.0 3.0 9.0 8.0 10.0 6.0 0.0 3.0 10.0 3.0 2.0 7.0 10.0 8.0 5.0 2.0 10.0 3.0 10.0 10.0 9.0 2.0 5.0 10.0 5.0 5.0 1.0 10.0 1.0 7.0 3.0 7.0 8.0 1.0
14 6.0 3.0 7.0 1.0 2.0 2.0 3.0 7.0 7.0 9.0 3.0 2.0 3.0 0.0 3.0 3.0 2.0 8.0 2.0 6.0 9.0 10.0 9.0 10.0 9.0 4.0 9.0 7.0 9.0 1.0 10.0 1.0 8.0 1.0 7.0 4.0 2.0 4.0 9.0 4.0
15 3.0 5.0 6.0 6.0 8.0 3.0 4.0 8.0 2.0 4.0 10.0 1.0 10.0 3.0 0.0 9.0 10.0 7.0 7.0 9.0 5.0 10.0 3.0 3.0 10.0 3.0 3.0 8.0 3.0 1.0 6.0 1.0 10.0 2.0 10.0 6.0 7.0 9.0 9.0 2.0
16 2.0 8.0 3.0 7.0 10.0 10.0 2.0 10.0 5.0 7.0 8.0 4.0 3.0 3.0 9.0 0.0 3.0 5.0 8.0 4.0 2.0 9.0 9.0 8.0 5.0 2.0 7.0 4.0 5.0 2.0 4.0 2.0 3.0 1.0 10.0 10.0 3.0 4.0 10.0 7.0
17 4.0 7.0 5.0 8.0 10.0 10.0 8.0 10.0 2.0 2.0 8.0 2.0 2.0 2.0 10.0 3.0 0.0 2.0 10.0 6.0 2.0 2.0 4.0 1.0 9.0 5.0 8.0 5.0 10.0 9.0 2.0 9.0 10.0 3.0 6.0 1.0 8.0 2.0 4.0 10.0
18 4.0 8.0 5.0 4.0 10.0 5.0 9.0 8.0 10.0 9.0 3.0 8.0 7.0 8.0 7.0 5.0 2.0 0.0 3.0 8.0 7.0 4.0 9.0 10.0 6.0 7.0 7.0 2.0 10.0 9.0 10.0 1.0 5.0 3.0 8.0 4.0 9.0 10.0 8.0 3.0
19 10.0 8.0 6.0 1.0 7.0 5.0 2.0 10.0 5.0 8.0 1.0 2.0 10.0 2.0 7.0 8.0 10.0 3.0 0.0 4.0 1.0 9.0 3.0 4.0 4.0 3.0 4.0 9.0 2.0 8.0 3.0 1.0 1.0 2.0 8.0 10.0 6.0 6.0 1.0 4.0
20 5.0 6.0 1.0 1.0 6.0 1.0 2.0 7.0 3.0 3.0 4.0 5.0 8.0 6.0 9.0 4.0 6.0 8.0 4.0 0.0 6.0 3.0 2.0 8.0 4.0 7.0 7.0 6.0 10.0 8.0 1.0 9.0 7.0 8.0 8.0 10.0 2.0 9.0 6.0 1.0
21 1.0 8.0 9.0 9.0 6.0 1.0 9.0 3.0 7.0 3.0 7.0 4.0 5.0 9.0 5.0 2.0 2.0 7.0 1.0 6.0 0.0 5.0 5.0 4.0 4.0 9.0 2.0 8.0 2.0 10.0 8.0 7.0 5.0 7.0 8.0 8.0 4.0 4.0 3.0 10.0
22 3.0 3.0 3.0 1.0 4.0 1.0 4.0 1.0 7.0 3.0 3.0 4.0 2.0 10.0 10.0 9.0 2.0 4.0 9.0 3.0 5.0 0.0 10.0 4.0 9.0 6.0 2.0 7.0 10.0 7.0 4.0 3.0 9.0 6.0 1.0 7.0 6.0 2.0 2.0 9.0
23 9.0 6.0 10.0 8.0 2.0 8.0 5.0 9.0 5.0 8.0 1.0 2.0 10.0 9.0 3.0 9.0 4.0 9.0 3.0 2.0 5.0 10.0 0.0 3.0 3.0 4.0 5.0 6.0 9.0 8.0 3.0 6.0 4.0 6.0 1.0 4.0 7.0 1.0 6.0 8.0
24 8.0 2.0 3.0 6.0 2.0 5.0 5.0 7.0 5.0 9.0 7.0 5.0 3.0 10.0 3.0 8.0 1.0 10.0 4.0 8.0 4.0 4.0 3.0 0.0 4.0 8.0 4.0 5.0 6.0 7.0 9.0 2.0 6.0 2.0 6.0 6.0 2.0 7.0 2.0 4.0
25 2.0 2.0 6.0 5.0 6.0 7.0 2.0 7.0 10.0 6.0 8.0 1.0 10.0 9.0 10.0 5.0 9.0 6.0 4.0 4.0 4.0 9.0 3.0 4.0 0.0 5.0 7.0 7.0 8.0 9.0 10.0 7.0 4.0 7.0 5.0 3.0 9.0 1.0 4.0 5.0
26 7.0 7.0 9.0 5.0 2.0 4.0 10.0 9.0 5.0 4.0 7.0 10.0 10.0 4.0 3.0 2.0 5.0 7.0 3.0 7.0 9.0 6.0 4.0 8.0 5.0 0.0 1.0 2.0 2.0 5.0 2.0 8.0 10.0 2.0 4.0 5.0 4.0 10.0 1.0 8.0
27 7.0 4.0 1.0 5.0 10.0 1.0 7.0 7.0 4.0 1.0 9.0 7.0 9.0 9.0 3.0 7.0 8.0 7.0 4.0 7.0 2.0 2.0 5.0 4.0 7.0 1.0 0.0 7.0 5.0 1.0 4.0 3.0 3.0 9.0 1.0 10.0 3.0 3.0 1.0 8.0
28 6.0 3.0 1.0 8.0 8.0 7.0 9.0 6.0 2.0 8.0 2.0 4.0 2.0 7.0 8.0 4.0 5.0 2.0 9.0 6.0 8.0 7.0 6.0 5.0 7.0 2.0 7.0 0.0 5.0 2.0 7.0 10.0 3.0 8.0 3.0 9.0 6.0 3.0 3.0 6.0
29 4.0 10.0 4.0 6.0 2.0 2.0 5.0 8.0 10.0 4.0 8.0 9.0 5.0 9.0 3.0 5.0 10.0 10.0 2.0 10.0 2.0 10.0 9.0 6.0 8.0 2.0 5.0 5.0 0.0 5.0 4.0 7.0 1.0 7.0 5.0 1.0 7.0 6.0 6.0 10.0
30 4.0 10.0 2.0 4.0 1.0 4.0 5.0 8.0 7.0 9.0 10.0 2.0 10.0 1.0 1.0 2.0 9.0 9.0 8.0 8.0 10.0 7.0 8.0 7.0 9.0 5.0 1.0 2.0 5.0 0.0 10.0 4.0 4.0 10.0 3.0 5.0 4.0 3.0 3.0 2.0
31 3.0 2.0 10.0 10.0 6.0 10.0 3.0 5.0 8.0 1.0 2.0 8.0 5.0 10.0 6.0 4.0 2.0 10.0 3.0 1.0 8.0 4.0 3.0 9.0 10.0 2.0 4.0 7.0 4.0 10.0 0.0 7.0 3.0 9.0 2.0 4.0 7.0 6.0 7.0 7.0
32 9.0 7.0 5.0 2.0 3.0 2.0 5.0 1.0 9.0 1.0 3.0 1.0 5.0 1.0 1.0 2.0 9.0 1.0 1.0 9.0 7.0 3.0 6.0 2.0 7.0 8.0 3.0 10.0 7.0 4.0 7.0 0.0 7.0 3.0 4.0 9.0 9.0 3.0 2.0 9.0
33 3.0 2.0 10.0 2.0 8.0 10.0 2.0 5.0 9.0 10.0 6.0 9.0 1.0 8.0 10.0 3.0 10.0 5.0 1.0 7.0 5.0 9.0 4.0 6.0 4.0 10.0 3.0 3.0 1.0 4.0 3.0 7.0 0.0 3.0 6.0 10.0 4.0 1.0 10.0 8.0
34 5.0 5.0 1.0 8.0 7.0 9.0 5.0 7.0 4.0 2.0 3.0 9.0 10.0 1.0 2.0 1.0 3.0 3.0 2.0 8.0 7.0 6.0 6.0 2.0 7.0 2.0 9.0 8.0 7.0 10.0 9.0 3.0 3.0 0.0 2.0 8.0 1.0 3.0 8.0 2.0
35 10.0 8.0 5.0 2.0 3.0 3.0 3.0 2.0 7.0 4.0 10.0 6.0 1.0 7.0 10.0 10.0 6.0 8.0 8.0 8.0 8.0 1.0 1.0 6.0 5.0 4.0 1.0 3.0 5.0 3.0 2.0 4.0 6.0 2.0 0.0 2.0 5.0 2.0 3.0 2.0
36 3.0 7.0 8.0 4.0 2.0 4.0 1.0 3.0 7.0 2.0 7.0 3.0 7.0 4.0 6.0 10.0 1.0 4.0 10.0 10.0 8.0 7.0 4.0 6.0 3.0 5.0 10.0 9.0 1.0 5.0 4.0 9.0 10.0 8.0 2.0 0.0 1.0 5.0 7.0 9.0
37 9.0 2.0 9.0 3.0 1.0 6.0 1.0 6.0 1.0 6.0 8.0 9.0 3.0 2.0 7.0 3.0 8.0 9.0 6.0 2.0 4.0 6.0 7.0 2.0 9.0 4.0 3.0 6.0 7.0 4.0 7.0 9.0 4.0 1.0 5.0 1.0 0.0 3.0 10.0 8.0
38 7.0 6.0 6.0 9.0 6.0 10.0 4.0 8.0 9.0 8.0 3.0 9.0 7.0 4.0 9.0 4.0 2.0 10.0 6.0 9.0 4.0 2.0 1.0 7.0 1.0 10.0 3.0 3.0 6.0 3.0 6.0 3.0 1.0 3.0 2.0 5.0 3.0 0.0 4.0 6.0
39 5.0 2.0 7.0 1.0 4.0 7.0 8.0 1.0 5.0 6.0 2.0 3.0 8.0 9.0 9.0 10.0 4.0 8.0 1.0 6.0 3.0 2.0 6.0 2.0 4.0 1.0 1.0 3.0 6.0 3.0 7.0 2.0 10.0 8.0 3.0 7.0 10.0 4.0 0.0 8.0
40 4.0 9.0 1.0 10.0 7.0 4.0 7.0 5.0 7.0 3.0 10.0 6.0 1.0 4.0 2.0 7.0 10.0 3.0 4.0 1.0 10.0 9.0 8.0 4.0 5.0 8.0 8.0 6.0 10.0 2.0 7.0 9.0 8.0 2.0 2.0 9.0 8.0 6.0 8.0 0.0
