50
1 0.0 4.0 9.0 5.0 1.0 7.0 5.0 5.0 9.0 4.0 2.0 10.0 5.0 1.0 6.0 5.0 4.0 10.0 2.0 3.0 10.0 7.0 8.0 1.0 9.0 2.0 3.0 9.0 8.0 3.0 6.0 3.0 5.0 6.0 3.0 10.0 1.0 3.0 5.0 8.0 4.0 3.0 10.0 2.0 10.0 5.0 1.0 10.0 10.0 8.0
2 4.0 0.0 4.0 2.0 1.0 7.0 10.0 10.0 9.0 7.0 2.0 6.0 7.0 6.0 9.0 1.0 1.0 9.0 5.0 5.0 4.0 5.0 4.0 2.0 1.0 5.0 5.0 8.0 5.0 3.0 4.0 2.0 10.0 10.0 9.0 4.0 4.0 6.0 10.0 9.0 10.0 5.0 1.0 1.0 10.0 6.0 3.0 3.0 8.0 1.0
3 9.0 4.0 0.0 8.0 6.0 4.0 7.0 10.0 9.0 3.0 7.0 9.0 7.0 8.0 7.0 10.0 3.0 5.0 3.0 3.0 3.0 2.0 10.0 9.0 10.0 10.0 3.0 2.0 1.0 3.0 3.0 6.0 9.0 2.0 2.0 10.0 10.0 7.0 6.0 9.0 5.0 8.0 8.0 7.0 4.0 5.0 9.0 5.0 4.0 5.0
4 5.0 2.0 8.0 0.0 4.0 4.0 2.0 5.0 7.0 6.0 10.0 5.0 8.0 5.0 4.0 6.0 6.0 6.0 1.0 5.0 10.0 8.0 3.0 4.0 5.0 1.0 3.0 9.0 6.0 5.0 3.0 8.0 2.0 3.0 9.0 1.0 2.0 10.0 2.0 9.0 3.0 3.0 4.0 2.0 4.0 5.0 9.0 8.0 6.0 8.0
5 1.0 1.0 6.0 4.0 0.0 3.0 2.0 3.0 7.0 7.0 7.0 1.0 3.0 1.0 5.0 10.0 4.0 8.0 10.0 8.0 3.0 8.0 1.0 1.0 4.0 7.0 8.0 1.0 2.0 8.0 3.0 9.0 10.0 8.0 4.0 3.0 3.0 2.0 9.0 2.0 9.0 1.0 9.0 1.0 10.0 9.0 7.0 6.0 10.0 3.0
6 7.0 7.0 4.0 4.0 3.0 0.0 3.0 2.0 4.0 5.0 10.0 2.0 3.0 10.0 10.0 9.0 6.0 9.0 6.0 9.0 7.0 9.0 2.0 4.0 6.0 4.0 3.0 9.0 10.0 3.0 5.0 4.0 10.0 6.0 6.0 8.0 3.0 9.0 5.0 7.0 7.0 2.0 7.0 6.0 5.0 3.0 10.0 1.0 10.0 9.0
7 5.0 10.0 7.0 2.0 2.0 3.0 0.0 9.0 1.0 5.0 3.0 9.0 3.0 3.0 4.0 4.0 2.0 6.0 7.0 1.0 10.0 1.0 5.0 1.0 1.0 3.0 2.0 9.0 6.0 8.0 10.0 6.0 10.0 1.0 1.0 1.0 3.0 1.0 6.0 8.0 6.0 7.0 10.0 5.0 4.0 7.0 5.0 8.0 1.0 4.0
8 5.0 10.0 10.0 5.0 3.0 2.0 9.0 0.0 2.0 2.0 2.0 2.0 2.0 8.0 2.0 5.0 7.0 5.0 6.0 8.0 10.0 9.0 8.0 9.0 5.0 10.0 1.0 3.0 3.0 4.0 3.0 6.0 3.0 5.0 2.0 10.0 3.0 6.0 10.0 9.0 2.0 7.0 8.0 2.0 7.0 4.0 1.0 10.0 1.0 5.0
9 9.0 9.0 9.0 7.0 7.0 4.0 1.0 2.0 0.0 5.0 10.0 9.0 8.0 2.0 6.0 1.0 7.0 7.0 1.0 1.0 7.0 3.0 1.0 1.0 4.0 1.0 8.0 2.0 10.0 6.0 3.0 10.0 1.0 3.0 9.0 9.0 4.0 4.0 6.0 1.0 7.0 7.0 7.0 7.0 4.0 1.0 4.0 4.0 6.0 4.0
10 4.0 7.0 3.0 6.0 7.0 5.0 5.0 2.0 5.0 0.0 1.0 6.0 8.0 8.0 1.0 5.0 7.0 10.0 2.0 8.0 8.0 2.0 9.0 6.0 6.0 8.0 4.0 2.0 6.0 7.0 1.0 2.0 9.0 3.0 1.0 4.0 8.0 8.0 7.0 4.0 5.0 2.0 7.0 2.0 6.0 3.0 8.0 4.0 6.0 4.0
11 2.0 2.0 7.0 10.0 7.0 10.0 3.0 2.0 10.0 1.0 0.0 10.0 10.0 1.0 2.0 7.0 9.0 4.0 2.0 1.0 6.0 10.0 9.0 6.0 5.0 9.0 1.0 6.0 3.0 4.0 4.0 5.0 9.0 10.0 1.0 3.0 7.0 3.0 4.0 2.0 1.0 10.0 4.0 9.0 1.0 3.0 2.0 9.0 8.0 9.0
12 10.0 6.0 9.0 5.0 1.0 2.0 9.0 2.0 9.0 6.0 10.0 0.0 6.0 10.0 6.0 6.0 10.0 8.0 2.0 7.0 7.0 1.0 2.0 7.0 3.0 2.0 10.0 6.0 3.0 3.0 4.0 7.0 6.0 1.0 10.0 4.0 1.0 4.0 3.0 6.0 5.0 3.0 4.0 7.0 2.0 8.0 10.0 9.0 9.0 1.0
13 5.0 7.0 7.0 8.0 3.0 3.0 3.0 2.0 8.0 8.0 10.0 6.0 0.0 8.0 1.0 8.0 8.0 5.0 3.0 4.0 9.0 9.0 4.0 4.0 10.0 3.0 10.0 6.0 4.0 9.0 7.0 1.0 2.0 8.0 3.0 9.0 8.0 3.0 2.0 8.0 7.0 7.0 9.0 5.0 9.0 1.0 4.0 4.0 5.0 7.0
14 1.0 6.0 8.0 5.0 1.0 10.0 3.0 8.0 2.0 8.0 1.0 10.0 8.0 0.0 2.0 2.0 3.0 7.0 6.0 6.0 9.0 5.0 5.0 4.0 7.0 6.0 4.0 9.0 10.0 1.0 1.0 5.0 9.0 2.0 10.0 5.0 3.0 6.0 9.0 2.0 1.0 7.0 10.0 1.0 8.0 10.0 3.0 6.0 8.0 5.0
15 6.0 9.0 7.0 4.0 5.0 10.0 4.0 2.0 6.0 1.0 2.0 6.0 1.0 2.0 0.0 4.0 6.0 9.0 2.0 3.0 8.0 10.0 4.0 5.0 5.0 1.0 9.0 2.0 2.0 4.0 3.0 1.0 7.0 9.0 7.0 5.0 8.0 3.0 9.0 2.0 5.0 3.0 1.0 2.0 8.0 10.0 1.0 6.0 10.0 5.0
16 5.0 1.0 10.0 6.0 10.0 9.0 4.0 5.0 1.0 5.0 7.0 6.0 8.0 2.0 4.0 0.0 5.0 1.0 6.0 4.0 2.0 2.0 1.0 7.0 10.0 6.0 10.0 10.0 2.0 9.0 4.0 2.0 3.0 6.0 7.0 9.0 7.0 5.0 6.0 8.0 7.0 1.0 3.0 9.0 9.0 10.0 4.0 6.0 9.0 10.0
17 4.0 1.0 3.0 6.0 4.0 6.0 2.0 7.0 7.0 7.0 9.0 10.0 8.0 3.0 6.0 5.0 0.0 4.0 2.0 3.0 5.0 10.0 10.0 7.0 7.0 10.0 9.0 4.0 3.0 9.0 9.0 6.0 4.0 7.0 3.0 4.0 2.0 1.0 8.0 2.0 1.0 3.0 8.0 2.0 3.0 10.0 8.0 5.0 2.0 5.0
18 10.0 9.0 5.0 6.0 8.0 9.0 6.0 5.0 7.0 10.0 4.0 8.0 5.0 7.0 9.0 1.0 4.0 0.0 3.0 5.0 5.0 1.0 9.0 3.0 7.0 5.0 6.0 6.0 10.0 7.0 6.0 8.0 10.0 5.0 6.0 7.0 6.0 10.0 4.0 5.0 9.0 9.0 3.0 4.0 3.0 6.0 5.0 6.0 9.0 8.0
19 2.0 5.0 3.0 1.0 10.0 6.0 7.0 6.0 1.0 2.0 2.0 2.0 3.0 6.0 2.0 6.0 2.0 3.0 0.0 5.0 9.0 10.0 4.0 5.0 4.0 8.0 8.0 9.0 4.0 5.0 9.0 2.0 3.0 9.0 3.0 6.0 4.0 8.0 5.0 3.0 9.0 10.0 6.0 1.0 2.0 10.0 2.0 3.0 1.0 5.0
20 3.0 5.0 3.0 5.0 8.0 9.0 1.0 8.0 1.0 8.0 1.0 7.0 4.0 6.0 3.0 4.0 3.0 5.0 5.0 0.0 9.0 10.0 10.0 8.0 6.0 2.0 1.0 3.0 1.0 2.0 1.0 8.0 4.0 8.0 1.0 4.0 7.0 2.0 8.0 5.0 8.0 4.0 5.0 8.0 2.0 4.0 3.0 2.0 6.0 5.0
21 10.0 4.0 3.0 10.0 3.0 7.0 10.0 10.0 7.0 8.0 6.0 7.0 9.0 9.0 8.0 2.0 5.0 5.0 9.0 9.0 0.0 3.0 3.0 3.0 2.0 3.0 5.0 10.0 1.0 2.0 8.0 5.0 10.0 1.0 6.0 10.0 7.0 7.0 9.0 9.0 2.0 1.0 5.0 3.0 7.0 8.0 8.0 4.0 5.0 3.0
22 7.0 5.0 2.0 8.0 8.0 9.0 1.0 9.0 3.0 2.0 10.0 1.0 9.0 5.0 10.0 2.0 10.0 1.0 10.0 10.0 3.0 0.0 7.0 2.0 2.0 6.0 5.0 1.0 3.0 8.0 4.0 3.0 8.0 1.0 2.0 7.0 2.0 6.0 8.0 8.0 7.0 6.0 3.0 6.0 7.0 7.0 1.0 2.0 1.0 3.0
23 8.0 4.0 10.0 3.0 1.0 2.0 5.0 8.0 1.0 9.0 9.0 2.0 4.0 5.0 4.0 1.0 10.0 9.0 4.0 10.0 3.0 7.0 0.0 2.0 4.0 1.0 4.0 9.0 9.0 7.0 3.0 1.0 2.0 8.0 1.0 7.0 7.0 4.0 1.0 7.0 9.0 1.0 4.0 10.0 4.0 6.0 2.0 7.0 3.0 10.0
24 1.0 2.0 9.0 4.0 1.0 4.0 1.0 9.0 1.0 6.0 6.0 7.0 4.0 4.0 5.0 7.0 7.0 3.0 5.0 8.0 3.0 2.0 2.0 0.0 3.0 6.0 5.0 5.0 4.0 8.0 7.0 10.0 6.0 2.0 10.0 8.0 4.0 3.0 2.0 1.0 3.0 5.0 5.0 4.0 7.0 6.0 4.0 1.0 4.0 3.0
25 9.0 1.0 10.0 5.0 4.0 6.0 1.0 5.0 4.0 6.0 5.0 3.0 10.0 7.0 5.0 10.0 7.0 7.0 4.0 6.0 2.0 2.0 4.0 3.0 0.0 5.0 9.0 6.0 7.0 7.0 10.0 6.0 4.0 1.0 7.0 5.0 7.0 2.0 10.0 10.0 7.0 4.0 7.0 5.0 9.0 10.0 6.0 2.0 5.0 10.0
26 2.0 5.0 10.0 1.0 7.0 4.0 3.0 10.0 1.0 8.0 9.0 2.0 3.0 6.0 1.0 6.0 10.0 5.0 8.0 2.0 3.0 6.0 1.0 6.0 5.0 0.0 7.0 2.0 5.0 5.0 3.0 1.0 2.0 8.0 4.0 4.0 10.0 2.0 10.0 8.0 6.0 2.0 6.0 6.0 8.0 1.0 4.0 5.0 4.0 1.0
27 3.0 5.0 3.0 3.0 8.0 3.0 2.0 1.0 8.0 4.0 1.0 10.0 10.0 4.0 9.0 10.0 9.0 6.0 8.0 1.0 5.0 5.0 4.0 5.0 9.0 7.0 0.0 10.0 3.0 5.0 1.0 6.0 4.0 7.0 7.0 5.0 9.0 7.0 5.0 2.0 6.0 3.0 4.0 7.0 3.0 7.0 1.0 6.0 1.0 9.0
28 9.0 8.0 2.0 9.0 1.0 9.0 9.0 3.0 2.0 2.0 6.0 6.0 6.0 9.0 2.0 10.0 4.0 6.0 9.0 3.0 10.0 1.0 9.0 5.0 6.0 2.0 10.0 0.0 4.0 4.0 5.0 5.0 5.0 1.0 3.0 4.0 6.0 7.0 10.0 7.0 7.0 7.0 1.0 9.0 10.0 7.0 10.0 7.0 2.0 6.0
29 8.0 5.0 1.0 6.0 2.0 10.0 6.0 3.0 10.0 6.0 3.0 3.0 4.0 10.0 2.0 2.0 3.0 10.0 4.0 1.0 1.0 3.0 9.0 4.0 7.0 5.0 3.0 4.0 0.0 1.0 8.0 4.0 7.0 2.0 4.0 3.0 5.0 9.0 7.0 3.0 10.0 8.0 7.0 7.0 8.0 8.0 3.0 3.0 8.0 9.0
30 3.0 3.0 3.0 5.0 8.0 3.0 8.0 4.0 6.0 7.0 4.0 3.0 9.0 1.0 4.0 9.0 9.0 7.0 5.0 2.0 2.0 8.0 7.0 8.0 7.0 5.0 5.0 4.0 1.0 0.0 3.0 2.0 10.0 1.0 5.0 3.0 10.0 8.0 2.0 3.0 1.0 9.0 4.0 4.0 7.0 6.0 5.0 3.0 9.0 8.0
31 6.0 4.0 3.0 3.0 3.0 5.0 10.0 3.0 3.0 1.0 4.0 4.0 7.0 1.0 3.0 4.0 9.0 6.0 9.0 1.0 8.0 4.0 3.0 7.0 10.0 3.0 1.0 5.0 8.0 3.0 0.0 6.0 4.0 10.0 3.0 1.0 4.0 6.0 7.0 5.0 3.0 4.0 9.0 9.0 6.0 8.0 7.0 1.0 5.0 10.0
32 3.0 2.0 6.0 8.0 9.0 4.0 6.0 6.0 10.0 2.0 5.0 7.0 1.0 5.0 1.0 2.0 6.0 8.0 2.0 8.0 5.0 3.0 1.0 10.0 6.0 1.0 6.0 5.0 4.0 2.0 6.0 0.0 8.0 1.0 10.0 8.0 5.0 4.0 7.0 3.0 3.0 7.0 1.0 1.0 8.0 6.0 6.0 10.0 2.0 6.0
33 5.0 10.0 9.0 2.0 10.0 10.0 10.0 3.0 1.0 9.0 9.0 6.0 2.0 9.0 7.0 3.0 4.0 10.0 3.0 4.0 10.0 8.0 2.0 6.0 4.0 2.0 4.0 5.0 7.0 10.0 4.0 8.0 0.0 3.0 7.0 4.0 1.0 7.0 2.0 9.0 3.0 1.0 1.0 8.0 6.0 1.0 9.0 5.0 7.0 3.0
34 6.0 10.0 2.0 3.0 8.0 6.0 1.0 5.0 3.0 3.0 10.0 1.0 8.0 2.0 9.0 6.0 7.0 5.0 9.0 8.0 1.0 1.0 8.0 2.0 1.0 8.0 7.0 1.0 2.0 1.0 10.0 1.0 3.0 0.0 3.0 3.0 10.0 7.0 7.0 10.0 1.0 2.0 10.0 4.0 8.0 5.0 1.0 8.0 5.0 3.0
35 3.0 9.0 2.0 9.0 4.0 6.0 1.0 2.0 9.0 1.0 1.0 10.0 3.0 10.0 7.0 7.0 3.0 6.0 3.0 1.0 6.0 2.0 1.0 10.0 7.0 4.0 7.0 3.0 4.0 5.0 3.0 10.0 7.0 3.0 0.0 5.0 8.0 6.0 6.0 10.0 5.0 8.0 4.0 7.0 1.0 10.0 7.0 4.0 7.0 3.0
36 10.0 4.0 10.0 1.0 3.0 8.0 1.0 10.0 9.0 4.0 3.0 4.0 9.0 5.0 5.0 9.0 4.0 7.0 6.0 4.0 10.0 7.0 7.0 8.0 5.0 4.0 5.0 4.0 3.0 3.0 1.0 8.0 4.0 3.0 5.0 0.0 10.0 5.0 6.0 1.0 6.0 4.0 9.0 10.0 2.0 1.0 1.0 3.0 5.0 8.0
37 1.0 4.0 10.0 2.0 3.0 3.0 3.0 3.0 4.0 8.0 7.0 1.0 8.0 3.0 8.0 7.0 2.0 6.0 4.0 7.0 7.0 2.0 7.0 4.0 7.0 10.0 9.0 6.0 5.0 10.0 4.0 5.0 1.0 10.0 8.0 10.0 0.0 6.0 6.0 1.0 9.0 6.0 5.0 10.0 10.0 10.0 1.0 10.0 10.0 1.0
38 3.0 6.0 7.0 10.0 2.0 9.0 1.0 6.0 4.0 8.0 3.0 4.0 3.0 6.0 3.0 5.0 1.0 10.0 8.0 2.0 7.0 6.0 4.0 3.0 2.0 2.0 7.0 7.0 9.0 8.0 6.0 4.0 7.0 7.0 6.0 5.0 6.0 0.0 5.0 8.0 9.0 2.0 3.0 6.0 10.0 10.0 4.0 2.0 10.0 8.0
39 5.0 10.0 6.0 2.0 9.0 5.0 6.0 10.0 6.0 7.0 4.0 3.0 2.0 9.0 9.0 6.0 8.0 4.0 5.0 8.0 9.0 8.0 1.0 2.0 10.0 10.0 5.0 10.0 7.0 2.0 7.0 7.0 2.0 7.0 6.0 6.0 6.0 5.0 0.0 6.0 5.0 1.0 7.0 1.0 6.0 10.0 9.0 6.0 9.0 8.0
40 8.0 9.0 9.0 9.0 2.0 7.0 8.0 9.0 1.0 4.0 2.0 6.0 8.0 2.0 2.0 8.0 2.0 5.0 3.0 5.0 9.0 8.0 7.0 1.0 10.0 8.0 2.0 7.0 3.0 3.0 5.0 3.0 9.0 10.0 10.0 1.0 1.0 8.0 6.0 0.0 10.0 8.0 3.0 10.0 1.0 9.0 7.0 8.0 1.0 4.0
41 4.0 10.0 5.0 3.0 9.0 7.0 6.0 2.0 7.0 5.0 1.0 5.0 7.0 1.0 5.0 7.0 1.0 9.0 9.0 8.0 2.0 7.0 9.0 3.0 7.0 6.0 6.0 7.0 10.0 1.0 3.0 3.0 3.0 1.0 5.0 6.0 9.0 9.0 5.0 10.0 0.0 7.0 8.0 1.0 2.0 4.0 7.0 7.0 9.0 8.0
42 3.0 5.0 8.0 3.0 1.0 2.0 7.0 7.0 7.0 2.0 10.0 3.0 7.0 7.0 3.0 1.0 3.0 9.0 10.0 4.0 1.0 6.0 1.0 5.0 4.0 2.0 3.0 7.0 8.0 9.0 4.0 7.0 1.0 2.0 8.0 4.0 6.0 2.0 1.0 8.0 7.0 0.0 1.0 1.0 8.0 4.0 8.0 5.0 9.0 5.0
43 10.0 1.0 8.0 4.0 9.0 7.0 10.0 8.0 7.0 7.0 4.0 4.0 9.0 10.0 1.0 3.0 8.0 3.0 6.0 5.0 5.0 3.0 4.0 5.0 7.0 6.0 4.0 1.0 7.0 4.0 9.0 1.0 1.0 10.0 4.0 9.0 5.0 3.0 7.0 3.0 8.0 1.0 0.0 1.0 1.0 6.0 7.0 5.0 1.0 4.0
44 2.0 1.0 7.0 2.0 1.0 6.0 5.0 2.0 7.0 2.0 9.0 7.0 5.0 1.0 2.0 9.0 2.0 4.0 1.0 8.0 3.0 6.0 10.0 4.0 5.0 6.0 7.0 9.0 7.0 4.0 9.0 1.0 8.0 4.0 7.0 10.0 10.0 6.0 1.0 10.0 1.0 1.0 1.0 0.0 8.0 9.0 3.0 7.0 4.0 9.0
45 10.0 10.0 4.0 4.0 10.0 5.0 4.0 7.0 4.0 6.0 1.0 2.0 9.0 8.0 8.0 9.0 3.0 3.0 2.0 2.0 7.0 7.0 4.0 7.0 9.0 8.0 3.0 10.0 8.0 7.0 6.0 8.0 6.0 8.0 1.0 2.0 10.0 10.0 6.0 1.0 2.0 8.0 1.0 8.0 0.0 2.0 5.0 10.0 3.0 5.0
46 5.0 6.0 5.0 5.0 9.0 3.0 7.0 4.0 1.0 3.0 3.0 8.0 1.0 10.0 10.0 10.0 10.0 6.0 10.0 4.0 8.0 7.0 6.0 6.0 10.0 1.0 7.0 7.0 8.0 6.0 8.0 6.0 1.0 5.0 10.0 1.0 10.0 10.0 10.0 9.0 4.0 4.0 6.0 9.0 2.0 0.0 9.0 5.0 2.0 1.0
47 1.0 3.0 9.0 9.0 7.0 10.0 5.0 1.0 4.0 8.0 2.0 10.0 4.0 3.0 1.0 4.0 8.0 5.0 2.0 3.0 8.0 1.0 2.0 4.0 6.0 4.0 1.0 10.0 3.0 5.0 7.0 6.0 9.0 1.0 7.0 1.0 1.0 4.0 9.0 7.0 7.0 8.0 7.0 3.0 5.0 9.0 0.0 3.0 9.0 8.0
48 10.0 3.0 5.0 8.0 6.0 1.0 8.0 10.0 4.0 4.0 9.0 9.0 4.0 6.0 6.0 6.0 5.0 6.0 3.0 2.0 4.0 2.0 7.0 1.0 2.0 5.0 6.0 7.0 3.0 3.0 1.0 10.0 5.0 8.0 4.0 3.0 10.0 2.0 6.0 8.0 7.0 5.0 5.0 7.0 10.0 5.0 3.0 0.0 7.0 9.0
49 10.0 8.0 4.0 6.0 10.0 10.0 1.0 1.0 6.0 6.0 8.0 9.0 5.0 8.0 10.0 9.0 2.0 9.0 1.0 6.0 5.0 1.0 3.0 4.0 5.0 4.0 1.0 2.0 8.0 9.0 5.0 2.0 7.0 5.0 7.0 5.0 10.0 10.0 9.0 1.0 9.0 9.0 1.0 4.0 3.0 2.0 9.0 7.0 0.0 8.0
50 8.0 1.0 5.0 8.0 3.0 9.0 4.0 5.0 4.0 4.0 9.0 1.0 7.0 5.0 5.0 10.0 5.0 8.0 5.0 5.0 3.0 3.0 10.0 3.0 10.0 1.0 9.0 6.0 9.0 8.0 10.0 6.0 3.0 3.0 3.0 8.0 1.0 8.0 8.0 4.0 8.0 5.0 4.0 9.0 5.0 1.0 8.0 9.0 8.0 0.0
