60
1 0.0 4.0 5.0 3.0 1.0 6.0 5.0 9.0 6.0 8.0 9.0 8.0 8.0 6.0 4.0 3.0 3.0 4.0 6.0 10.0 5.0 5.0 2.0 4.0 5.0 9.0 7.0 2.0 7.0 6.0 4.0 6.0 3.0 3.0 2.0 3.0 9.0 2.0 5.0 8.0 8.0 3.0 4.0 8.0 3.0 2.0 7.0 9.0 6.0 1.0 7.0 8.0 7.0 4.0 4.0 3.0 10.0 5.0 6.0 7.0
2 4.0 0.0 9.0 4.0 9.0 5.0 5.0 8.0 10.0 4.0 9.0 3.0 6.0 2.0 10.0 10.0 3.0 2.0 8.0 2.0 3.0 9.0 2.0 1.0 5.0 8.0 10.0 7.0 1.0 4.0 6.0 4.0 10.0 3.0 1.0 6.0 5.0 3.0 8.0 4.0 9.0 2.0 8.0 7.0 5.0 10.0 3.0 3.0 6.0 7.0 1.0 2.0 1.0 9.0 7.0 6.0 9.0 3.0 6.0 5.0
3 5.0 9.0 0.0 1.0 5.0 7.0 10.0 9.0 4.0 7.0 7.0 4.0 4.0 8.0 5.0 9.0 5.0 7.0 2.0 8.0 10.0 4.0 5.0 7.0 7.0 10.0 9.0 3.0 3.0 7.0 1.0 3.0 1.0 4.0 3.0 6.0 3.0 5.0 5.0 6.0 2.0 7.0 1.0 9.0 9.0 8.0 7.0 5.0 4.0 4.0 5.0 2.0 9.0 7.0 7.0 4.0 9.0 9.0 1.0 8.0
4 3.0 4.0 1.0 0.0 8.0 3.0 9.0 7.0 4.0 5.0 9.0 4.0 6.0 3.0 1.0 9.0 1.0 9.0 3.0 1.0 10.0 5.0 5.0 7.0 7.0 7.0 1.0 9.0 9.0 1.0 10.0 9.0 4.0 4.0 6.0 7.0 7.0 6.0 1.0 1.0 8.0 7.0 4.0 7.0 2.0 8.0 3.0 4.0 4.0 6.0 1.0 1.0 9.0 10.0 1.0 6.0 10.0 4.0 7.0 7.0
5 1.0 9.0 5.0 8.0 0.0 8.0 7.0 8.0 8.0 7.0 7.0 4.0 9.0 10.0 9.0 6.0 9.0 10.0 6.0 3.0 9.0 9.0 6.0 4.0 8.0 3.0 3.0 2.0 8.0 10.0 2.0 7.0 5.0 1.0 4.0 7.0 2.0 7.0 2.0 8.0 4.0 3.0 10.0 10.0 1.0 5.0 5.0 9.0 10.0 9.0 4.0 4.0 2.0 4.0 5.0 9.0 3.0 3.0 10.0 9.0
6 6.0 5.0 7.0 3.0 8.0 0.0 1.0 1.0 7.0 2.0 4.0 4.0 9.0 10.0 9.0 7.0 7.0 8.0 8.0 1.0 9.0 3.0 4.0 6.0 4.0 8.0 2.0 6.0 6.0 5.0 9.0 4.0 4.0 2.0 10.0 4.0 6.0 1.0 8.0 8.0 2.0 9.0 5.0 2.0 5.0 5.0 10.0 2.0 5.0 7.0 1.0 2.0 5.0 9.0 6.0 7.0 4.0 6.0 3.0 4.0
7 5.0 5.0 10.0 9.0 7.0 1.0 0.0 1.0 2.0 3.0 4.0 9.0 4.0 9.0 7.0 2.0 5.0 3.0 9.0 9.0 8.0 7.0 8.0 10.0 8.0 6.0 6.0 8.0 6.0 1.0 1.0 10.0 7.0 4.0 5.0 1.0 6.0 4.0 7.0 10.0 9.0 7.0 7.0 4.0 4.0 1.0 1.0 6.0 4.0 1.0 2.0 8.0 1.0 4.0 3.0 10.0 9.0 8.0 6.0 3.0
8 9.0 8.0 9.0 7.0 8.0 1.0 1.0 0.0 6.0 2.0 10.0 4.0 4.0 5.0 8.0 2.0 2.0 2.0 9.0 6.0 9.0 3.0 9.0 1.0 6.0 10.0 7.0 5.0 8.0 5.0 4.0 4.0 2.0 1.0 6.0 4.0 8.0 6.0 2.0 8.0 5.0 9.0 7.0 7.0 2.0 4.0 8.0 1.0 1.0 6.0 3.0 1.0 6.0 5.0 2.0 8.0 8.0 5.0 3.0 4.0
9 6.0 10.0 4.0 4.0 8.0 7.0 2.0 6.0 0.0 3.0 6.0 3.0 1.0 1.0 3.0 2.0 5.0 6.0 7.0 9.0 3.0 2.0 1.0 2.0 8.0 8.0 3.0 10.0 4.0 10.0 8.0 1.0 7.0 9.0 7.0 5.0 7.0 5.0 1.0 3.0 9.0 5.0 4.0 5.0 8.0 8.0 8.0 4.0 9.0 6.0 6.0 7.0 5.0 6.0 6.0 3.0 6.0 4.0 9.0 2.0
10 8.0 4.0 7.0 5.0 7.0 2.0 3.0 2.0 3.0 0.0 8.0 3.0 1.0 6.0 8.0 5.0 2.0 3.0 3.0 9.0 10.0 9.0 1.0 5.0 2.0 10.0 8.0 2.0 4.0 9.0 5.0 1.0 7.0 4.0 1.0 9.0 8.0 2.0 7.0 1.0 10.0 8.0 8.0 9.0 4.0 4.0 5.0 1.0 9.0 6.0 4.0 10.0 3.0 7.0 8.0 3.0 7.0 10.0 7.0 9.0
11 9.0 9.0 7.0 9.0 7.0 4.0 4.0 10.0 6.0 8.0 0.0 1.0 3.0 9.0 3.0 4.0 3.0 4.0 7.0 9.0 8.0 6.0 9.0 9.0 10.0 9.0 7.0 7.0 5.0 3.0 10.0 10.0 7.0 9.0 4.0 4.0 6.0 10.0 3.0 6.0 1.0 2.0 8.0 3.0 5.0 4.0 1.0 6.0 1.0 8.0 10.0 5.0 5.0 3.0 7.0 3.0 8.0 1.0 8.0 9.0
12 8.0 3.0 4.0 4.0 4.0 4.0 9.0 4.0 3.0 3.0 1.0 0.0 10.0 2.0 10.0 7.0 10.0 8.0 6.0 1.0 10.0 6.0 3.0 4.0 2.0 9.0 4.0 9.0 9.0 8.0 4.0 9.0 7.0 1.0 1.0 4.0 6.0 1.0 8.0 4.0 2.0 6.0 4.0 2.0 5.0 7.0 1.0 3.0 10.0 3.0 3.0 9.0 1.0 6.0 1.0 4.0 3.0 10.0 10.0 2.0
13 8.0 6.0 4.0 6.0 9.0 9.0 4.0 4.0 1.0 1.0 3.0 10.0 0.0 1.0 9.0 3.0 5.0 10.0 2.0 4.0 3.0 3.0 3.0 6.0 10.0 9.0 4.0 1.0 9.0 10.0 5.0 10.0 10.0 4.0 9.0 10.0 4.0 3.0 7.0 2.0 7.0 5.0 2.0 1.0 5.0 10.0 3.0 5.0 6.0 7.0 2.0 2.0 6.0 3.0 3.0 1.0 2.0 1.0 1.0 2.0
14 6.0 2.0 8.0 3.0 10.0 10.0 9.0 5.0 1.0 6.0 9.0 2.0 1.0 0.0 8.0 8.0 8.0 5.0 10.0 9.0 5.0 5.0 7.0 5.0 8.0 1.0 9.0 7.0 10.0 8.0 4.0 9.0 10.0 2.0 10.0 9.0 2.0 1.0 10.0 9.0 2.0 1.0 2.0 10.0 10.0 4.0 2.0 3.0 3.0 10.0 1.0 7.0 5.0 10.0 1.0 3.0 4.0 9.0 5.0 6.0
15 4.0 10.0 5.0 1.0 9.0 9.0 7.0 8.0 3.0 8.0 3.0 10.0 9.0 8.0 0.0 5.0 4.0 1.0 9.0 9.0 6.0 10.0 2.0 3.0 1.0 5.0 5.0 3.0 4.0 6.0 2.0 2.0 10.0 5.0 2.0 2.0 8.0 7.0 7.0 9.0 3.0 1.0 1.0 10.0 3.0 3.0 10.0 7.0 9.0 3.0 10.0 3.0 4.0 4.0 4.0 1.0 8.0 3.0 4.0 10.0
16 3.0 10.0 9.0 9.0 6.0 7.0 2.0 2.0 2.0 5.0 4.0 7.0 3.0 8.0 5.0 0.0 1.0 2.0 1.0 6.0 8.0 10.0 3.0 9.0 5.0 5.0 2.0 8.0 9.0 10.0 3.0 3.0 6.0 5.0 8.0 2.0 3.0 5.0 10.0 1.0 7.0 9.0 2.0 8.0 3.0 3.0 4.0 4.0 3.0 2.0 6.0 5.0 7.0 2.0 5.0 1.0 5.0 6.0 6.0 4.0
17 3.0 3.0 5.0 1.0 9.0 7.0 5.0 2.0 5.0 2.0 3.0 10.0 5.0 8.0 4.0 1.0 0.0 6.0 4.0 7.0 1.0 6.0 3.0 2.0 4.0 2.0 7.0 2.0 3.0 8.0 2.0 10.0 3.0 5.0 5.0 10.0 9.0 5.0 9.0 7.0 3.0 7.0 10.0 1.0 5.0 6.0 5.0 4.0 6.0 8.0 4.0 5.0 5.0 4.0 8.0 10.0 5.0 10.0 4.0 8.0
18 4.0 2.0 7.0 9.0 10.0 8.0 3.0 2.0 6.0 3.0 4.0 8.0 10.0 5.0 1.0 2.0 6.0 0.0 2.0 10.0 8.0 2.0 1.0 2.0 4.0 3.0 9.0 4.0 10.0 5.0 7.0 5.0 7.0 3.0 8.0 3.0 7.0 4.0 5.0 10.0 5.0 8.0 9.0 3.0 2.0 3.0 8.0 3.0 10.0 6.0 7.0 1.0 4.0 1.0 10.0 8.0 5.0 4.0 8.0 7.0
19 6.0 8.0 2.0 3.0 6.0 8.0 9.0 9.0 7.0 3.0 7.0 6.0 2.0 10.0 9.0 1.0 4.0 2.0 0.0 5.0 10.0 2.0 5.0 7.0 9.0 5.0 8.0 1.0 3.0 9.0 2.0 5.0 5.0 3.0 6.0 7.0 3.0 1.0 9.0 2.0 4.0 4.0 8.0 1.0 3.0 7.0 5.0 7.0 4.0 4.0 6.0 10.0 6.0 2.0 5.0 2.0 2.0 5.0 6.0 5.0
20 10.0 2.0 8.0 1.0 3.0 1.0 9.0 6.0 9.0 9.0 9.0 1.0 4.0 9.0 9.0 6.0 7.0 10.0 5.0 0.0 4.0 10.0 4.0 7.0 6.0 4.0 10.0 5.0 7.0 4.0 5.0 10.0 2.0 2.0 5.0 8.0 1.0 6.0 9.0 7.0 10.0 2.0 2.0 8.0 6.0 5.0 4.0 7.0 6.0 1.0 7.0 2.0 6.0 8.0 2.0 3.0 5.0 5.0 2.0 7.0
21 5.0 3.0 10.0 10.0 9.0 9.0 8.0 9.0 3.0 10.0 8.0 10.0 3.0 5.0 6.0 8.0 1.0 8.0 10.0 4.0 0.0 8.0 3.0 2.0 8.0 7.0 4.0 9.0 10.0 3.0 9.0 6.0 3.0 7.0 6.0 5.0 10.0 5.0 7.0 4.0 4.0 9.0 6.0 6.0 8.0 10.0 5.0 1.0 1.0 8.0 4.0 6.0 8.0 6.0 1.0 1.0 10.0 5.0 6.0 6.0
22 5.0 9.0 4.0 5.0 9.0 3.0 7.0 3.0 2.0 9.0 6.0 6.0 3.0 5.0 10.0 10.0 6.0 2.0 2.0 10.0 8.0 0.0 4.0 5.0 8.0 2.0 3.0 8.0 7.0 7.0 6.0 10.0 2.0 4.0 9.0 6.0 4.0 8.0 10.0 3.0 2.0 5.0 7.0 10.0 9.0 2.0 6.0 5.0 6.0 5.0 10.0 8.0 4.0 9.0 3.0 6.0 5.0 8.0 10.0 8.0
23 2.0 2.0 5.0 5.0 6.0 4.0 8.0 9.0 1.0 1.0 9.0 3.0 3.0 7.0 2.0 3.0 3.0 1.0 5.0 4.0 3.0 4.0 0.0 1.0 3.0 5.0 9.0 9.0 6.0 7.0 4.0 4.0 7.0 4.0 7.0 7.0 1.0 1.0 3.0 8.0 1.0 2.0 8.0 7.0 9.0 7.0 3.0 3.0 3.0 7.0 4.0 9.0 4.0 5.0 1.0 6.0 3.0 10.0 9.0 1.0
24 4.0 1.0 7.0 7.0 4.0 6.0 10.0 1.0 2.0 5.0 9.0 4.0 6.0 5.0 3.0 9.0 2.0 2.0 7.0 7.0 2.0 5.0 1.0 0.0 2.0 1.0 8.0 6.0 5.0 7.0 5.0 1.0 9.0 6.0 7.0 10.0 7.0 1.0 1.0 1.0 4.0 2.0 8.0 3.0 4.0 2.0 6.0 9.0 5.0 4.0 8.0 2.0 7.0 7.0 5.0 5.0 10.0 3.0 1.0 3.0
25 5.0 5.0 7.0 7.0 8.0 4.0 8.0 6.0 8.0 2.0 10.0 2.0 10.0 8.0 1.0 5.0 4.0 4.0 9.0 6.0 8.0 8.0 3.0 2.0 0.0 2.0 10.0 9.0 2.0 7.0 7.0 8.0 6.0 1.0 5.0 9.0 7.0 9.0 1.0 1.0 7.0 6.0 5.0 4.0 10.0 4.0 4.0 3.0 6.0 2.0 2.0 5.0 1.0 2.0 10.0 10.0 6.0 5.0 7.0 9.0
26 9.0 8.0 10.0 7.0 3.0 8.0 6.0 10.0 8.0 10.0 9.0 9.0 9.0 1.0 5.0 5.0 2.0 3.0 5.0 4.0 7.0 2.0 5.0 1.0 2.0 0.0 5.0 6.0 5.0 6.0 5.0 7.0 9.0 2.0 5.0 4.0 3.0 2.0 5.0 9.0 6.0 7.0 10.0 9.0 9.0 7.0 3.0 10.0 5.0 2.0 3.0 3.0 10.0 3.0 1.0 8.0 8.0 9.0 10.0 10.0
27 7.0 10.0 9.0 1.0 3.0 2.0 6.0 7.0 3.0 8.0 7.0 4.0 4.0 9.0 5.0 2.0 7.0 9.0 8.0 10.0 4.0 3.0 9.0 8.0 10.0 5.0 0.0 6.0 1.0 7.0 2.0 3.0 6.0 2.0 8.0 2.0 10.0 8.0 7.0 7.0 4.0 6.0 7.0 4.0 9.0 2.0 2.0 7.0 7.0 7.0 10.0 1.0 2.0 7.0 4.0 1.0 4.0 10.0 1.0 7.0
28 2.0 7.0 3.0 9.0 2.0 6.0 8.0 5.0 10.0 2.0 7.0 9.0 1.0 7.0 3.0 8.0 2.0 4.0 1.0 5.0 9.0 8.0 9.0 6.0 9.0 6.0 6.0 0.0 5.0 5.0 6.0 3.0 5.0 8.0 4.0 9.0 8.0 8.0 10.0 3.0 7.0 3.0 9.0 5.0 9.0 8.0 7.0 4.0 9.0 3.0 6.0 8.0 9.0 9.0 5.0 3.0 8.0 8.0 10.0 2.0
29 7.0 1.0 3.0 9.0 8.0 6.0 6.0 8.0 4.0 4.0 5.0 9.0 9.0 10.0 4.0 9.0 3.0 10.0 3.0 7.0 10.0 7.0 6.0 5.0 2.0 5.0 1.0 5.0 0.0 6.0 7.0 8.0 9.0 8.0 10.0 9.0 1.0 6.0 9.0 7.0 6.0 10.0 8.0 4.0 7.0 5.0 10.0 6.0 5.0 5.0 7.0 4.0 2.0 8.0 5.0 2.0 2.0 4.0 5.0 10.0
30 6.0 4.0 7.0 1.0 10.0 5.0 1.0 5.0 10.0 9.0 3.0 8.0 10.0 8.0 6.0 10.0 8.0 5.0 9.0 4.0 3.0 7.0 7.0 7.0 7.0 6.0 7.0 5.0 6.0 0.0 9.0 4.0 2.0 3.0 3.0 10.0 6.0 6.0 2.0 1.0 1.0 5.0 10.0 8.0 4.0 4.0 8.0 2.0 2.0 1.0 9.0 1.0 1.0 6.0 6.0 1.0 4.0 3.0 3.0 4.0
31 4.0 6.0 1.0 10.0 2.0 9.0 1.0 4.0 8.0 5.0 10.0 4.0 5.0 4.0 2.0 3.0 2.0 7.0 2.0 5.0 9.0 6.0 4.0 5.0 7.0 5.0 2.0 6.0 7.0 9.0 0.0 4.0 8.0 2.0 5.0 3.0 6.0 7.0 6.0 3.0 9.0 7.0 4.0 1.0 7.0 9.0 2.0 3.0 6.0 4.0 3.0 8.0 8.0 1.0 7.0 3.0 9.0 8.0 3.0 10.0
32 6.0 4.0 3.0 9.0 7.0 4.0 10.0 4.0 1.0 1.0 10.0 9.0 10.0 9.0 2.0 3.0 10.0 5.0 5.0 10.0 6.0 10.0 4.0 1.0 8.0 7.0 3.0 3.0 8.0 4.0 4.0 0.0 8.0 6.0 10.0 1.0 2.0 9.0 4.0 2.0 7.0 1.0 4.0 8.0 6.0 10.0 4.0 2.0 5.0 10.0 10.0 4.0 9.0 4.0 1.0 10.0 8.0 7.0 2.0 6.0
33 3.0 10.0 1.0 4.0 5.0 4.0 7.0 2.0 7.0 7.0 7.0 7.0 10.0 10.0 10.0 6.0 3.0 7.0 5.0 2.0 3.0 2.0 7.0 9.0 6.0 9.0 6.0 5.0 9.0 2.0 8.0 8.0 0.0 6.0 2.0 8.0 8.0 6.0 4.0 1.0 3.0 5.0 4.0 6.0 5.0 6.0 6.0 2.0 9.0 8.0 8.0 8.0 7.0 4.0 3.0 7.0 6.0 1.0 6.0 6.0
34 3.0 3.0 4.0 4.0 1.0 2.0 4.0 1.0 9.0 4.0 9.0 1.0 4.0 2.0 5.0 5.0 5.0 3.0 3.0 2.0 7.0 4.0 4.0 6.0 1.0 2.0 2.0 8.0 8.0 3.0 2.0 6.0 6.0 0.0 2.0 1.0 9.0 1.0 4.0 1.0 10.0 4.0 2.0 1.0 10.0 10.0 9.0 3.0 10.0 4.0 9.0 3.0 8.0 10.0 8.0 10.0 8.0 1.0 10.0 1.0
35 2.0 1.0 3.0 6.0 4.0 10.0 5.0 6.0 7.0 1.0 4.0 1.0 9.0 10.0 2.0 8.0 5.0 8.0 6.0 5.0 6.0 9.0 7.0 7.0 5.0 5.0 8.0 4.0 10.0 3.0 5.0 10.0 2.0 2.0 0.0 4.0 1.0 3.0 5.0 8.0 5.0 5.0 1.0 9.0 10.0 7.0 9.0 4.0 4.0 8.0 6.0 6.0 2.0 7.0 8.0 2.0 4.0 6.0 10.0 7.0
36 3.0 6.0 6.0 7.0 7.0 4.0 1.0 4.0 5.0 9.0 4.0 4.0 10.0 9.0 2.0 2.0 10.0 3.0 7.0 8.0 5.0 6.0 7.0 10.0 9.0 4.0 2.0 9.0 9.0 10.0 3.0 1.0 8.0 1.0 4.0 0.0 4.0 10.0 10.0 2.0 2.0 5.0 6.0 9.0 10.0 10.0 7.0 1.0 5.0 6.0 4.0 7.0 1.0 8.0 8.0 10.0 7.0 8.0 6.0 10.0
37 9.0 5.0 3.0 7.0 2.0 6.0 6.0 8.0 7.0 8.0 6.0 6.0 4.0 2.0 8.0 3.0 9.0 7.0 3.0 1.0 10.0 4.0 1.0 7.0 7.0 3.0 10.0 8.0 1.0 6.0 6.0 2.0 8.0 9.0 1.0 4.0 0.0 8.0 6.0 7.0 9.0 3.0 2.0 10.0 9.0 2.0 2.0 6.0 2.0 1.0 7.0 9.0 7.0 7.0 8.0 10.0 8.0 2.0 2.0 6.0
38 2.0 3.0 5.0 6.0 7.0 1.0 4.0 6.0 5.0 2.0 10.0 1.0 3.0 1.0 7.0 5.0 5.0 4.0 1.0 6.0 5.0 8.0 1.0 1.0 9.0 2.0 8.0 8.0 6.0 6.0 7.0 9.0 6.0 1.0 3.0 10.0 8.0 0.0 3.0 7.0 6.0 9.0 10.0 1.0 9.0 5.0 10.0 9.0 2.0 6.0 1.0 8.0 3.0 3.0 1.0 5.0 10.0 4.0 7.0 9.0
39 5.0 8.0 5.0 1.0 2.0 8.0 7.0 2.0 1.0 7.0 3.0 8.0 7.0 10.0 7.0 10.0 9.0 5.0 9.0 9.0 7.0 10.0 3.0 1.0 1.0 5.0 7.0 10.0 9.0 2.0 6.0 4.0 4.0 4.0 5.0 10.0 6.0 3.0 0.0 1.0 5.0 1.0 5.0 5.0 10.0 5.0 1.0 4.0 6.0 8.0 6.0 5.0 2.0 9.0 8.0 7.0 3.0 3.0 3.0 2.0
40 8.0 4.0 6.0 1.0 8.0 8.0 10.0 8.0 3.0 1.0 6.0 4.0 2.0 9.0 9.0 1.0 7.0 10.0 2.0 7.0 4.0 3.0 8.0 1.0 1.0 9.0 7.0 3.0 7.0 1.0 3.0 2.0 1.0 1.0 8.0 2.0 7.0 7.0 1.0 0.0 7.0 4.0 4.0 7.0 2.0 1.0 6.0 9.0 10.0 6.0 2.0 7.0 1.0 5.0 8.0 6.0 8.0 10.0 8.0 4.0
41 8.0 9.0 2.0 8.0 4.0 2.0 9.0 5.0 9.0 10.0 1.0 2.0 7.0 2.0 3.0 7.0 3.0 5.0 4.0 10.0 4.0 2.0 1.0 4.0 7.0 6.0 4.0 7.0 6.0 1.0 9.0 7.0 3.0 10.0 5.0 2.0 9.0 6.0 5.0 7.0 0.0 4.0 8.0 6.0 6.0 6.0 3.0 5.0 1.0 10.0 1.0 10.0 2.0 6.0 9.0 3.0 6.0 10.0 6.0 7.0
42 3.0 2.0 7.0 7.0 3.0 9.0 7.0 9.0 5.0 8.0 2.0 6.0 5.0 1.0 1.0 9.0 7.0 8.0 4.0 2.0 9.0 5.0 2.0 2.0 6.0 7.0 6.0 3.0 10.0 5.0 7.0 1.0 5.0 4.0 5.0 5.0 3.0 9.0 1.0 4.0 4.0 0.0 5.0 3.0 2.0 7.0 6.0 6.0 8.0 10.0 4.0 6.0 5.0 3.0 5.0 9.0 8.0 6.0 7.0 3.0
43 4.0 8.0 1.0 4.0 10.0 5.0 7.0 7.0 4.0 8.0 8.0 4.0 2.0 2.0 1.0 2.0 10.0 9.0 8.0 2.0 6.0 7.0 8.0 8.0 5.0 10.0 7.0 9.0 8.0 10.0 4.0 4.0 4.0 2.0 1.0 6.0 2.0 10.0 5.0 4.0 8.0 5.0 0.0 1.0 10.0 1.0 9.0 6.0 7.0 10.0 8.0 3.0 1.0 5.0 4.0 9.0 5.0 1.0 5.0 7.0
44 8.0 7.0 9.0 7.0 10.0 2.0 4.0 7.0 5.0 9.0 3.0 2.0 1.0 10.0 10.0 8.0 1.0 3.0 1.0 8.0 6.0 10.0 7.0 3.0 4.0 9.0 4.0 5.0 4.0 8.0 1.0 8.0 6.0 1.0 9.0 9.0 10.0 1.0 5.0 7.0 6.0 3.0 1.0 0.0 10.0 1.0 2.0 6.0 8.0 7.0 3.0 10.0 5.0 2.0 10.0 7.0 9.0 9.0 3.0 5.0
45 3.0 5.0 9.0 2.0 1.0 5.0 4.0 2.0 8.0 4.0 5.0 5.0 5.0 10.0 3.0 3.0 5.0 2.0 3.0 6.0 8.0 9.0 9.0 4.0 10.0 9.0 9.0 9.0 7.0 4.0 7.0 6.0 5.0 10.0 10.0 10.0 9.0 9.0 10.0 2.0 6.0 2.0 10.0 10.0 0.0 3.0 9.0 8.0 7.0 8.0 5.0 7.0 1.0 6.0 7.0 2.0 3.0 4.0 6.0 5.0
46 2.0 10.0 8.0 8.0 5.0 5.0 1.0 4.0 8.0 4.0 4.0 7.0 10.0 4.0 3.0 3.0 6.0 3.0 7.0 5.0 10.0 2.0 7.0 2.0 4.0 7.0 2.0 8.0 5.0 4.0 9.0 10.0 6.0 10.0 7.0 10.0 2.0 5.0 5.0 1.0 6.0 7.0 1.0 1.0 3.0 0.0 6.0 6.0 8.0 7.0 1.0 6.0 9.0 10.0 3.0 9.0 9.0 6.0 10.0 3.0
47 7.0 3.0 7.0 3.0 5.0 10.0 1.0 8.0 8.0 5.0 1.0 1.0 3.0 2.0 10.0 4.0 5.0 8.0 5.0 4.0 5.0 6.0 3.0 6.0 4.0 3.0 2.0 7.0 10.0 8.0 2.0 4.0 6.0 9.0 9.0 7.0 2.0 10.0 1.0 6.0 3.0 6.0 9.0 2.0 9.0 6.0 0.0 5.0 6.0 9.0 3.0 3.0 5.0 8.0 4.0 1.0 3.0 3.0 5.0 4.0
48 9.0 3.0 5.0 4.0 9.0 2.0 6.0 1.0 4.0 1.0 6.0 3.0 5.0 3.0 7.0 4.0 4.0 3.0 7.0 7.0 1.0 5.0 3.0 9.0 3.0 10.0 7.0 4.0 6.0 2.0 3.0 2.0 2.0 3.0 4.0 1.0 6.0 9.0 4.0 9.0 5.0 6.0 6.0 6.0 8.0 6.0 5.0 0.0 4.0 2.0 2.0 5.0 7.0 9.0 9.0 1.0 8.0 3.0 8.0 1.0
49 6.0 6.0 4.0 4.0 10.0 5.0 4.0 1.0 9.0 9.0 1.0 10.0 6.0 3.0 9.0 3.0 6.0 10.0 4.0 6.0 1.0 6.0 3.0 5.0 6.0 5.0 7.0 9.0 5.0 2.0 6.0 5.0 9.0 10.0 4.0 5.0 2.0 2.0 6.0 10.0 1.0 8.0 7.0 8.0 7.0 8.0 6.0 4.0 0.0 4.0 9.0 2.0 2.0 5.0 4.0 3.0 2.0 5.0 4.0 5.0
50 1.0 7.0 4.0 6.0 9.0 7.0 1.0 6.0 6.0 6.0 8.0 3.0 7.0 10.0 3.0 2.0 8.0 6.0 4.0 1.0 8.0 5.0 7.0 4.0 2.0 2.0 7.0 3.0 5.0 1.0 4.0 10.0 8.0 4.0 8.0 6.0 1.0 6.0 8.0 6.0 10.0 10.0 10.0 7.0 8.0 7.0 9.0 2.0 4.0 0.0 6.0 2.0 8.0 4.0 9.0 9.0 3.0 10.0 7.0 2.0
51 7.0 1.0 5.0 1.0 4.0 1.0 2.0 3.0 6.0 4.0 10.0 3.0 2.0 1.0 10.0 6.0 4.0 7.0 6.0 7.0 4.0 10.0 4.0 8.0 2.0 3.0 10.0 6.0 7.0 9.0 3.0 10.0 8.0 9.0 6.0 4.0 7.0 1.0 6.0 2.0 1.0 4.0 8.0 3.0 5.0 1.0 3.0 2.0 9.0 6.0 0.0 10.0 8.0 9.0 7.0 6.0 8.0 3.0 10.0 9.0
52 8.0 2.0 2.0 1.0 4.0 2.0 8.0 1.0 7.0 10.0 5.0 9.0 2.0 7.0 3.0 5.0 5.0 1.0 10.0 2.0 6.0 8.0 9.0 2.0 5.0 3.0 1.0 8.0 4.0 1.0 8.0 4.0 8.0 3.0 6.0 7.0 9.0 8.0 5.0 7.0 10.0 6.0 3.0 10.0 7.0 6.0 3.0 5.0 2.0 2.0 10.0 0.0 3.0 3.0 5.0 5.0 5.0 10.0 4.0 1.0
53 7.0 1.0 9.0 9.0 2.0 5.0 1.0 6.0 5.0 3.0 5.0 1.0 6.0 5.0 4.0 7.0 5.0 4.0 6.0 6.0 8.0 4.0 4.0 7.0 1.0 10.0 2.0 9.0 2.0 1.0 8.0 9.0 7.0 8.0 2.0 1.0 7.0 3.0 2.0 1.0 2.0 5.0 1.0 5.0 1.0 9.0 5.0 7.0 2.0 8.0 8.0 3.0 0.0 7.0 9.0 2.0 4.0 10.0 7.0 2.0
54 4.0 9.0 7.0 10.0 4.0 9.0 4.0 5.0 6.0 7.0 3.0 6.0 3.0 10.0 4.0 2.0 4.0 1.0 2.0 8.0 6.0 9.0 5.0 7.0 2.0 3.0 7.0 9.0 8.0 6.0 1.0 4.0 4.0 10.0 7.0 8.0 7.0 3.0 9.0 5.0 6.0 3.0 5.0 2.0 6.0 10.0 8.0 9.0 5.0 4.0 9.0 3.0 7.0 0.0 1.0 4.0 1.0 3.0 4.0 2.0
55 4.0 7.0 7.0 1.0 5.0 6.0 3.0 2.0 6.0 8.0 7.0 1.0 3.0 1.0 4.0 5.0 8.0 10.0 5.0 2.0 1.0 3.0 1.0 5.0 10.0 1.0 4.0 5.0 5.0 6.0 7.0 1.0 3.0 8.0 8.0 8.0 8.0 1.0 8.0 8.0 9.0 5.0 4.0 10.0 7.0 3.0 4.0 9.0 4.0 9.0 7.0 5.0 9.0 1.0 0.0 10.0 5.0 5.0 2.0 9.0
56 3.0 6.0 4.0 6.0 9.0 7.0 10.0 8.0 3.0 3.0 3.0 4.0 1.0 3.0 1.0 1.0 10.0 8.0 2.0 3.0 1.0 6.0 6.0 5.0 10.0 8.0 1.0 3.0 2.0 1.0 3.0 10.0 7.0 10.0 2.0 10.0 10.0 5.0 7.0 6.0 3.0 9.0 9.0 7.0 2.0 9.0 1.0 1.0 3.0 9.0 6.0 5.0 2.0 4.0 10.0 0.0 10.0 2.0 9.0 3.0
57 10.0 9.0 9.0 10.0 3.0 4.0 9.0 8.0 6.0 7.0 8.0 3.0 2.0 4.0 8.0 5.0 5.0 5.0 2.0 5.0 10.0 5.0 3.0 10.0 6.0 8.0 4.0 8.0 2.0 4.0 9.0 8.0 6.0 8.0 4.0 7.0 8.0 10.0 3.0 8.0 6.0 8.0 5.0 9.0 3.0 9.0 3.0 8.0 2.0 3.0 8.0 5.0 4.0 1.0 5.0 10.0 0.0 4.0 9.0 7.0
58 5.0 3.0 9.0 4.0 3.0 6.0 8.0 5.0 4.0 10.0 1.0 10.0 1.0 9.0 3.0 6.0 10.0 4.0 5.0 5.0 5.0 8.0 10.0 3.0 5.0 9.0 10.0 8.0 4.0 3.0 8.0 7.0 1.0 1.0 6.0 8.0 2.0 4.0 3.0 10.0 10.0 6.0 1.0 9.0 4.0 6.0 3.0 3.0 5.0 10.0 3.0 10.0 10.0 3.0 5.0 2.0 4.0 0.0 3.0 10.0
59 6.0 6.0 1.0 7.0 10.0 3.0 6.0 3.0 9.0 7.0 8.0 10.0 1.0 5.0 4.0 6.0 4.0 8.0 6.0 2.0 6.0 10.0 9.0 1.0 7.0 10.0 1.0 10.0 5.0 3.0 3.0 2.0 6.0 10.0 10.0 6.0 2.0 7.0 3.0 8.0 6.0 7.0 5.0 3.0 6.0 10.0 5.0 8.0 4.0 7.0 10.0 4.0 7.0 4.0 2.0 9.0 9.0 3.0 0.0 4.0
60 7.0 5.0 8.0 7.0 9.0 4.0 3.0 4.0 2.0 9.0 9.0 2.0 2.0 6.0 10.0 4.0 8.0 7.0 5.0 7.0 6.0 8.0 1.0 3.0 9.0 10.0 7.0 2.0 10.0 4.0 10.0 6.0 6.0 1.0 7.0 10.0 6.0 9.0 2.0 4.0 7.0 3.0 7.0 5.0 5.0 3.0 4.0 1.0 5.0 2.0 9.0 1.0 2.0 2.0 9.0 3.0 7.0 10.0 4.0 0.0
