50
1 0.0 10.0 8.0 8.0 4.0 3.0 1.0 4.0 5.0 2.0 10.0 8.0 8.0 8.0 3.0 2.0 6.0 4.0 8.0 7.0 7.0 10.0 10.0 3.0 7.0 6.0 10.0 4.0 8.0 2.0 7.0 9.0 1.0 5.0 9.0 4.0 9.0 8.0 8.0 3.0 10.0 2.0 4.0 5.0 9.0 6.0 5.0 6.0 6.0 8.0
2 10.0 0.0 5.0 2.0 3.0 6.0 3.0 2.0 2.0 8.0 4.0 3.0 4.0 4.0 10.0 9.0 9.0 4.0 3.0 8.0 10.0 2.0 5.0 5.0 6.0 4.0 2.0 6.0 7.0 8.0 6.0 5.0 1.0 9.0 3.0 10.0 1.0 1.0 2.0 1.0 3.0 3.0 6.0 1.0 2.0 1.0 3.0 4.0 4.0 2.0
3 8.0 5.0 0.0 7.0 7.0 4.0 5.0 3.0 5.0 6.0 9.0 9.0 10.0 8.0 5.0 5.0 8.0 6.0 5.0 9.0 5.0 10.0 7.0 5.0 5.0 8.0 9.0 5.0 9.0 7.0 5.0 7.0 7.0 2.0 7.0 8.0 6.0 6.0 1.0 6.0 5.0 5.0 10.0 6.0 9.0 4.0 5.0 6.0 5.0 2.0
4 8.0 2.0 7.0 0.0 3.0 5.0 9.0 1.0 8.0 1.0 2.0 9.0 4.0 2.0 1.0 4.0 7.0 9.0 6.0 4.0 9.0 6.0 1.0 9.0 7.0 1.0 8.0 4.0 7.0 4.0 6.0 1.0 10.0 7.0 9.0 7.0 10.0 5.0 3.0 3.0 10.0 4.0 5.0 1.0 8.0 7.0 8.0 2.0 9.0 10.0
5 4.0 3.0 7.0 3.0 0.0 9.0 10.0 4.0 5.0 10.0 2.0 5.0 4.0 8.0 5.0 3.0 5.0 1.0 6.0 2.0 8.0 6.0 10.0 3.0 5.0 8.0 9.0 8.0 5.0 6.0 1.0 2.0 9.0 1.0 1.0 6.0 2.0 4.0 10.0 6.0 2.0 10.0 1.0 1.0 4.0 5.0 8.0 8.0 9.0 1.0
6 3.0 6.0 4.0 5.0 9.0 0.0 9.0 6.0 3.0 9.0 10.0 2.0 1.0 5.0 7.0 1.0 8.0 1.0 7.0 7.0 7.0 9.0 5.0 4.0 9.0 3.0 3.0 6.0 8.0 6.0 5.0 9.0 2.0 2.0 7.0 7.0 7.0 7.0 10.0 7.0 9.0 8.0 3.0 1.0 3.0 8.0 2.0 7.0 6.0 8.0
7 1.0 3.0 5.0 9.0 10.0 9.0 0.0 1.0 1.0 3.0 10.0 1.0 7.0 7.0 9.0 9.0 3.0 7.0 1.0 5.0 10.0 1.0 9.0 7.0 9.0 7.0 6.0 10.0 1.0 6.0 2.0 3.0 4.0 4.0 8.0 6.0 1.0 4.0 9.0 8.0 8.0 10.0 5.0 9.0 2.0 1.0 6.0 3.0 4.0 2.0
8 4.0 2.0 3.0 1.0 4.0 6.0 1.0 0.0 5.0 5.0 8.0 1.0 6.0 6.0 3.0 7.0 10.0 8.0 6.0 4.0 7.0 10.0 1.0 3.0 6.0 4.0 2.0 7.0 5.0 6.0 8.0 7.0 3.0 8.0 8.0 9.0 3.0 1.0 10.0 3.0 9.0 9.0 4.0 5.0 3.0 2.0 7.0 4.0 5.0 8.0
9 5.0 2.0 5.0 8.0 5.0 3.0 1.0 5.0 0.0 3.0 6.0 3.0 10.0 1.0 8.0 10.0 1.0 8.0 1.0 10.0 10.0 1.0 1.0 10.0 5.0 9.0 4.0 1.0 7.0 8.0 3.0 5.0 2.0 1.0 10.0 8.0 3.0 8.0 8.0 4.0 2.0 6.0 5.0 9.0 7.0 5.0 6.0 5.0 1.0 8.0
10 2.0 8.0 6.0 1.0 10.0 9.0 3.0 5.0 3.0 0.0 9.0 4.0 4.0 7.0 10.0 8.0 5.0 8.0 8.0 3.0 3.0 6.0 4.0 8.0 6.0 8.0 2.0 9.0 4.0 3.0 3.0 1.0 7.0 1.0 8.0 5.0 1.0 1.0 9.0 10.0 10.0 3.0 9.0 2.0 5.0 3.0 9.0 2.0 5.0 6.0
11 10.0 4.0 9.0 2.0 2.0 10.0 10.0 8.0 6.0 9.0 0.0 4.0 5.0 8.0 1.0 4.0 7.0 2.0 3.0 9.0 4.0 3.0 5.0 1.0 5.0 7.0 3.0 7.0 4.0 10.0 8.0 9.0 7.0 6.0 7.0 4.0 3.0 7.0 4.0 2.0 4.0 6.0 1.0 1.0 8.0 4.0 4.0 1.0 2.0 8.0
12 8.0 3.0 9.0 9.0 5.0 2.0 1.0 1.0 3.0 4.0 4.0 0.0 1.0 2.0 9.0 6.0 7.0 9.0 5.0 10.0 10.0 7.0 10.0 6.0 9.0 10.0 7.0 7.0 8.0 2.0 3.0 6.0 7.0 3.0 10.0 6.0 4.0 3.0 1.0 1.0 8.0 1.0 8.0 4.0 10.0 1.0 6.0 10.0 3.0 9.0
13 8.0 4.0 10.0 4.0 4.0 1.0 7.0 6.0 10.0 4.0 5.0 1.0 0.0 8.0 7.0 1.0 2.0 3.0 10.0 7.0 8.0 5.0 6.0 6.0 2.0 4.0 1.0 3.0 7.0 2.0 3.0 4.0 4.0 2.0 8.0 4.0 2.0 10.0 1.0 5.0 5.0 5.0 10.0 2.0 3.0 6.0 5.0 7.0 7.0 3.0
14 8.0 4.0 8.0 2.0 8.0 5.0 7.0 6.0 1.0 7.0 8.0 2.0 8.0 0.0 8.0 6.0 4.0 5.0 7.0 9.0 5.0 4.0 6.0 5.0 7.0 7.0 5.0 5.0 1.0 3.0 4.0 8.0 9.0 7.0 5.0 5.0 5.0 9.0 1.0 9.0 3.0 2.0 10.0 2.0 2.0 9.0 7.0 2.0 9.0 5.0
15 3.0 10.0 5.0 1.0 5.0 7.0 9.0 3.0 8.0 10.0 1.0 9.0 7.0 8.0 0.0 1.0 3.0 2.0 2.0 5.0 4.0 1.0 9.0 6.0 9.0 5.0 7.0 6.0 2.0 7.0 3.0 1.0 7.0 8.0 9.0 7.0 7.0 5.0 5.0 6.0 2.0 3.0 6.0 2.0 5.0 9.0 7.0 8.0 8.0 9.0
16 2.0 9.0 5.0 4.0 3.0 1.0 9.0 7.0 10.0 8.0 4.0 6.0 1.0 6.0 1.0 0.0 6.0 9.0 9.0 7.0 6.0 1.0 5.0 8.0 8.0 7.0 9.0 3.0 1.0 4.0 10.0 2.0 6.0 2.0 6.0 6.0 7.0 2.0 6.0 9.0 4.0 8.0 4.0 7.0 10.0 9.0 3.0 1.0 1.0 4.0
17 6.0 9.0 8.0 7.0 5.0 8.0 3.0 10.0 1.0 5.0 7.0 7.0 2.0 4.0 3.0 6.0 0.0 4.0 4.0 10.0 1.0 3.0 7.0 7.0 8.0 10.0 8.0 4.0 3.0 10.0 2.0 3.0 9.0 8.0 6.0 3.0 6.0 4.0 5.0 4.0 4.0 3.0 3.0 4.0 8.0 9.0 4.0 3.0 4.0 8.0
18 4.0 4.0 6.0 9.0 1.0 1.0 7.0 8.0 8.0 8.0 2.0 9.0 3.0 5.0 2.0 9.0 4.0 0.0 2.0 2.0 3.0 7.0 5.0 2.0 3.0 4.0 2.0 9.0 3.0 4.0 5.0 9.0 9.0 2.0 3.0 6.0 4.0 5.0 8.0 7.0 8.0 3.0 8.0 6.0 6.0 6.0 7.0 10.0 1.0 4.0
19 8.0 3.0 5.0 6.0 6.0 7.0 1.0 6.0 1.0 8.0 3.0 5.0 10.0 7.0 2.0 9.0 4.0 2.0 0.0 8.0 9.0 2.0 8.0 8.0 5.0 4.0 6.0 8.0 7.0 6.0 7.0 2.0 9.0 7.0 7.0 5.0 6.0 2.0 5.0 6.0 10.0 4.0 9.0 6.0 1.0 10.0 2.0 5.0 10.0 8.0
20 7.0 8.0 9.0 4.0 2.0 7.0 5.0 4.0 10.0 3.0 9.0 10.0 7.0 9.0 5.0 7.0 10.0 2.0 8.0 0.0 9.0 10.0 6.0 3.0 6.0 4.0 5.0 4.0 7.0 1.0 7.0 2.0 8.0 4.0 9.0 5.0 8.0 7.0 9.0 3.0 5.0 8.0 1.0 8.0 6.0 6.0 2.0 6.0 5.0 5.0
21 7.0 10.0 5.0 9.0 8.0 7.0 10.0 7.0 10.0 3.0 4.0 10.0 8.0 5.0 4.0 6.0 1.0 3.0 9.0 9.0 0.0 2.0 8.0 3.0 8.0 10.0 2.0 5.0 4.0 6.0 2.0 4.0 1.0 1.0 2.0 6.0 10.0 4.0 10.0 2.0 1.0 6.0 2.0 10.0 3.0 4.0 4.0 2.0 6.0 5.0
22 10.0 2.0 10.0 6.0 6.0 9.0 1.0 10.0 1.0 6.0 3.0 7.0 5.0 4.0 1.0 1.0 3.0 7.0 2.0 10.0 2.0 0.0 4.0 7.0 5.0 10.0 4.0 5.0 5.0 4.0 1.0 5.0 5.0 1.0 4.0 6.0 9.0 8.0 6.0 2.0 5.0 6.0 8.0 3.0 3.0 6.0 8.0 4.0 6.0 10.0
23 10.0 5.0 7.0 1.0 10.0 5.0 9.0 1.0 1.0 4.0 5.0 10.0 6.0 6.0 9.0 5.0 7.0 5.0 8.0 6.0 8.0 4.0 0.0 9.0 4.0 7.0 5.0 7.0 7.0 6.0 10.0 2.0 6.0 4.0 3.0 4.0 5.0 1.0 1.0 3.0 2.0 2.0 1.0 7.0 8.0 9.0 2.0 4.0 2.0 10.0
24 3.0 5.0 5.0 9.0 3.0 4.0 7.0 3.0 10.0 8.0 1.0 6.0 6.0 5.0 6.0 8.0 7.0 2.0 8.0 3.0 3.0 7.0 9.0 0.0 3.0 9.0 5.0 4.0 1.0 5.0 9.0 7.0 8.0 1.0 10.0 4.0 8.0 4.0 10.0 2.0 6.0 3.0 8.0 4.0 3.0 4.0 1.0 8.0 2.0 3.0
25 7.0 6.0 5.0 7.0 5.0 9.0 9.0 6.0 5.0 6.0 5.0 9.0 2.0 7.0 9.0 8.0 8.0 3.0 5.0 6.0 8.0 5.0 4.0 3.0 0.0 1.0 6.0 5.0 1.0 6.0 6.0 7.0 10.0 3.0 1.0 9.0 4.0 1.0 4.0 10.0 4.0 6.0 5.0 2.0 7.0 7.0 6.0 7.0 3.0 9.0
26 6.0 4.0 8.0 1.0 8.0 3.0 7.0 4.0 9.0 8.0 7.0 10.0 4.0 7.0 5.0 7.0 10.0 4.0 4.0 4.0 10.0 10.0 7.0 9.0 1.0 0.0 4.0 6.0 7.0 5.0 4.0 1.0 5.0 4.0 8.0 3.0 9.0 6.0 6.0 8.0 10.0 1.0 3.0 3.0 7.0 4.0 2.0 7.0 8.0 3.0
27 10.0 2.0 9.0 8.0 9.0 3.0 6.0 2.0 4.0 2.0 3.0 7.0 1.0 5.0 7.0 9.0 8.0 2.0 6.0 5.0 2.0 4.0 5.0 5.0 6.0 4.0 0.0 9.0 4.0 2.0 3.0 1.0 9.0 4.0 5.0 9.0 9.0 1.0 4.0 9.0 4.0 5.0 8.0 6.0 6.0 10.0 1.0 2.0 3.0 8.0
28 4.0 6.0 5.0 4.0 8.0 6.0 10.0 7.0 1.0 9.0 7.0 7.0 3.0 5.0 6.0 3.0 4.0 9.0 8.0 4.0 5.0 5.0 7.0 4.0 5.0 6.0 9.0 0.0 4.0 6.0 7.0 8.0 7.0 7.0 3.0 3.0 3.0 9.0 3.0 8.0 2.0 3.0 6.0 5.0 9.0 9.0 1.0 10.0 5.0 3.0
29 8.0 7.0 9.0 7.0 5.0 8.0 1.0 5.0 7.0 4.0 4.0 8.0 7.0 1.0 2.0 1.0 3.0 3.0 7.0 7.0 4.0 5.0 7.0 1.0 1.0 7.0 4.0 4.0 0.0 6.0 2.0 9.0 4.0 10.0 3.0 5.0 1.0 7.0 4.0 9.0 10.0 4.0 7.0 4.0 4.0 3.0 6.0 5.0 5.0 9.0
30 2.0 8.0 7.0 4.0 6.0 6.0 6.0 6.0 8.0 3.0 10.0 2.0 2.0 3.0 7.0 4.0 10.0 4.0 6.0 1.0 6.0 4.0 6.0 5.0 6.0 5.0 2.0 6.0 6.0 0.0 10.0 10.0 1.0 5.0 9.0 2.0 3.0 6.0 6.0 6.0 6.0 9.0 6.0 4.0 6.0 2.0 9.0 9.0 6.0 3.0
31 7.0 6.0 5.0 6.0 1.0 5.0 2.0 8.0 3.0 3.0 8.0 3.0 3.0 4.0 3.0 10.0 2.0 5.0 7.0 7.0 2.0 1.0 10.0 9.0 6.0 4.0 3.0 7.0 2.0 10.0 0.0 2.0 6.0 2.0 3.0 6.0 3.0 6.0 8.0 5.0 4.0 8.0 1.0 8.0 6.0 10.0 8.0 5.0 3.0 4.0
32 9.0 5.0 7.0 1.0 2.0 9.0 3.0 7.0 5.0 1.0 9.0 6.0 4.0 8.0 1.0 2.0 3.0 9.0 2.0 2.0 4.0 5.0 2.0 7.0 7.0 1.0 1.0 8.0 9.0 10.0 2.0 0.0 9.0 7.0 8.0 2.0 2.0 8.0 2.0 10.0 5.0 9.0 6.0 10.0 5.0 8.0 1.0 6.0 5.0 6.0
33 1.0 1.0 7.0 10.0 9.0 2.0 4.0 3.0 2.0 7.0 7.0 7.0 4.0 9.0 7.0 6.0 9.0 9.0 9.0 8.0 1.0 5.0 6.0 8.0 10.0 5.0 9.0 7.0 4.0 1.0 6.0 9.0 0.0 9.0 1.0 4.0 3.0 5.0 1.0 2.0 8.0 9.0 8.0 5.0 4.0 5.0 1.0 1.0 5.0 7.0
34 5.0 9.0 2.0 7.0 1.0 2.0 4.0 8.0 1.0 1.0 6.0 3.0 2.0 7.0 8.0 2.0 8.0 2.0 7.0 4.0 1.0 1.0 4.0 1.0 3.0 4.0 4.0 7.0 10.0 5.0 2.0 7.0 9.0 0.0 5.0 3.0 10.0 3.0 6.0 5.0 3.0 3.0 3.0 8.0 6.0 5.0 8.0 2.0 5.0 6.0
35 9.0 3.0 7.0 9.0 1.0 7.0 8.0 8.0 10.0 8.0 7.0 10.0 8.0 5.0 9.0 6.0 6.0 3.0 7.0 9.0 2.0 4.0 3.0 10.0 1.0 8.0 5.0 3.0 3.0 9.0 3.0 8.0 1.0 5.0 0.0 4.0 2.0 9.0 8.0 1.0 9.0 7.0 8.0 6.0 7.0 3.0 8.0 3.0 7.0 2.0
36 4.0 10.0 8.0 7.0 6.0 7.0 6.0 9.0 8.0 5.0 4.0 6.0 4.0 5.0 7.0 6.0 3.0 6.0 5.0 5.0 6.0 6.0 4.0 4.0 9.0 3.0 9.0 3.0 5.0 2.0 6.0 2.0 4.0 3.0 4.0 0.0 1.0 7.0 6.0 4.0 4.0 9.0 1.0 4.0 1.0 3.0 9.0 4.0 3.0 5.0
37 9.0 1.0 6.0 10.0 2.0 7.0 1.0 3.0 3.0 1.0 3.0 4.0 2.0 5.0 7.0 7.0 6.0 4.0 6.0 8.0 10.0 9.0 5.0 8.0 4.0 9.0 9.0 3.0 1.0 3.0 3.0 2.0 3.0 10.0 2.0 1.0 0.0 10.0 9.0 10.0 2.0 7.0 7.0 6.0 4.0 8.0 10.0 10.0 9.0 6.0
38 8.0 1.0 6.0 5.0 4.0 7.0 4.0 1.0 8.0 1.0 7.0 3.0 10.0 9.0 5.0 2.0 4.0 5.0 2.0 7.0 4.0 8.0 1.0 4.0 1.0 6.0 1.0 9.0 7.0 6.0 6.0 8.0 5.0 3.0 9.0 7.0 10.0 0.0 3.0 4.0 7.0 5.0 3.0 1.0 2.0 8.0 6.0 10.0 3.0 8.0
39 8.0 2.0 1.0 3.0 10.0 10.0 9.0 10.0 8.0 9.0 4.0 1.0 1.0 1.0 5.0 6.0 5.0 8.0 5.0 9.0 10.0 6.0 1.0 10.0 4.0 6.0 4.0 3.0 4.0 6.0 8.0 2.0 1.0 6.0 8.0 6.0 9.0 3.0 0.0 1.0 5.0 3.0 7.0 4.0 7.0 4.0 1.0 2.0 1.0 9.0
40 3.0 1.0 6.0 3.0 6.0 7.0 8.0 3.0 4.0 10.0 2.0 1.0 5.0 9.0 6.0 9.0 4.0 7.0 6.0 3.0 2.0 2.0 3.0 2.0 10.0 8.0 9.0 8.0 9.0 6.0 5.0 10.0 2.0 5.0 1.0 4.0 10.0 4.0 1.0 0.0 9.0 3.0 2.0 1.0 6.0 4.0 10.0 6.0 7.0 4.0
41 10.0 3.0 5.0 10.0 2.0 9.0 8.0 9.0 2.0 10.0 4.0 8.0 5.0 3.0 2.0 4.0 4.0 8.0 10.0 5.0 1.0 5.0 2.0 6.0 4.0 10.0 4.0 2.0 10.0 6.0 4.0 5.0 8.0 3.0 9.0 4.0 2.0 7.0 5.0 9.0 0.0 10.0 2.0 3.0 2.0 10.0 10.0 8.0 2.0 1.0
42 2.0 3.0 5.0 4.0 10.0 8.0 10.0 9.0 6.0 3.0 6.0 1.0 5.0 2.0 3.0 8.0 3.0 3.0 4.0 8.0 6.0 6.0 2.0 3.0 6.0 1.0 5.0 3.0 4.0 9.0 8.0 9.0 9.0 3.0 7.0 9.0 7.0 5.0 3.0 3.0 10.0 0.0 9.0 6.0 8.0 5.0 10.0 5.0 6.0 2.0
43 4.0 6.0 10.0 5.0 1.0 3.0 5.0 4.0 5.0 9.0 1.0 8.0 10.0 10.0 6.0 4.0 3.0 8.0 9.0 1.0 2.0 8.0 1.0 8.0 5.0 3.0 8.0 6.0 7.0 6.0 1.0 6.0 8.0 3.0 8.0 1.0 7.0 3.0 7.0 2.0 2.0 9.0 0.0 7.0 3.0 10.0 7.0 1.0 6.0 8.0
44 5.0 1.0 6.0 1.0 1.0 1.0 9.0 5.0 9.0 2.0 1.0 4.0 2.0 2.0 2.0 7.0 4.0 6.0 6.0 8.0 10.0 3.0 7.0 4.0 2.0 3.0 6.0 5.0 4.0 4.0 8.0 10.0 5.0 8.0 6.0 4.0 6.0 1.0 4.0 1.0 3.0 6.0 7.0 0.0 2.0 7.0 3.0 6.0 9.0 1.0
45 9.0 2.0 9.0 8.0 4.0 3.0 2.0 3.0 7.0 5.0 8.0 10.0 3.0 2.0 5.0 10.0 8.0 6.0 1.0 6.0 3.0 3.0 8.0 3.0 7.0 7.0 6.0 9.0 4.0 6.0 6.0 5.0 4.0 6.0 7.0 1.0 4.0 2.0 7.0 6.0 2.0 8.0 3.0 2.0 0.0 9.0 5.0 3.0 9.0 1.0
46 6.0 1.0 4.0 7.0 5.0 8.0 1.0 2.0 5.0 3.0 4.0 1.0 6.0 9.0 9.0 9.0 9.0 6.0 10.0 6.0 4.0 6.0 9.0 4.0 7.0 4.0 10.0 9.0 3.0 2.0 10.0 8.0 5.0 5.0 3.0 3.0 8.0 8.0 4.0 4.0 10.0 5.0 10.0 7.0 9.0 0.0 9.0 3.0 8.0 10.0
47 5.0 3.0 5.0 8.0 8.0 2.0 6.0 7.0 6.0 9.0 4.0 6.0 5.0 7.0 7.0 3.0 4.0 7.0 2.0 2.0 4.0 8.0 2.0 1.0 6.0 2.0 1.0 1.0 6.0 9.0 8.0 1.0 1.0 8.0 8.0 9.0 10.0 6.0 1.0 10.0 10.0 10.0 7.0 3.0 5.0 9.0 0.0 10.0 8.0 4.0
48 6.0 4.0 6.0 2.0 8.0 7.0 3.0 4.0 5.0 2.0 1.0 10.0 7.0 2.0 8.0 1.0 3.0 10.0 5.0 6.0 2.0 4.0 4.0 8.0 7.0 7.0 2.0 10.0 5.0 9.0 5.0 6.0 1.0 2.0 3.0 4.0 10.0 10.0 2.0 6.0 8.0 5.0 1.0 6.0 3.0 3.0 10.0 0.0 9.0 1.0
49 6.0 4.0 5.0 9.0 9.0 6.0 4.0 5.0 1.0 5.0 2.0 3.0 7.0 9.0 8.0 1.0 4.0 1.0 10.0 5.0 6.0 6.0 2.0 2.0 3.0 8.0 3.0 5.0 5.0 6.0 3.0 5.0 5.0 5.0 7.0 3.0 9.0 3.0 1.0 7.0 2.0 6.0 6.0 9.0 9.0 8.0 8.0 9.0 0.0 9.0
50 8.0 2.0 2.0 10.0 1.0 8.0 2.0 8.0 8.0 6.0 8.0 9.0 3.0 5.0 9.0 4.0 8.0 4.0 8.0 5.0 5.0 10.0 10.0 3.0 9.0 3.0 8.0 3.0 9.0 3.0 4.0 6.0 7.0 6.0 2.0 5.0 6.0 8.0 9.0 4.0 1.0 2.0 8.0 1.0 1.0 10.0 4.0 1.0 9.0 0.0
