60
1 0.0 3.0 4.0 2.0 9.0 4.0 1.0 9.0 4.0 6.0 5.0 6.0 1.0 2.0 1.0 3.0 1.0 4.0 2.0 9.0 3.0 10.0 6.0 6.0 3.0 3.0 4.0 9.0 7.0 10.0 9.0 4.0 4.0 7.0 8.0 9.0 3.0 9.0 10.0 9.0 1.0 2.0 7.0 3.0 5.0 2.0 5.0 4.0 2.0 5.0 5.0 5.0 8.0 7.0 10.0 3.0 1.0 2.0 8.0 6.0
2 3.0 0.0 6.0 4.0 5.0 7.0 2.0 10.0 10.0 2.0 4.0 3.0 3.0 4.0 5.0 4.0 3.0 7.0 3.0 7.0 8.0 6.0 6.0 2.0 1.0 2.0 3.0 1.0 9.0 1.0 2.0 5.0 6.0 9.0 7.0 9.0 3.0 3.0 1.0 9.0 5.0 10.0 5.0 1.0 7.0 10.0 6.0 6.0 3.0 3.0 1.0 2.0 8.0 7.0 4.0 5.0 7.0 10.0 8.0 7.0
3 4.0 6.0 0.0 8.0 9.0 8.0 5.0 8.0 1.0 5.0 8.0 3.0 10.0 3.0 3.0 7.0 1.0 6.0 3.0 9.0 3.0 5.0 9.0 1.0 5.0 1.0 1.0 2.0 2.0 9.0 7.0 7.0 3.0 9.0 2.0 6.0 1.0 1.0 6.0 1.0 6.0 4.0 7.0 6.0 4.0 4.0 9.0 6.0 9.0 2.0 2.0 7.0 7.0 7.0 7.0 9.0 8.0 2.0 7.0 1.0
4 2.0 4.0 8.0 0.0 5.0 5.0 1.0 9.0 3.0 7.0 6.0 8.0 7.0 3.0 8.0 7.0 9.0 1.0 4.0 9.0 2.0 7.0 5.0 5.0 4.0 9.0 8.0 1.0 4.0 7.0 8.0 9.0 1.0 9.0 7.0 9.0 4.0 4.0 2.0 3.0 5.0 2.0 4.0 10.0 3.0 9.0 5.0 6.0 4.0 9.0 3.0 1.0 6.0 3.0 5.0 2.0 10.0 9.0 4.0 5.0
5 9.0 5.0 9.0 5.0 0.0 1.0 7.0 8.0 6.0 7.0 10.0 6.0 9.0 8.0 4.0 4.0 2.0 2.0 7.0 6.0 3.0 2.0 3.0 2.0 8.0 6.0 7.0 10.0 3.0 4.0 9.0 2.0 5.0 9.0 7.0 9.0 1.0 6.0 8.0 1.0 8.0 10.0 4.0 3.0 9.0 9.0 8.0 10.0 7.0 1.0 3.0 4.0 3.0 2.0 8.0 4.0 9.0 3.0 4.0 9.0
6 4.0 7.0 8.0 5.0 1.0 0.0 10.0 6.0 1.0 2.0 7.0 7.0 10.0 9.0 1.0 1.0 2.0 10.0 4.0 3.0 8.0 2.0 3.0 3.0 5.0 3.0 6.0 2.0 2.0 5.0 7.0 7.0 6.0 1.0 1.0 1.0 4.0 5.0 5.0 6.0 6.0 6.0 7.0 1.0 3.0 4.0 3.0 2.0 4.0 7.0 3.0 9.0 4.0 3.0 3.0 7.0 4.0 7.0 5.0 4.0
7 1.0 2.0 5.0 1.0 7.0 10.0 0.0 5.0 7.0 2.0 3.0 9.0 9.0 9.0 10.0 8.0 8.0 1.0 9.0 1.0 7.0 2.0 9.0 5.0 10.0 7.0 4.0 6.0 6.0 2.0 2.0 8.0 1.0 8.0 1.0 8.0 4.0 10.0 10.0 7.0 1.0 6.0 6.0 3.0 8.0 8.0 10.0 10.0 8.0 3.0 7.0 3.0 3.0 10.0 5.0 9.0 4.0 5.0 6.0 2.0
8 9.0 10.0 8.0 9.0 8.0 6.0 5.0 0.0 7.0 8.0 5.0 8.0 8.0 1.0 9.0 2.0 10.0 3.0 4.0 6.0 6.0 4.0 3.0 7.0 1.0 4.0 8.0 6.0 2.0 1.0 4.0 10.0 9.0 6.0 7.0 7.0 3.0 6.0 6.0 3.0 4.0 10.0 2.0 1.0 3.0 8.0 6.0 4.0 1.0 4.0 9.0 2.0 1.0 8.0 9.0 5.0 10.0 9.0 10.0 3.0
9 4.0 10.0 1.0 3.0 6.0 1.0 7.0 7.0 0.0 4.0 1.0 9.0 3.0 8.0 10.0 4.0 5.0 1.0 4.0 10.0 1.0 3.0 8.0 3.0 5.0 9.0 10.0 1.0 5.0 3.0 1.0 9.0 10.0 2.0 1.0 6.0 1.0 2.0 10.0 7.0 8.0 5.0 8.0 9.0 6.0 8.0 7.0 2.0 7.0 4.0 7.0 1.0 4.0 8.0 7.0 1.0 4.0 7.0 4.0 1.0
10 6.0 2.0 5.0 7.0 7.0 2.0 2.0 8.0 4.0 0.0 7.0 3.0 3.0 9.0 8.0 2.0 3.0 7.0 9.0 4.0 1.0 8.0 1.0 5.0 5.0 4.0 6.0 4.0 6.0 6.0 9.0 2.0 2.0 9.0 5.0 1.0 1.0 5.0 5.0 3.0 10.0 6.0 9.0 4.0 1.0 10.0 8.0 2.0 8.0 4.0 10.0 4.0 10.0 1.0 9.0 7.0 9.0 3.0 9.0 10.0
11 5.0 4.0 8.0 6.0 10.0 7.0 3.0 5.0 1.0 7.0 0.0 7.0 4.0 10.0 7.0 1.0 4.0 2.0 1.0 8.0 7.0 4.0 6.0 10.0 10.0 10.0 7.0 3.0 7.0 1.0 3.0 6.0 9.0 9.0 1.0 4.0 5.0 4.0 1.0 10.0 7.0 8.0 8.0 10.0 10.0 10.0 3.0 5.0 5.0 8.0 8.0 8.0 9.0 8.0 7.0 10.0 10.0 4.0 6.0 8.0
12 6.0 3.0 3.0 8.0 6.0 7.0 9.0 8.0 9.0 3.0 7.0 0.0 2.0 4.0 10.0 1.0 6.0 9.0 4.0 8.0 7.0 7.0 2.0 4.0 8.0 2.0 2.0 4.0 9.0 2.0 3.0 6.0 8.0 4.0 5.0 5.0 10.0 7.0 2.0 4.0 2.0 1.0 4.0 8.0 7.0 9.0 7.0 7.0 6.0 1.0 7.0 1.0 1.0 1.0 5.0 7.0 6.0 8.0 3.0 4.0
13 1.0 3.0 10.0 7.0 9.0 10.0 9.0 8.0 3.0 3.0 4.0 2.0 0.0 6.0 6.0 10.0 10.0 1.0 1.0 1.0 5.0 2.0 9.0 2.0 8.0 6.0 4.0 3.0 8.0 10.0 2.0 2.0 4.0 3.0 1.0 5.0 7.0 4.0 5.0 2.0 6.0 4.0 5.0 2.0 1.0 6.0 9.0 7.0 1.0 9.0 8.0 1.0 8.0 7.0 9.0 1.0 5.0 9.0 7.0 4.0
14 2.0 4.0 3.0 3.0 8.0 9.0 9.0 1.0 8.0 9.0 10.0 4.0 6.0 0.0 8.0 5.0 10.0 3.0 3.0 8.0 6.0 2.0 6.0 8.0 6.0 10.0 4.0 2.0 8.0 8.0 4.0 2.0 6.0 2.0 1.0 6.0 4.0 8.0 9.0 2.0 9.0 9.0 3.0 8.0 3.0 3.0 6.0 5.0 9.0 2.0 10.0 8.0 2.0 9.0 2.0 4.0 2.0 3.0 5.0 6.0
15 1.0 5.0 3.0 8.0 4.0 1.0 10.0 9.0 10.0 8.0 7.0 10.0 6.0 8.0 0.0 1.0 9.0 1.0 5.0 1.0 2.0 10.0 2.0 7.0 4.0 10.0 2.0 7.0 9.0 2.0 3.0 6.0 5.0 4.0 7.0 8.0 6.0 5.0 3.0 1.0 8.0 3.0 9.0 7.0 9.0 9.0 1.0 5.0 3.0 4.0 7.0 10.0 9.0 8.0 3.0 4.0 9.0 5.0 5.0 10.0
16 3.0 4.0 7.0 7.0 4.0 1.0 8.0 2.0 4.0 2.0 1.0 1.0 10.0 5.0 1.0 0.0 6.0 4.0 9.0 4.0 10.0 9.0 5.0 1.0 5.0 2.0 8.0 3.0 1.0 10.0 3.0 2.0 2.0 3.0 4.0 5.0 5.0 6.0 1.0 6.0 9.0 10.0 10.0 2.0 3.0 4.0 1.0 9.0 1.0 7.0 1.0 1.0 6.0 9.0 4.0 3.0 1.0 3.0 1.0 7.0
17 1.0 3.0 1.0 9.0 2.0 2.0 8.0 10.0 5.0 3.0 4.0 6.0 10.0 10.0 9.0 6.0 0.0 7.0 4.0 7.0 9.0 5.0 8.0 7.0 3.0 2.0 3.0 10.0 8.0 4.0 7.0 3.0 4.0 5.0 7.0 4.0 9.0 9.0 3.0 2.0 2.0 4.0 10.0 2.0 5.0 10.0 5.0 5.0 2.0 3.0 5.0 9.0 9.0 5.0 6.0 10.0 10.0 7.0 10.0 3.0
18 4.0 7.0 6.0 1.0 2.0 10.0 1.0 3.0 1.0 7.0 2.0 9.0 1.0 3.0 1.0 4.0 7.0 0.0 8.0 9.0 6.0 6.0 1.0 5.0 9.0 10.0 3.0 8.0 10.0 9.0 9.0 4.0 2.0 10.0 9.0 1.0 5.0 7.0 3.0 5.0 1.0 8.0 6.0 9.0 5.0 4.0 5.0 6.0 3.0 2.0 10.0 4.0 3.0 10.0 3.0 2.0 1.0 7.0 2.0 8.0
19 2.0 3.0 3.0 4.0 7.0 4.0 9.0 4.0 4.0 9.0 1.0 4.0 1.0 3.0 5.0 9.0 4.0 8.0 0.0 4.0 7.0 9.0 6.0 8.0 1.0 6.0 3.0 8.0 10.0 5.0 10.0 5.0 8.0 5.0 5.0 2.0 10.0 2.0 4.0 7.0 7.0 1.0 9.0 10.0 5.0 3.0 8.0 6.0 2.0 3.0 7.0 5.0 8.0 3.0 1.0 10.0 1.0 4.0 3.0 2.0
20 9.0 7.0 9.0 9.0 6.0 3.0 1.0 6.0 10.0 4.0 8.0 8.0 1.0 8.0 1.0 4.0 7.0 9.0 4.0 0.0 7.0 2.0 9.0 10.0 8.0 5.0 3.0 3.0 10.0 5.0 1.0 8.0 10.0 10.0 9.0 6.0 4.0 2.0 4.0 10.0 10.0 9.0 7.0 6.0 8.0 3.0 6.0 2.0 3.0 1.0 9.0 8.0 10.0 9.0 2.0 5.0 9.0 3.0 8.0 4.0
21 3.0 8.0 3.0 2.0 3.0 8.0 7.0 6.0 1.0 1.0 7.0 7.0 5.0 6.0 2.0 10.0 9.0 6.0 7.0 7.0 0.0 10.0 10.0 1.0 7.0 2.0 7.0 2.0 5.0 10.0 4.0 2.0 4.0 2.0 8.0 4.0 10.0 1.0 10.0 8.0 5.0 1.0 8.0 1.0 9.0 2.0 5.0 6.0 9.0 1.0 2.0 6.0 9.0 5.0 2.0 8.0 8.0 7.0 6.0 5.0
22 10.0 6.0 5.0 7.0 2.0 2.0 2.0 4.0 3.0 8.0 4.0 7.0 2.0 2.0 10.0 9.0 5.0 6.0 9.0 2.0 10.0 0.0 7.0 3.0 5.0 4.0 5.0 3.0 10.0 3.0 4.0 1.0 5.0 4.0 3.0 9.0 3.0 4.0 6.0 4.0 10.0 9.0 8.0 9.0 10.0 6.0 5.0 10.0 10.0 3.0 9.0 10.0 1.0 3.0 5.0 5.0 9.0 7.0 7.0 3.0
23 6.0 6.0 9.0 5.0 3.0 3.0 9.0 3.0 8.0 1.0 6.0 2.0 9.0 6.0 2.0 5.0 8.0 1.0 6.0 9.0 10.0 7.0 0.0 7.0 5.0 9.0 1.0 4.0 6.0 3.0 4.0 8.0 1.0 8.0 3.0 1.0 2.0 6.0 3.0 2.0 3.0 9.0 10.0 10.0 4.0 5.0 7.0 7.0 6.0 1.0 8.0 3.0 9.0 10.0 1.0 2.0 6.0 4.0 9.0 2.0
24 6.0 2.0 1.0 5.0 2.0 3.0 5.0 7.0 3.0 5.0 10.0 4.0 2.0 8.0 7.0 1.0 7.0 5.0 8.0 10.0 1.0 3.0 7.0 0.0 8.0 6.0 10.0 10.0 4.0 10.0 6.0 3.0 2.0 7.0 3.0 4.0 8.0 4.0 2.0 7.0 5.0 6.0 8.0 7.0 7.0 6.0 5.0 10.0 9.0 5.0 1.0 8.0 3.0 3.0 8.0 2.0 5.0 10.0 5.0 9.0
25 3.0 1.0 5.0 4.0 8.0 5.0 10.0 1.0 5.0 5.0 10.0 8.0 8.0 6.0 4.0 5.0 3.0 9.0 1.0 8.0 7.0 5.0 5.0 8.0 0.0 8.0 4.0 4.0 5.0 6.0 10.0 9.0 5.0 1.0 1.0 4.0 6.0 7.0 5.0 10.0 8.0 2.0 2.0 5.0 1.0 6.0 7.0 5.0 7.0 10.0 10.0 6.0 9.0 6.0 2.0 10.0 1.0 3.0 10.0 10.0
26 3.0 2.0 1.0 9.0 6.0 3.0 7.0 4.0 9.0 4.0 10.0 2.0 6.0 10.0 10.0 2.0 2.0 10.0 6.0 5.0 2.0 4.0 9.0 6.0 8.0 0.0 2.0 8.0 8.0 1.0 9.0 7.0 1.0 2.0 9.0 6.0 5.0 5.0 4.0 4.0 2.0 9.0 2.0 7.0 2.0 9.0 2.0 7.0 1.0 5.0 8.0 6.0 7.0 9.0 2.0 5.0 8.0 8.0 2.0 5.0
27 4.0 3.0 1.0 8.0 7.0 6.0 4.0 8.0 10.0 6.0 7.0 2.0 4.0 4.0 2.0 8.0 3.0 3.0 3.0 3.0 7.0 5.0 1.0 10.0 4.0 2.0 0.0 3.0 7.0 1.0 4.0 6.0 1.0 1.0 1.0 8.0 1.0 5.0 8.0 1.0 2.0 5.0 2.0 6.0 3.0 8.0 9.0 3.0 9.0 9.0 10.0 3.0 10.0 7.0 4.0 1.0 9.0 4.0 4.0 5.0
28 9.0 1.0 2.0 1.0 10.0 2.0 6.0 6.0 1.0 4.0 3.0 4.0 3.0 2.0 7.0 3.0 10.0 8.0 8.0 3.0 2.0 3.0 4.0 10.0 4.0 8.0 3.0 0.0 8.0 8.0 7.0 7.0 2.0 3.0 6.0 7.0 2.0 4.0 9.0 7.0 10.0 2.0 9.0 6.0 9.0 8.0 3.0 9.0 3.0 8.0 9.0 4.0 7.0 10.0 3.0 4.0 2.0 5.0 1.0 3.0
29 7.0 9.0 2.0 4.0 3.0 2.0 6.0 2.0 5.0 6.0 7.0 9.0 8.0 8.0 9.0 1.0 8.0 10.0 10.0 10.0 5.0 10.0 6.0 4.0 5.0 8.0 7.0 8.0 0.0 5.0 10.0 6.0 1.0 7.0 4.0 3.0 7.0 1.0 2.0 8.0 9.0 10.0 8.0 2.0 2.0 3.0 8.0 10.0 4.0 10.0 9.0 3.0 1.0 2.0 10.0 5.0 6.0 10.0 3.0 1.0
30 10.0 1.0 9.0 7.0 4.0 5.0 2.0 1.0 3.0 6.0 1.0 2.0 10.0 8.0 2.0 10.0 4.0 9.0 5.0 5.0 10.0 3.0 3.0 10.0 6.0 1.0 1.0 8.0 5.0 0.0 10.0 2.0 2.0 6.0 10.0 9.0 1.0 8.0 3.0 5.0 1.0 6.0 2.0 7.0 10.0 4.0 2.0 2.0 2.0 3.0 8.0 6.0 10.0 7.0 9.0 4.0 1.0 1.0 3.0 4.0
31 9.0 2.0 7.0 8.0 9.0 7.0 2.0 4.0 1.0 9.0 3.0 3.0 2.0 4.0 3.0 3.0 7.0 9.0 10.0 1.0 4.0 4.0 4.0 6.0 10.0 9.0 4.0 7.0 10.0 10.0 0.0 1.0 7.0 6.0 1.0 5.0 6.0 7.0 9.0 7.0 8.0 5.0 1.0 2.0 3.0 9.0 10.0 6.0 9.0 4.0 10.0 10.0 3.0 10.0 9.0 7.0 8.0 5.0 7.0 9.0
32 4.0 5.0 7.0 9.0 2.0 7.0 8.0 10.0 9.0 2.0 6.0 6.0 2.0 2.0 6.0 2.0 3.0 4.0 5.0 8.0 2.0 1.0 8.0 3.0 9.0 7.0 6.0 7.0 6.0 2.0 1.0 0.0 9.0 4.0 7.0 3.0 1.0 2.0 9.0 2.0 5.0 8.0 4.0 10.0 6.0 10.0 8.0 3.0 10.0 1.0 4.0 7.0 7.0 4.0 2.0 6.0 2.0 10.0 10.0 8.0
33 4.0 6.0 3.0 1.0 5.0 6.0 1.0 9.0 10.0 2.0 9.0 8.0 4.0 6.0 5.0 2.0 4.0 2.0 8.0 10.0 4.0 5.0 1.0 2.0 5.0 1.0 1.0 2.0 1.0 2.0 7.0 9.0 0.0 5.0 10.0 2.0 2.0 1.0 10.0 5.0 6.0 8.0 7.0 9.0 8.0 9.0 3.0 10.0 1.0 1.0 7.0 5.0 3.0 3.0 6.0 1.0 7.0 6.0 10.0 6.0
34 7.0 9.0 9.0 9.0 9.0 1.0 8.0 6.0 2.0 9.0 9.0 4.0 3.0 2.0 4.0 3.0 5.0 10.0 5.0 10.0 2.0 4.0 8.0 7.0 1.0 2.0 1.0 3.0 7.0 6.0 6.0 4.0 5.0 0.0 3.0 8.0 4.0 1.0 10.0 5.0 4.0 6.0 8.0 5.0 9.0 8.0 10.0 7.0 9.0 4.0 4.0 4.0 5.0 9.0 1.0 3.0 4.0 6.0 5.0 7.0
35 8.0 7.0 2.0 7.0 7.0 1.0 1.0 7.0 1.0 5.0 1.0 5.0 1.0 1.0 7.0 4.0 7.0 9.0 5.0 9.0 8.0 3.0 3.0 3.0 1.0 9.0 1.0 6.0 4.0 10.0 1.0 7.0 10.0 3.0 0.0 2.0 6.0 5.0 5.0 6.0 4.0 4.0 7.0 2.0 3.0 2.0 6.0 6.0 1.0 1.0 8.0 8.0 9.0 5.0 4.0 2.0 2.0 4.0 2.0 9.0
36 9.0 9.0 6.0 9.0 9.0 1.0 8.0 7.0 6.0 1.0 4.0 5.0 5.0 6.0 8.0 5.0 4.0 1.0 2.0 6.0 4.0 9.0 1.0 4.0 4.0 6.0 8.0 7.0 3.0 9.0 5.0 3.0 2.0 8.0 2.0 0.0 6.0 1.0 8.0 5.0 4.0 3.0 4.0 3.0 6.0 9.0 10.0 7.0 2.0 7.0 4.0 10.0 9.0 6.0 6.0 2.0 1.0 7.0 2.0 1.0
37 3.0 3.0 1.0 4.0 1.0 4.0 4.0 3.0 1.0 1.0 5.0 10.0 7.0 4.0 6.0 5.0 9.0 5.0 10.0 4.0 10.0 3.0 2.0 8.0 6.0 5.0 1.0 2.0 7.0 1.0 6.0 1.0 2.0 4.0 6.0 6.0 0.0 1.0 8.0 8.0 6.0 3.0 8.0 8.0 5.0 7.0 4.0 10.0 9.0 7.0 10.0 8.0 7.0 8.0 3.0 3.0 10.0 4.0 6.0 4.0
38 9.0 3.0 1.0 4.0 6.0 5.0 10.0 6.0 2.0 5.0 4.0 7.0 4.0 8.0 5.0 6.0 9.0 7.0 2.0 2.0 1.0 4.0 6.0 4.0 7.0 5.0 5.0 4.0 1.0 8.0 7.0 2.0 1.0 1.0 5.0 1.0 1.0 0.0 3.0 9.0 3.0 1.0 8.0 4.0 8.0 4.0 1.0 8.0 3.0 7.0 7.0 5.0 7.0 6.0 9.0 6.0 8.0 10.0 8.0 8.0
39 10.0 1.0 6.0 2.0 8.0 5.0 10.0 6.0 10.0 5.0 1.0 2.0 5.0 9.0 3.0 1.0 3.0 3.0 4.0 4.0 10.0 6.0 3.0 2.0 5.0 4.0 8.0 9.0 2.0 3.0 9.0 9.0 10.0 10.0 5.0 8.0 8.0 3.0 0.0 4.0 10.0 4.0 7.0 1.0 10.0 3.0 4.0 3.0 1.0 7.0 2.0 8.0 4.0 2.0 8.0 7.0 5.0 10.0 4.0 2.0
40 9.0 9.0 1.0 3.0 1.0 6.0 7.0 3.0 7.0 3.0 10.0 4.0 2.0 2.0 1.0 6.0 2.0 5.0 7.0 10.0 8.0 4.0 2.0 7.0 10.0 4.0 1.0 7.0 8.0 5.0 7.0 2.0 5.0 5.0 6.0 5.0 8.0 9.0 4.0 0.0 6.0 2.0 1.0 9.0 1.0 7.0 8.0 6.0 5.0 7.0 3.0 6.0 6.0 7.0 2.0 5.0 4.0 5.0 10.0 4.0
41 1.0 5.0 6.0 5.0 8.0 6.0 1.0 4.0 8.0 10.0 7.0 2.0 6.0 9.0 8.0 9.0 2.0 1.0 7.0 10.0 5.0 10.0 3.0 5.0 8.0 2.0 2.0 10.0 9.0 1.0 8.0 5.0 6.0 4.0 4.0 4.0 6.0 3.0 10.0 6.0 0.0 5.0 10.0 3.0 5.0 9.0 5.0 4.0 7.0 3.0 2.0 3.0 9.0 3.0 9.0 6.0 1.0 10.0 6.0 8.0
42 2.0 10.0 4.0 2.0 10.0 6.0 6.0 10.0 5.0 6.0 8.0 1.0 4.0 9.0 3.0 10.0 4.0 8.0 1.0 9.0 1.0 9.0 9.0 6.0 2.0 9.0 5.0 2.0 10.0 6.0 5.0 8.0 8.0 6.0 4.0 3.0 3.0 1.0 4.0 2.0 5.0 0.0 5.0 2.0 4.0 7.0 5.0 2.0 5.0 2.0 4.0 1.0 6.0 10.0 3.0 10.0 6.0 2.0 1.0 4.0
43 7.0 5.0 7.0 4.0 4.0 7.0 6.0 2.0 8.0 9.0 8.0 4.0 5.0 3.0 9.0 10.0 10.0 6.0 9.0 7.0 8.0 8.0 10.0 8.0 2.0 2.0 2.0 9.0 8.0 2.0 1.0 4.0 7.0 8.0 7.0 4.0 8.0 8.0 7.0 1.0 10.0 5.0 0.0 5.0 3.0 2.0 6.0 9.0 1.0 6.0 9.0 10.0 1.0 10.0 7.0 7.0 8.0 2.0 3.0 1.0
44 3.0 1.0 6.0 10.0 3.0 1.0 3.0 1.0 9.0 4.0 10.0 8.0 2.0 8.0 7.0 2.0 2.0 9.0 10.0 6.0 1.0 9.0 10.0 7.0 5.0 7.0 6.0 6.0 2.0 7.0 2.0 10.0 9.0 5.0 2.0 3.0 8.0 4.0 1.0 9.0 3.0 2.0 5.0 0.0 2.0 2.0 2.0 10.0 6.0 3.0 4.0 8.0 7.0 4.0 9.0 7.0 7.0 5.0 9.0 9.0
45 5.0 7.0 4.0 3.0 9.0 3.0 8.0 3.0 6.0 1.0 10.0 7.0 1.0 3.0 9.0 3.0 5.0 5.0 5.0 8.0 9.0 10.0 4.0 7.0 1.0 2.0 3.0 9.0 2.0 10.0 3.0 6.0 8.0 9.0 3.0 6.0 5.0 8.0 10.0 1.0 5.0 4.0 3.0 2.0 0.0 3.0 4.0 9.0 8.0 6.0 1.0 9.0 5.0 1.0 3.0 6.0 6.0 10.0 10.0 9.0
46 2.0 10.0 4.0 9.0 9.0 4.0 8.0 8.0 8.0 10.0 10.0 9.0 6.0 3.0 9.0 4.0 10.0 4.0 3.0 3.0 2.0 6.0 5.0 6.0 6.0 9.0 8.0 8.0 3.0 4.0 9.0 10.0 9.0 8.0 2.0 9.0 7.0 4.0 3.0 7.0 9.0 7.0 2.0 2.0 3.0 0.0 7.0 6.0 3.0 5.0 9.0 4.0 8.0 8.0 2.0 9.0 7.0 7.0 10.0 7.0
47 5.0 6.0 9.0 5.0 8.0 3.0 10.0 6.0 7.0 8.0 3.0 7.0 9.0 6.0 1.0 1.0 5.0 5.0 8.0 6.0 5.0 5.0 7.0 5.0 7.0 2.0 9.0 3.0 8.0 2.0 10.0 8.0 3.0 10.0 6.0 10.0 4.0 1.0 4.0 8.0 5.0 5.0 6.0 2.0 4.0 7.0 0.0 7.0 2.0 6.0 5.0 10.0 9.0 1.0 8.0 5.0 2.0 8.0 7.0 8.0
48 4.0 6.0 6.0 6.0 10.0 2.0 10.0 4.0 2.0 2.0 5.0 7.0 7.0 5.0 5.0 9.0 5.0 6.0 6.0 2.0 6.0 10.0 7.0 10.0 5.0 7.0 3.0 9.0 10.0 2.0 6.0 3.0 10.0 7.0 6.0 7.0 10.0 8.0 3.0 6.0 4.0 2.0 9.0 10.0 9.0 6.0 7.0 0.0 6.0 3.0 10.0 4.0 6.0 3.0 2.0 4.0 5.0 2.0 3.0 7.0
49 2.0 3.0 9.0 4.0 7.0 4.0 8.0 1.0 7.0 8.0 5.0 6.0 1.0 9.0 3.0 1.0 2.0 3.0 2.0 3.0 9.0 10.0 6.0 9.0 7.0 1.0 9.0 3.0 4.0 2.0 9.0 10.0 1.0 9.0 1.0 2.0 9.0 3.0 1.0 5.0 7.0 5.0 1.0 6.0 8.0 3.0 2.0 6.0 0.0 1.0 7.0 3.0 2.0 5.0 6.0 6.0 3.0 8.0 1.0 1.0
50 5.0 3.0 2.0 9.0 1.0 7.0 3.0 4.0 4.0 4.0 8.0 1.0 9.0 2.0 4.0 7.0 3.0 2.0 3.0 1.0 1.0 3.0 1.0 5.0 10.0 5.0 9.0 8.0 10.0 3.0 4.0 1.0 1.0 4.0 1.0 7.0 7.0 7.0 7.0 7.0 3.0 2.0 6.0 3.0 6.0 5.0 6.0 3.0 1.0 0.0 1.0 3.0 6.0 10.0 7.0 7.0 6.0 5.0 1.0 2.0
51 5.0 1.0 2.0 3.0 3.0 3.0 7.0 9.0 7.0 10.0 8.0 7.0 8.0 10.0 7.0 1.0 5.0 10.0 7.0 9.0 2.0 9.0 8.0 1.0 10.0 8.0 10.0 9.0 9.0 8.0 10.0 4.0 7.0 4.0 8.0 4.0 10.0 7.0 2.0 3.0 2.0 4.0 9.0 4.0 1.0 9.0 5.0 10.0 7.0 1.0 0.0 6.0 9.0 9.0 2.0 4.0 4.0 5.0 5.0 2.0
52 5.0 2.0 7.0 1.0 4.0 9.0 3.0 2.0 1.0 4.0 8.0 1.0 1.0 8.0 10.0 1.0 9.0 4.0 5.0 8.0 6.0 10.0 3.0 8.0 6.0 6.0 3.0 4.0 3.0 6.0 10.0 7.0 5.0 4.0 8.0 10.0 8.0 5.0 8.0 6.0 3.0 1.0 10.0 8.0 9.0 4.0 10.0 4.0 3.0 3.0 6.0 0.0 4.0 2.0 5.0 3.0 4.0 6.0 2.0 4.0
53 8.0 8.0 7.0 6.0 3.0 4.0 3.0 1.0 4.0 10.0 9.0 1.0 8.0 2.0 9.0 6.0 9.0 3.0 8.0 10.0 9.0 1.0 9.0 3.0 9.0 7.0 10.0 7.0 1.0 10.0 3.0 7.0 3.0 5.0 9.0 9.0 7.0 7.0 4.0 6.0 9.0 6.0 1.0 7.0 5.0 8.0 9.0 6.0 2.0 6.0 9.0 4.0 0.0 2.0 5.0 4.0 4.0 6.0 8.0 10.0
54 7.0 7.0 7.0 3.0 2.0 3.0 10.0 8.0 8.0 1.0 8.0 1.0 7.0 9.0 8.0 9.0 5.0 10.0 3.0 9.0 5.0 3.0 10.0 3.0 6.0 9.0 7.0 10.0 2.0 7.0 10.0 4.0 3.0 9.0 5.0 6.0 8.0 6.0 2.0 7.0 3.0 10.0 10.0 4.0 1.0 8.0 1.0 3.0 5.0 10.0 9.0 2.0 2.0 0.0 2.0 2.0 9.0 4.0 2.0 8.0
55 10.0 4.0 7.0 5.0 8.0 3.0 5.0 9.0 7.0 9.0 7.0 5.0 9.0 2.0 3.0 4.0 6.0 3.0 1.0 2.0 2.0 5.0 1.0 8.0 2.0 2.0 4.0 3.0 10.0 9.0 9.0 2.0 6.0 1.0 4.0 6.0 3.0 9.0 8.0 2.0 9.0 3.0 7.0 9.0 3.0 2.0 8.0 2.0 6.0 7.0 2.0 5.0 5.0 2.0 0.0 5.0 5.0 4.0 7.0 8.0
56 3.0 5.0 9.0 2.0 4.0 7.0 9.0 5.0 1.0 7.0 10.0 7.0 1.0 4.0 4.0 3.0 10.0 2.0 10.0 5.0 8.0 5.0 2.0 2.0 10.0 5.0 1.0 4.0 5.0 4.0 7.0 6.0 1.0 3.0 2.0 2.0 3.0 6.0 7.0 5.0 6.0 10.0 7.0 7.0 6.0 9.0 5.0 4.0 6.0 7.0 4.0 3.0 4.0 2.0 5.0 0.0 5.0 5.0 10.0 10.0
57 1.0 7.0 8.0 10.0 9.0 4.0 4.0 10.0 4.0 9.0 10.0 6.0 5.0 2.0 9.0 1.0 10.0 1.0 1.0 9.0 8.0 9.0 6.0 5.0 1.0 8.0 9.0 2.0 6.0 1.0 8.0 2.0 7.0 4.0 2.0 1.0 10.0 8.0 5.0 4.0 1.0 6.0 8.0 7.0 6.0 7.0 2.0 5.0 3.0 6.0 4.0 4.0 4.0 9.0 5.0 5.0 0.0 8.0 10.0 5.0
58 2.0 10.0 2.0 9.0 3.0 7.0 5.0 9.0 7.0 3.0 4.0 8.0 9.0 3.0 5.0 3.0 7.0 7.0 4.0 3.0 7.0 7.0 4.0 10.0 3.0 8.0 4.0 5.0 10.0 1.0 5.0 10.0 6.0 6.0 4.0 7.0 4.0 10.0 10.0 5.0 10.0 2.0 2.0 5.0 10.0 7.0 8.0 2.0 8.0 5.0 5.0 6.0 6.0 4.0 4.0 5.0 8.0 0.0 4.0 2.0
59 8.0 8.0 7.0 4.0 4.0 5.0 6.0 10.0 4.0 9.0 6.0 3.0 7.0 5.0 5.0 1.0 10.0 2.0 3.0 8.0 6.0 7.0 9.0 5.0 10.0 2.0 4.0 1.0 3.0 3.0 7.0 10.0 10.0 5.0 2.0 2.0 6.0 8.0 4.0 10.0 6.0 1.0 3.0 9.0 10.0 10.0 7.0 3.0 1.0 1.0 5.0 2.0 8.0 2.0 7.0 10.0 10.0 4.0 0.0 7.0
60 6.0 7.0 1.0 5.0 9.0 4.0 2.0 3.0 1.0 10.0 8.0 4.0 4.0 6.0 10.0 7.0 3.0 8.0 2.0 4.0 5.0 3.0 2.0 9.0 10.0 5.0 5.0 3.0 1.0 4.0 9.0 8.0 6.0 7.0 9.0 1.0 4.0 8.0 2.0 4.0 8.0 4.0 1.0 9.0 9.0 7.0 8.0 7.0 1.0 2.0 2.0 4.0 10.0 8.0 8.0 10.0 5.0 2.0 7.0 0.0
