40
1 0.0 3.0 6.0 5.0 4.0 8.0 4.0 5.0 9.0 7.0 9.0 3.0 7.0 6.0 2.0 7.0 7.0 4.0 4.0 10.0 7.0 1.0 4.0 5.0 2.0 8.0 1.0 9.0 9.0 8.0 8.0 2.0 8.0 10.0 2.0 3.0 7.0 3.0 4.0 9.0
2 3.0 0.0 8.0 10.0 7.0 6.0 2.0 2.0 10.0 8.0 1.0 8.0 7.0 5.0 9.0 5.0 5.0 8.0 9.0 6.0 5.0 2.0 1.0 3.0 1.0 6.0 9.0 2.0 2.0 5.0 5.0 9.0 4.0 8.0 10.0 3.0 8.0 5.0 10.0 7.0
3 6.0 8.0 0.0 3.0 8.0 2.0 1.0 2.0 2.0 2.0 5.0 10.0 1.0 9.0 3.0 3.0 2.0 1.0 1.0 2.0 4.0 10.0 10.0 2.0 6.0 1.0 2.0 10.0 9.0 9.0 5.0 6.0 5.0 10.0 4.0 6.0 1.0 4.0 6.0 2.0
4 5.0 10.0 3.0 0.0 5.0 7.0 10.0 10.0 5.0 3.0 9.0 8.0 4.0 3.0 1.0 9.0 10.0 7.0 5.0 5.0 1.0 9.0 5.0 1.0 5.0 10.0 9.0 2.0 5.0 4.0 4.0 2.0 4.0 2.0 8.0 7.0 8.0 6.0 2.0 1.0
5 4.0 7.0 8.0 5.0 0.0 5.0 5.0 3.0 4.0 8.0 7.0 10.0 7.0 4.0 3.0 6.0 2.0 1.0 10.0 4.0 4.0 7.0 6.0 2.0 5.0 6.0 8.0 8.0 2.0 9.0 3.0 1.0 7.0 2.0 9.0 6.0 4.0 4.0 8.0 2.0
6 8.0 6.0 2.0 7.0 5.0 0.0 3.0 6.0 7.0 2.0 7.0 7.0 6.0 4.0 10.0 8.0 8.0 3.0 2.0 4.0 3.0 2.0 9.0 10.0 6.0 9.0 2.0 5.0 7.0 3.0 2.0 4.0 1.0 4.0 5.0 2.0 3.0 8.0 8.0 8.0
7 4.0 2.0 1.0 10.0 5.0 3.0 0.0 7.0 10.0 3.0 3.0 10.0 4.0 2.0 10.0 2.0 8.0 4.0 1.0 3.0 4.0 1.0 5.0 8.0 9.0 2.0 8.0 6.0 7.0 6.0 6.0 1.0 7.0 7.0 9.0 3.0 8.0 2.0 4.0 5.0
8 5.0 2.0 2.0 10.0 3.0 6.0 7.0 0.0 1.0 10.0 2.0 5.0 4.0 3.0 10.0 5.0 10.0 1.0 7.0 6.0 7.0 6.0 10.0 6.0 4.0 8.0 3.0 4.0 8.0 7.0 4.0 8.0 3.0 7.0 3.0 1.0 4.0 4.0 8.0 2.0
9 9.0 10.0 2.0 5.0 4.0 7.0 10.0 1.0 0.0 4.0 6.0 8.0 5.0 2.0 2.0 1.0 2.0 8.0 7.0 9.0 5.0 5.0 1.0 10.0 1.0 1.0 4.0 9.0 9.0 8.0 5.0 4.0 3.0 9.0 8.0 4.0 3.0 7.0 3.0 9.0
10 7.0 8.0 2.0 3.0 8.0 2.0 3.0 10.0 4.0 0.0 6.0 7.0 10.0 6.0 1.0 5.0 2.0 2.0 6.0 8.0 4.0 10.0 6.0 3.0 1.0 8.0 8.0 5.0 10.0 8.0 9.0 10.0 4.0 8.0 2.0 1.0 4.0 10.0 4.0 5.0
11 9.0 1.0 5.0 9.0 7.0 7.0 3.0 2.0 6.0 6.0 0.0 6.0 4.0 2.0 8.0 1.0 7.0 6.0 6.0 3.0 4.0 1.0 7.0 10.0 6.0 5.0 6.0 5.0 8.0 8.0 10.0 6.0 8.0 2.0 4.0 6.0 1.0 4.0 1.0 6.0
12 3.0 8.0 10.0 8.0 10.0 7.0 10.0 5.0 8.0 7.0 6.0 0.0 4.0 8.0 4.0 10.0 2.0 8.0 2.0 10.0 1.0 10.0 3.0 8.0 4.0 2.0 7.0 3.0 6.0 7.0 2.0 1.0 3.0 2.0 9.0 5.0 9.0 8.0 6.0 2.0
13 7.0 7.0 1.0 4.0 7.0 6.0 4.0 4.0 5.0 10.0 4.0 4.0 0.0 9.0 3.0 1.0 10.0 1.0 8.0 5.0 2.0 2.0 3.0 5.0 8.0 3.0 6.0 5.0 8.0 6.0 8.0 3.0 10.0 7.0 6.0 6.0 8.0 10.0 3.0 2.0
14 6.0 5.0 9.0 3.0 4.0 4.0 2.0 3.0 2.0 6.0 2.0 8.0 9.0 0.0 4.0 8.0 5.0 5.0 7.0 4.0 9.0 10.0 7.0 5.0 3.0 10.0 8.0 8.0 6.0 4.0 7.0 2.0 4.0 4.0 6.0 5.0 4.0 9.0 10.0 10.0
15 2.0 9.0 3.0 1.0 3.0 10.0 10.0 10.0 2.0 1.0 8.0 4.0 3.0 4.0 0.0 5.0 9.0 3.0 2.0 5.0 3.0 4.0 4.0 7.0 1.0 4.0 3.0 3.0 2.0 9.0 9.0 8.0 3.0 10.0 6.0 8.0 2.0 6.0 3.0 5.0
16 7.0 5.0 3.0 9.0 6.0 8.0 2.0 5.0 1.0 5.0 1.0 10.0 1.0 8.0 5.0 0.0 4.0 2.0 8.0 6.0 7.0 2.0 6.0 1.0 10.0 6.0 4.0 4.0 8.0 4.0 5.0 8.0 4.0 7.0 1.0 1.0 2.0 10.0 8.0 5.0
17 7.0 5.0 2.0 10.0 2.0 8.0 8.0 10.0 2.0 2.0 7.0 2.0 10.0 5.0 9.0 4.0 0.0 3.0 1.0 2.0 7.0 10.0 5.0 8.0 1.0 8.0 3.0 6.0 3.0 3.0 7.0 4.0 4.0 1.0 3.0 9.0 3.0 3.0 4.0 9.0
18 4.0 8.0 1.0 7.0 1.0 3.0 4.0 1.0 8.0 2.0 6.0 8.0 1.0 5.0 3.0 2.0 3.0 0.0 7.0 8.0 10.0 6.0 10.0 3.0 8.0 2.0 8.0 7.0 4.0 3.0 9.0 2.0 2.0 10.0 3.0 7.0 10.0 10.0 7.0 10.0
19 4.0 9.0 1.0 5.0 10.0 2.0 1.0 7.0 7.0 6.0 6.0 2.0 8.0 7.0 2.0 8.0 1.0 7.0 0.0 5.0 9.0 6.0 5.0 1.0 8.0 6.0 9.0 4.0 2.0 3.0 2.0 5.0 6.0 7.0 3.0 4.0 7.0 9.0 6.0 1.0
20 10.0 6.0 2.0 5.0 4.0 4.0 3.0 6.0 9.0 8.0 3.0 10.0 5.0 4.0 5.0 6.0 2.0 8.0 5.0 0.0 1.0 9.0 6.0 10.0 3.0 4.0 5.0 6.0 1.0 1.0 4.0 4.0 7.0 2.0 7.0 2.0 4.0 6.0 8.0 5.0
21 7.0 5.0 4.0 1.0 4.0 3.0 4.0 7.0 5.0 4.0 4.0 1.0 2.0 9.0 3.0 7.0 7.0 10.0 9.0 1.0 0.0 9.0 7.0 7.0 9.0 7.0 3.0 6.0 10.0 7.0 3.0 4.0 9.0 6.0 1.0 2.0 9.0 10.0 5.0 5.0
22 1.0 2.0 10.0 9.0 7.0 2.0 1.0 6.0 5.0 10.0 1.0 10.0 2.0 10.0 4.0 2.0 10.0 6.0 6.0 9.0 9.0 0.0 1.0 2.0 6.0 4.0 8.0 4.0 4.0 5.0 9.0 1.0 5.0 8.0 8.0 2.0 2.0 2.0 1.0 6.0
23 4.0 1.0 10.0 5.0 6.0 9.0 5.0 10.0 1.0 6.0 7.0 3.0 3.0 7.0 4.0 6.0 5.0 10.0 5.0 6.0 7.0 1.0 0.0 3.0 8.0 8.0 10.0 2.0 1.0 7.0 4.0 4.0 8.0 6.0 9.0 1.0 3.0 5.0 9.0 3.0
24 5.0 3.0 2.0 1.0 2.0 10.0 8.0 6.0 10.0 3.0 10.0 8.0 5.0 5.0 7.0 1.0 8.0 3.0 1.0 10.0 7.0 2.0 3.0 0.0 2.0 8.0 1.0 8.0 3.0 1.0 2.0 5.0 4.0 2.0 4.0 5.0 7.0 7.0 5.0 4.0
25 2.0 1.0 6.0 5.0 5.0 6.0 9.0 4.0 1.0 1.0 6.0 4.0 8.0 3.0 1.0 10.0 1.0 8.0 8.0 3.0 9.0 6.0 8.0 2.0 0.0 2.0 6.0 8.0 1.0 3.0 1.0 8.0 4.0 4.0 7.0 7.0 7.0 4.0 3.0 3.0
26 8.0 6.0 1.0 10.0 6.0 9.0 2.0 8.0 1.0 8.0 5.0 2.0 3.0 10.0 4.0 6.0 8.0 2.0 6.0 4.0 7.0 4.0 8.0 8.0 2.0 0.0 2.0 10.0 7.0 4.0 3.0 4.0 9.0 2.0 1.0 10.0 8.0 5.0 5.0 1.0
27 1.0 9.0 2.0 9.0 8.0 2.0 8.0 3.0 4.0 8.0 6.0 7.0 6.0 8.0 3.0 4.0 3.0 8.0 9.0 5.0 3.0 8.0 10.0 1.0 6.0 2.0 0.0 3.0 5.0 8.0 3.0 8.0 2.0 1.0 6.0 8.0 3.0 4.0 8.0 8.0
28 9.0 2.0 10.0 2.0 8.0 5.0 6.0 4.0 9.0 5.0 5.0 3.0 5.0 8.0 3.0 4.0 6.0 7.0 4.0 6.0 6.0 4.0 2.0 8.0 8.0 10.0 3.0 0.0 5.0 6.0 4.0 5.0 9.0 7.0 2.0 7.0 7.0 6.0 3.0 9.0
29 9.0 2.0 9.0 5.0 2.0 7.0 7.0 8.0 9.0 10.0 8.0 6.0 8.0 6.0 2.0 8.0 3.0 4.0 2.0 1.0 10.0 4.0 1.0 3.0 1.0 7.0 5.0 5.0 0.0 7.0 3.0 7.0 5.0 8.0 7.0 6.0 8.0 2.0 6.0 5.0
30 8.0 5.0 9.0 4.0 9.0 3.0 6.0 7.0 8.0 8.0 8.0 7.0 6.0 4.0 9.0 4.0 3.0 3.0 3.0 1.0 7.0 5.0 7.0 1.0 3.0 4.0 8.0 6.0 7.0 0.0 1.0 2.0 5.0 3.0 4.0 7.0 6.0 2.0 6.0 1.0
31 8.0 5.0 5.0 4.0 3.0 2.0 6.0 4.0 5.0 9.0 10.0 2.0 8.0 7.0 9.0 5.0 7.0 9.0 2.0 4.0 3.0 9.0 4.0 2.0 1.0 3.0 3.0 4.0 3.0 1.0 0.0 6.0 2.0 10.0 3.0 4.0 6.0 8.0 6.0 7.0
32 2.0 9.0 6.0 2.0 1.0 4.0 1.0 8.0 4.0 10.0 6.0 1.0 3.0 2.0 8.0 8.0 4.0 2.0 5.0 4.0 4.0 1.0 4.0 5.0 8.0 4.0 8.0 5.0 7.0 2.0 6.0 0.0 7.0 8.0 1.0 8.0 6.0 6.0 9.0 10.0
33 8.0 4.0 5.0 4.0 7.0 1.0 7.0 3.0 3.0 4.0 8.0 3.0 10.0 4.0 3.0 4.0 4.0 2.0 6.0 7.0 9.0 5.0 8.0 4.0 4.0 9.0 2.0 9.0 5.0 5.0 2.0 7.0 0.0 5.0 10.0 2.0 1.0 2.0 6.0 8.0
34 10.0 8.0 10.0 2.0 2.0 4.0 7.0 7.0 9.0 8.0 2.0 2.0 7.0 4.0 10.0 7.0 1.0 10.0 7.0 2.0 6.0 8.0 6.0 2.0 4.0 2.0 1.0 7.0 8.0 3.0 10.0 8.0 5.0 0.0 4.0 6.0 10.0 2.0 5.0 5.0
35 2.0 10.0 4.0 8.0 9.0 5.0 9.0 3.0 8.0 2.0 4.0 9.0 6.0 6.0 6.0 1.0 3.0 3.0 3.0 7.0 1.0 8.0 9.0 4.0 7.0 1.0 6.0 2.0 7.0 4.0 3.0 1.0 10.0 4.0 0.0 8.0 1.0 2.0 6.0 2.0
36 3.0 3.0 6.0 7.0 6.0 2.0 3.0 1.0 4.0 1.0 6.0 5.0 6.0 5.0 8.0 1.0 9.0 7.0 4.0 2.0 2.0 2.0 1.0 5.0 7.0 10.0 8.0 7.0 6.0 7.0 4.0 8.0 2.0 6.0 8.0 0.0 2.0 3.0 9.0 4.0
37 7.0 8.0 1.0 8.0 4.0 3.0 8.0 4.0 3.0 4.0 1.0 9.0 8.0 4.0 2.0 2.0 3.0 10.0 7.0 4.0 9.0 2.0 3.0 7.0 7.0 8.0 3.0 7.0 8.0 6.0 6.0 6.0 1.0 10.0 1.0 2.0 0.0 1.0 2.0 4.0
38 3.0 5.0 4.0 6.0 4.0 8.0 2.0 4.0 7.0 10.0 4.0 8.0 10.0 9.0 6.0 10.0 3.0 10.0 9.0 6.0 10.0 2.0 5.0 7.0 4.0 5.0 4.0 6.0 2.0 2.0 8.0 6.0 2.0 2.0 2.0 3.0 1.0 0.0 1.0 5.0
39 4.0 10.0 6.0 2.0 8.0 8.0 4.0 8.0 3.0 4.0 1.0 6.0 3.0 10.0 3.0 8.0 4.0 7.0 6.0 8.0 5.0 1.0 9.0 5.0 3.0 5.0 8.0 3.0 6.0 6.0 6.0 9.0 6.0 5.0 6.0 9.0 2.0 1.0 0.0 9.0
40 9.0 7.0 2.0 1.0 2.0 8.0 5.0 2.0 9.0 5.0 6.0 2.0 2.0 10.0 5.0 5.0 9.0 10.0 1.0 5.0 5.0 6.0 3.0 4.0 3.0 1.0 8.0 9.0 5.0 1.0 7.0 10.0 8.0 5.0 2.0 4.0 4.0 5.0 9.0 0.0
