50
1 0.0 5.0 10.0 10.0 5.0 3.0 1.0 5.0 9.0 9.0 3.0 7.0 10.0 6.0 1.0 10.0 3.0 9.0 4.0 4.0 6.0 3.0 10.0 6.0 8.0 5.0 2.0 8.0 3.0 9.0 5.0 8.0 10.0 3.0 8.0 7.0 6.0 6.0 7.0 6.0 4.0 6.0 5.0 9.0 10.0 1.0 6.0 5.0 8.0 8.0
2 5.0 0.0 5.0 8.0 1.0 2.0 6.0 3.0 9.0 8.0 8.0 10.0 10.0 7.0 6.0 5.0 7.0 8.0 10.0 4.0 1.0 1.0 3.0 1.0 10.0 6.0 6.0 9.0 2.0 10.0 4.0 1.0 1.0 9.0 3.0 4.0 10.0 2.0 7.0 1.0 3.0 8.0 1.0 4.0 10.0 4.0 10.0 3.0 3.0 5.0
3 10.0 5.0 0.0 8.0 1.0 1.0 7.0 1.0 3.0 10.0 3.0 3.0 8.0 4.0 3.0 6.0 9.0 6.0 2.0 7.0 4.0 3.0 3.0 4.0 1.0 1.0 8.0 3.0 3.0 10.0 9.0 6.0 8.0 8.0 5.0 3.0 7.0 1.0 8.0 9.0 2.0 6.0 2.0 1.0 9.0 5.0 1.0 2.0 5.0 6.0
4 10.0 8.0 8.0 0.0 4.0 3.0 8.0 9.0 2.0 5.0 10.0 7.0 7.0 8.0 3.0 10.0 10.0 6.0 9.0 8.0 9.0 9.0 7.0 5.0 10.0 8.0 7.0 1.0 7.0 10.0 1.0 3.0 5.0 8.0 1.0 7.0 7.0 4.0 3.0 1.0 3.0 9.0 4.0 1.0 8.0 10.0 9.0 8.0 10.0 10.0
5 5.0 1.0 1.0 4.0 0.0 2.0 3.0 2.0 4.0 4.0 5.0 1.0 5.0 3.0 9.0 3.0 7.0 10.0 8.0 6.0 6.0 2.0 2.0 4.0 10.0 10.0 4.0 10.0 7.0 1.0 2.0 2.0 3.0 8.0 9.0 5.0 5.0 8.0 7.0 4.0 10.0 3.0 9.0 10.0 5.0 6.0 6.0 4.0 8.0 9.0
6 3.0 2.0 1.0 3.0 2.0 0.0 5.0 5.0 10.0 4.0 5.0 2.0 5.0 8.0 2.0 2.0 4.0 1.0 2.0 9.0 4.0 2.0 3.0 9.0 2.0 5.0 9.0 5.0 2.0 8.0 9.0 3.0 5.0 8.0 6.0 8.0 8.0 5.0 2.0 4.0 10.0 8.0 2.0 8.0 7.0 7.0 1.0 10.0 9.0 3.0
7 1.0 6.0 7.0 8.0 3.0 5.0 0.0 8.0 7.0 3.0 8.0 5.0 9.0 6.0 8.0 9.0 10.0 2.0 8.0 3.0 2.0 9.0 3.0 5.0 4.0 3.0 2.0 2.0 1.0 3.0 5.0 2.0 4.0 10.0 10.0 3.0 4.0 1.0 10.0 2.0 6.0 3.0 6.0 5.0 10.0 6.0 7.0 10.0 4.0 9.0
8 5.0 3.0 1.0 9.0 2.0 5.0 8.0 0.0 4.0 4.0 3.0 7.0 2.0 6.0 6.0 4.0 7.0 1.0 4.0 2.0 5.0 1.0 4.0 9.0 1.0 2.0 9.0 3.0 3.0 1.0 7.0 2.0 5.0 4.0 6.0 1.0 4.0 3.0 7.0 7.0 1.0 8.0 3.0 6.0 4.0 1.0 10.0 1.0 3.0 9.0
9 9.0 9.0 3.0 2.0 4.0 10.0 7.0 4.0 0.0 3.0 2.0 10.0 4.0 8.0 6.0 7.0 6.0 6.0 4.0 4.0 4.0 8.0 10.0 6.0 4.0 10.0 5.0 4.0 8.0 8.0 8.0 2.0 3.0 10.0 1.0 2.0 6.0 8.0 1.0 7.0 1.0 6.0 7.0 6.0 2.0 3.0 3.0 2.0 5.0 2.0
10 9.0 8.0 10.0 5.0 4.0 4.0 3.0 4.0 3.0 0.0 10.0 3.0 3.0 4.0 5.0 5.0 4.0 4.0 6.0 2.0 6.0 10.0 3.0 8.0 8.0 4.0 7.0 2.0 2.0 7.0 9.0 1.0 3.0 4.0 6.0 7.0 3.0 1.0 5.0 8.0 2.0 6.0 6.0 2.0 5.0 7.0 8.0 3.0 5.0 5.0
11 3.0 8.0 3.0 10.0 5.0 5.0 8.0 3.0 2.0 10.0 0.0 3.0 1.0 10.0 6.0 4.0 1.0 2.0 10.0 4.0 4.0 7.0 10.0 3.0 1.0 2.0 6.0 5.0 10.0 1.0 9.0 10.0 1.0 6.0 7.0 3.0 5.0 6.0 9.0 3.0 8.0 3.0 5.0 7.0 8.0 7.0 2.0 9.0 1.0 1.0
12 7.0 10.0 3.0 7.0 1.0 2.0 5.0 7.0 10.0 3.0 3.0 0.0 3.0 7.0 4.0 6.0 6.0 4.0 7.0 9.0 1.0 3.0 4.0 7.0 4.0 6.0 1.0 1.0 3.0 2.0 7.0 6.0 5.0 8.0 1.0 5.0 4.0 2.0 1.0 7.0 8.0 3.0 4.0 1.0 8.0 4.0 5.0 8.0 2.0 6.0
13 10.0 10.0 8.0 7.0 5.0 5.0 9.0 2.0 4.0 3.0 1.0 3.0 0.0 2.0 1.0 9.0 7.0 1.0 10.0 7.0 9.0 5.0 7.0 1.0 10.0 6.0 8.0 2.0 8.0 7.0 1.0 6.0 9.0 3.0 10.0 4.0 6.0 8.0 10.0 10.0 3.0 6.0 7.0 8.0 4.0 6.0 1.0 4.0 9.0 1.0
14 6.0 7.0 4.0 8.0 3.0 8.0 6.0 6.0 8.0 4.0 10.0 7.0 2.0 0.0 10.0 7.0 5.0 4.0 8.0 3.0 6.0 8.0 2.0 5.0 2.0 8.0 3.0 5.0 6.0 4.0 6.0 7.0 9.0 10.0 10.0 3.0 9.0 7.0 2.0 5.0 5.0 10.0 7.0 10.0 2.0 4.0 9.0 6.0 10.0 1.0
15 1.0 6.0 3.0 3.0 9.0 2.0 8.0 6.0 6.0 5.0 6.0 4.0 1.0 10.0 0.0 6.0 2.0 8.0 1.0 1.0 9.0 2.0 8.0 9.0 2.0 4.0 3.0 6.0 6.0 2.0 4.0 10.0 9.0 10.0 7.0 1.0 9.0 7.0 2.0 1.0 5.0 1.0 3.0 3.0 8.0 2.0 2.0 10.0 4.0 8.0
16 10.0 5.0 6.0 10.0 3.0 2.0 9.0 4.0 7.0 5.0 4.0 6.0 9.0 7.0 6.0 0.0 2.0 5.0 9.0 4.0 10.0 1.0 1.0 1.0 8.0 1.0 3.0 10.0 10.0 8.0 5.0 8.0 9.0 1.0 2.0 5.0 6.0 2.0 9.0 1.0 5.0 4.0 1.0 8.0 2.0 7.0 8.0 6.0 4.0 5.0
17 3.0 7.0 9.0 10.0 7.0 4.0 10.0 7.0 6.0 4.0 1.0 6.0 7.0 5.0 2.0 2.0 0.0 7.0 10.0 4.0 4.0 3.0 7.0 3.0 5.0 7.0 1.0 4.0 9.0 8.0 5.0 5.0 1.0 2.0 3.0 7.0 7.0 6.0 7.0 4.0 9.0 8.0 9.0 5.0 7.0 9.0 4.0 2.0 3.0 3.0
18 9.0 8.0 6.0 6.0 10.0 1.0 2.0 1.0 6.0 4.0 2.0 4.0 1.0 4.0 8.0 5.0 7.0 0.0 3.0 5.0 4.0 5.0 9.0 9.0 6.0 8.0 9.0 1.0 7.0 6.0 9.0 9.0 9.0 8.0 9.0 10.0 6.0 4.0 10.0 9.0 5.0 4.0 8.0 1.0 6.0 10.0 6.0 2.0 8.0 1.0
19 4.0 10.0 2.0 9.0 8.0 2.0 8.0 4.0 4.0 6.0 10.0 7.0 10.0 8.0 1.0 9.0 10.0 3.0 0.0 3.0 1.0 1.0 1.0 4.0 10.0 2.0 5.0 6.0 8.0 8.0 6.0 8.0 9.0 7.0 7.0 1.0 4.0 2.0 6.0 9.0 7.0 3.0 8.0 3.0 6.0 10.0 8.0 8.0 3.0 7.0
20 4.0 4.0 7.0 8.0 6.0 9.0 3.0 2.0 4.0 2.0 4.0 9.0 7.0 3.0 1.0 4.0 4.0 5.0 3.0 0.0 10.0 5.0 8.0 8.0 8.0 3.0 3.0 1.0 8.0 1.0 7.0 2.0 10.0 7.0 3.0 8.0 2.0 5.0 9.0 10.0 8.0 2.0 6.0 9.0 7.0 1.0 9.0 10.0 2.0 7.0
21 6.0 1.0 4.0 9.0 6.0 4.0 2.0 5.0 4.0 6.0 4.0 1.0 9.0 6.0 9.0 10.0 4.0 4.0 1.0 10.0 0.0 9.0 9.0 2.0 8.0 10.0 1.0 8.0 6.0 8.0 3.0 8.0 6.0 8.0 7.0 7.0 5.0 4.0 8.0 3.0 1.0 9.0 7.0 2.0 6.0 4.0 5.0 1.0 9.0 3.0
22 3.0 1.0 3.0 9.0 2.0 2.0 9.0 1.0 8.0 10.0 7.0 3.0 5.0 8.0 2.0 1.0 3.0 5.0 1.0 5.0 9.0 0.0 9.0 1.0 3.0 4.0 3.0 4.0 3.0 8.0 8.0 4.0 9.0 6.0 3.0 10.0 8.0 10.0 1.0 5.0 8.0 2.0 9.0 8.0 4.0 9.0 4.0 7.0 9.0 8.0
23 10.0 3.0 3.0 7.0 2.0 3.0 3.0 4.0 10.0 3.0 10.0 4.0 7.0 2.0 8.0 1.0 7.0 9.0 1.0 8.0 9.0 9.0 0.0 3.0 3.0 9.0 9.0 4.0 9.0 4.0 6.0 1.0 5.0 6.0 6.0 8.0 5.0 1.0 5.0 7.0 2.0 6.0 10.0 3.0 5.0 1.0 8.0 9.0 6.0 6.0
24 6.0 1.0 4.0 5.0 4.0 9.0 5.0 9.0 6.0 8.0 3.0 7.0 1.0 5.0 9.0 1.0 3.0 9.0 4.0 8.0 2.0 1.0 3.0 0.0 9.0 10.0 4.0 2.0 10.0 10.0 8.0 7.0 3.0 2.0 7.0 4.0 6.0 4.0 6.0 5.0 3.0 3.0 2.0 8.0 3.0 7.0 7.0 1.0 9.0 1.0
25 8.0 10.0 1.0 10.0 10.0 2.0 4.0 1.0 4.0 8.0 1.0 4.0 10.0 2.0 2.0 8.0 5.0 6.0 10.0 8.0 8.0 3.0 3.0 9.0 0.0 8.0 1.0 2.0 7.0 5.0 1.0 5.0 5.0 8.0 5.0 10.0 8.0 3.0 6.0 3.0 9.0 10.0 8.0 9.0 7.0 2.0 8.0 2.0 5.0 4.0
26 5.0 6.0 1.0 8.0 10.0 5.0 3.0 2.0 10.0 4.0 2.0 6.0 6.0 8.0 4.0 1.0 7.0 8.0 2.0 3.0 10.0 4.0 9.0 10.0 8.0 0.0 2.0 10.0 1.0 10.0 3.0 8.0 10.0 3.0 3.0 6.0 1.0 8.0 10.0 6.0 4.0 5.0 7.0 5.0 9.0 7.0 4.0 4.0 2.0 2.0
27 2.0 6.0 8.0 7.0 4.0 9.0 2.0 9.0 5.0 7.0 6.0 1.0 8.0 3.0 3.0 3.0 1.0 9.0 5.0 3.0 1.0 3.0 9.0 4.0 1.0 2.0 0.0 10.0 10.0 1.0 4.0 9.0 3.0 4.0 10.0 4.0 7.0 7.0 8.0 6.0 10.0 2.0 4.0 2.0 2.0 2.0 4.0 5.0 3.0 9.0
28 8.0 9.0 3.0 1.0 10.0 5.0 2.0 3.0 4.0 2.0 5.0 1.0 2.0 5.0 6.0 10.0 4.0 1.0 6.0 1.0 8.0 4.0 4.0 2.0 2.0 10.0 10.0 0.0 1.0 10.0 8.0 4.0 1.0 6.0 3.0 4.0 9.0 6.0 1.0 10.0 3.0 9.0 1.0 5.0 9.0 1.0 1.0 3.0 5.0 7.0
29 3.0 2.0 3.0 7.0 7.0 2.0 1.0 3.0 8.0 2.0 10.0 3.0 8.0 6.0 6.0 10.0 9.0 7.0 8.0 8.0 6.0 3.0 9.0 10.0 7.0 1.0 10.0 1.0 0.0 9.0 3.0 10.0 4.0 7.0 5.0 9.0 4.0 9.0 4.0 2.0 4.0 4.0 7.0 9.0 5.0 5.0 8.0 9.0 6.0 3.0
30 9.0 10.0 10.0 10.0 1.0 8.0 3.0 1.0 8.0 7.0 1.0 2.0 7.0 4.0 2.0 8.0 8.0 6.0 8.0 1.0 8.0 8.0 4.0 10.0 5.0 10.0 1.0 10.0 9.0 0.0 8.0 10.0 4.0 4.0 2.0 10.0 5.0 2.0 3.0 1.0 8.0 5.0 7.0 9.0 7.0 2.0 10.0 1.0 9.0 10.0
31 5.0 4.0 9.0 1.0 2.0 9.0 5.0 7.0 8.0 9.0 9.0 7.0 1.0 6.0 4.0 5.0 5.0 9.0 6.0 7.0 3.0 8.0 6.0 8.0 1.0 3.0 4.0 8.0 3.0 8.0 0.0 9.0 7.0 6.0 9.0 1.0 5.0 3.0 8.0 9.0 8.0 2.0 5.0 9.0 10.0 5.0 4.0 6.0 8.0 7.0
32 8.0 1.0 6.0 3.0 2.0 3.0 2.0 2.0 2.0 1.0 10.0 6.0 6.0 7.0 10.0 8.0 5.0 9.0 8.0 2.0 8.0 4.0 1.0 7.0 5.0 8.0 9.0 4.0 10.0 10.0 9.0 0.0 5.0 1.0 1.0 8.0 6.0 7.0 6.0 3.0 2.0 3.0 4.0 10.0 2.0 9.0 9.0 9.0 5.0 8.0
33 10.0 1.0 8.0 5.0 3.0 5.0 4.0 5.0 3.0 3.0 1.0 5.0 9.0 9.0 9.0 9.0 1.0 9.0 9.0 10.0 6.0 9.0 5.0 3.0 5.0 10.0 3.0 1.0 4.0 4.0 7.0 5.0 0.0 7.0 9.0 9.0 7.0 8.0 3.0 9.0 10.0 3.0 7.0 5.0 2.0 7.0 2.0 8.0 4.0 6.0
34 3.0 9.0 8.0 8.0 8.0 8.0 10.0 4.0 10.0 4.0 6.0 8.0 3.0 10.0 10.0 1.0 2.0 8.0 7.0 7.0 8.0 6.0 6.0 2.0 8.0 3.0 4.0 6.0 7.0 4.0 6.0 1.0 7.0 0.0 2.0 10.0 4.0 6.0 3.0 3.0 10.0 5.0 7.0 3.0 1.0 1.0 3.0 9.0 7.0 3.0
35 8.0 3.0 5.0 1.0 9.0 6.0 10.0 6.0 1.0 6.0 7.0 1.0 10.0 10.0 7.0 2.0 3.0 9.0 7.0 3.0 7.0 3.0 6.0 7.0 5.0 3.0 10.0 3.0 5.0 2.0 9.0 1.0 9.0 2.0 0.0 1.0 4.0 7.0 3.0 7.0 1.0 7.0 8.0 1.0 5.0 7.0 7.0 5.0 7.0 3.0
36 7.0 4.0 3.0 7.0 5.0 8.0 3.0 1.0 2.0 7.0 3.0 5.0 4.0 3.0 1.0 5.0 7.0 10.0 1.0 8.0 7.0 10.0 8.0 4.0 10.0 6.0 4.0 4.0 9.0 10.0 1.0 8.0 9.0 10.0 1.0 0.0 2.0 9.0 10.0 1.0 6.0 6.0 3.0 10.0 1.0 2.0 10.0 7.0 7.0 6.0
37 6.0 10.0 7.0 7.0 5.0 8.0 4.0 4.0 6.0 3.0 5.0 4.0 6.0 9.0 9.0 6.0 7.0 6.0 4.0 2.0 5.0 8.0 5.0 6.0 8.0 1.0 7.0 9.0 4.0 5.0 5.0 6.0 7.0 4.0 4.0 2.0 0.0 7.0 2.0 5.0 6.0 5.0 1.0 10.0 10.0 7.0 6.0 3.0 10.0 9.0
38 6.0 2.0 1.0 4.0 8.0 5.0 1.0 3.0 8.0 1.0 6.0 2.0 8.0 7.0 7.0 2.0 6.0 4.0 2.0 5.0 4.0 10.0 1.0 4.0 3.0 8.0 7.0 6.0 9.0 2.0 3.0 7.0 8.0 6.0 7.0 9.0 7.0 0.0 10.0 3.0 7.0 5.0 9.0 4.0 6.0 6.0 3.0 4.0 7.0 10.0
39 7.0 7.0 8.0 3.0 7.0 2.0 10.0 7.0 1.0 5.0 9.0 1.0 10.0 2.0 2.0 9.0 7.0 10.0 6.0 9.0 8.0 1.0 5.0 6.0 6.0 10.0 8.0 1.0 4.0 3.0 8.0 6.0 3.0 3.0 3.0 10.0 2.0 10.0 0.0 2.0 9.0 2.0 2.0 9.0 2.0 1.0 10.0 4.0 10.0 5.0
40 6.0 1.0 9.0 1.0 4.0 4.0 2.0 7.0 7.0 8.0 3.0 7.0 10.0 5.0 1.0 1.0 4.0 9.0 9.0 10.0 3.0 5.0 7.0 5.0 3.0 6.0 6.0 10.0 2.0 1.0 9.0 3.0 9.0 3.0 7.0 1.0 5.0 3.0 2.0 0.0 10.0 7.0 8.0 1.0 3.0 3.0 8.0 4.0 5.0 3.0
41 4.0 3.0 2.0 3.0 10.0 10.0 6.0 1.0 1.0 2.0 8.0 8.0 3.0 5.0 5.0 5.0 9.0 5.0 7.0 8.0 1.0 8.0 2.0 3.0 9.0 4.0 10.0 3.0 4.0 8.0 8.0 2.0 10.0 10.0 1.0 6.0 6.0 7.0 9.0 10.0 0.0 9.0 1.0 8.0 4.0 4.0 1.0 3.0 6.0 8.0
42 6.0 8.0 6.0 9.0 3.0 8.0 3.0 8.0 6.0 6.0 3.0 3.0 6.0 10.0 1.0 4.0 8.0 4.0 3.0 2.0 9.0 2.0 6.0 3.0 10.0 5.0 2.0 9.0 4.0 5.0 2.0 3.0 3.0 5.0 7.0 6.0 5.0 5.0 2.0 7.0 9.0 0.0 6.0 6.0 2.0 3.0 10.0 5.0 2.0 8.0
43 5.0 1.0 2.0 4.0 9.0 2.0 6.0 3.0 7.0 6.0 5.0 4.0 7.0 7.0 3.0 1.0 9.0 8.0 8.0 6.0 7.0 9.0 10.0 2.0 8.0 7.0 4.0 1.0 7.0 7.0 5.0 4.0 7.0 7.0 8.0 3.0 1.0 9.0 2.0 8.0 1.0 6.0 0.0 4.0 1.0 6.0 7.0 2.0 3.0 7.0
44 9.0 4.0 1.0 1.0 10.0 8.0 5.0 6.0 6.0 2.0 7.0 1.0 8.0 10.0 3.0 8.0 5.0 1.0 3.0 9.0 2.0 8.0 3.0 8.0 9.0 5.0 2.0 5.0 9.0 9.0 9.0 10.0 5.0 3.0 1.0 10.0 10.0 4.0 9.0 1.0 8.0 6.0 4.0 0.0 8.0 4.0 5.0 1.0 3.0 2.0
45 10.0 10.0 9.0 8.0 5.0 7.0 10.0 4.0 2.0 5.0 8.0 8.0 4.0 2.0 8.0 2.0 7.0 6.0 6.0 7.0 6.0 4.0 5.0 3.0 7.0 9.0 2.0 9.0 5.0 7.0 10.0 2.0 2.0 1.0 5.0 1.0 10.0 6.0 2.0 3.0 4.0 2.0 1.0 8.0 0.0 8.0 4.0 7.0 1.0 6.0
46 1.0 4.0 5.0 10.0 6.0 7.0 6.0 1.0 3.0 7.0 7.0 4.0 6.0 4.0 2.0 7.0 9.0 10.0 10.0 1.0 4.0 9.0 1.0 7.0 2.0 7.0 2.0 1.0 5.0 2.0 5.0 9.0 7.0 1.0 7.0 2.0 7.0 6.0 1.0 3.0 4.0 3.0 6.0 4.0 8.0 0.0 9.0 8.0 9.0 2.0
47 6.0 10.0 1.0 9.0 6.0 1.0 7.0 10.0 3.0 8.0 2.0 5.0 1.0 9.0 2.0 8.0 4.0 6.0 8.0 9.0 5.0 4.0 8.0 7.0 8.0 4.0 4.0 1.0 8.0 10.0 4.0 9.0 2.0 3.0 7.0 10.0 6.0 3.0 10.0 8.0 1.0 10.0 7.0 5.0 4.0 9.0 0.0 6.0 7.0 1.0
48 5.0 3.0 2.0 8.0 4.0 10.0 10.0 1.0 2.0 3.0 9.0 8.0 4.0 6.0 10.0 6.0 2.0 2.0 8.0 10.0 1.0 7.0 9.0 1.0 2.0 4.0 5.0 3.0 9.0 1.0 6.0 9.0 8.0 9.0 5.0 7.0 3.0 4.0 4.0 4.0 3.0 5.0 2.0 1.0 7.0 8.0 6.0 0.0 1.0 6.0
49 8.0 3.0 5.0 10.0 8.0 9.0 4.0 3.0 5.0 5.0 1.0 2.0 9.0 10.0 4.0 4.0 3.0 8.0 3.0 2.0 9.0 9.0 6.0 9.0 5.0 2.0 3.0 5.0 6.0 9.0 8.0 5.0 4.0 7.0 7.0 7.0 10.0 7.0 10.0 5.0 6.0 2.0 3.0 3.0 1.0 9.0 7.0 1.0 0.0 3.0
50 8.0 5.0 6.0 10.0 9.0 3.0 9.0 9.0 2.0 5.0 1.0 6.0 1.0 1.0 8.0 5.0 3.0 1.0 7.0 7.0 3.0 8.0 6.0 1.0 4.0 2.0 9.0 7.0 3.0 10.0 7.0 8.0 6.0 3.0 3.0 6.0 9.0 10.0 5.0 3.0 8.0 8.0 7.0 2.0 6.0 2.0 1.0 6.0 3.0 0.0
