15
1 0.0 0.0610278332 0.0732311943 0.0830747295 0.1003900714 0.0838948882 0.0360312286 0.0592694708 0.0503149009 0.1123624658 0.0322180586 0.1073281218 0.0589566498 0.0834288292 0.058471558
2 0.0610278332 0.0 0.121393314 0.0385443636 0.0859645014 0.0442168287 0.0886888837 0.0559462102 0.0399722413 0.0712128055 0.0829878374 0.0698695131 0.0889918684 0.0933404524 0.0578433475
3 0.0732311943 0.121393314 0.0 0.103886825 0.0697004492 0.0553710621 0.0981112417 0.1181764827 0.0771952671 0.0189180572 0.0250751106 0.0364561548 0.0792530444 0.0361957923 0.0870360041
4 0.0830747295 0.0385443636 0.103886825 0.0 0.0901306799 0.0236967642 0.0910614971 0.0801490422 0.0390421776 0.1291022742 0.0697286112 0.092185622 0.0347366944 0.0708313219 0.0538293971
5 0.1003900714 0.0859645014 0.0697004492 0.0901306799 0.0 0.0389895126 0.1310576385 0.0653756393 0.0236782291 0.0923765936 0.0428428526 0.039194522 0.0972241384 0.0711213424 0.0519538295
6 0.0838948882 0.0442168287 0.0553710621 0.0236967642 0.0389895126 0.0 0.0802398207 0.072705775 0.1209530206 0.067792421 0.0687372828 0.0976322225 0.0780726078 0.0835163458 0.084181448
7 0.0360312286 0.0886888837 0.0981112417 0.0910614971 0.1310576385 0.0802398207 0.0 0.0350279435 0.0579572445 0.1069156228 0.0309784274 0.0446045948 0.0654479769 0.0774540322 0.0564238477
8 0.0592694708 0.0559462102 0.1181764827 0.0801490422 0.0653756393 0.072705775 0.0350279435 0.0 0.0465700726 0.0284306398 0.1153797699 0.0887386753 0.0639338105 0.1096218527 0.0606746158
9 0.0503149009 0.0399722413 0.0771952671 0.0390421776 0.0236782291 0.1209530206 0.0579572445 0.0465700726 0.0 0.0722058701 0.1472836314 0.1077872924 0.0889555925 0.0546102325 0.0734742276
10 0.1123624658 0.0712128055 0.0189180572 0.1291022742 0.0923765936 0.067792421 0.1069156228 0.0284306398 0.0722058701 0.0 0.0638023814 0.0359732692 0.0544925357 0.0616575157 0.0847575476
11 0.0322180586 0.0829878374 0.0250751106 0.0697286112 0.0428428526 0.0687372828 0.0309784274 0.1153797699 0.1472836314 0.0638023814 0.0 0.0672734331 0.0966714319 0.0737988083 0.0832223632
12 0.1073281218 0.0698695131 0.0364561548 0.092185622 0.039194522 0.0976322225 0.0446045948 0.0887386753 0.1077872924 0.0359732692 0.0672734331 0.0 0.0649375472 0.035013848 0.1130051836
13 0.0589566498 0.0889918684 0.0792530444 0.0347366944 0.0972241384 0.0780726078 0.0654479769 0.0639338105 0.0889555925 0.0544925357 0.0966714319 0.0649375472 0.0 0.071304549 0.0570215532
14 0.0834288292 0.0933404524 0.0361957923 0.0708313219 0.0711213424 0.0835163458 0.0774540322 0.1096218527 0.0546102325 0.0616575157 0.0737988083 0.035013848 0.071304549 0.0 0.0781050775
15 0.058471558 0.0578433475 0.0870360041 0.0538293971 0.0519538295 0.084181448 0.0564238477 0.0606746158 0.0734742276 0.0847575476 0.0832223632 0.1130051836 0.0570215532 0.0781050775 0.0
