55
1 0.0 2.0 2.0 2.0 8.0 10.0 4.0 9.0 3.0 2.0 5.0 1.0 9.0 6.0 9.0 3.0 2.0 3.0 8.0 1.0 3.0 6.0 4.0 6.0 3.0 6.0 2.0 1.0 2.0 5.0 6.0 5.0 6.0 8.0 7.0 2.0 10.0 1.0 6.0 10.0 10.0 5.0 1.0 3.0 4.0 10.0 9.0 5.0 3.0 9.0 7.0 9.0 1.0 2.0 1.0
2 2.0 0.0 10.0 5.0 8.0 8.0 4.0 5.0 3.0 1.0 1.0 9.0 3.0 9.0 4.0 5.0 1.0 3.0 1.0 4.0 8.0 10.0 2.0 10.0 4.0 1.0 6.0 10.0 8.0 7.0 8.0 10.0 6.0 5.0 8.0 4.0 10.0 6.0 10.0 10.0 3.0 1.0 9.0 10.0 10.0 7.0 3.0 3.0 8.0 3.0 5.0 2.0 8.0 5.0 3.0
3 2.0 10.0 0.0 6.0 9.0 6.0 1.0 3.0 9.0 2.0 3.0 4.0 2.0 8.0 3.0 9.0 4.0 9.0 1.0 10.0 3.0 8.0 7.0 6.0 1.0 10.0 3.0 7.0 7.0 2.0 10.0 7.0 2.0 3.0 8.0 4.0 9.0 4.0 7.0 7.0 8.0 10.0 7.0 1.0 3.0 8.0 3.0 8.0 3.0 1.0 2.0 8.0 4.0 3.0 2.0
4 2.0 5.0 6.0 0.0 1.0 1.0 10.0 3.0 2.0 4.0 9.0 7.0 1.0 10.0 8.0 1.0 5.0 3.0 10.0 6.0 8.0 6.0 8.0 10.0 9.0 2.0 8.0 7.0 7.0 6.0 2.0 10.0 4.0 8.0 4.0 4.0 7.0 10.0 10.0 9.0 2.0 7.0 7.0 5.0 8.0 7.0 2.0 8.0 8.0 3.0 3.0 9.0 3.0 2.0 7.0
5 8.0 8.0 9.0 1.0 0.0 5.0 4.0 1.0 4.0 4.0 5.0 10.0 6.0 8.0 3.0 4.0 5.0 8.0 1.0 2.0 10.0 3.0 4.0 10.0 1.0 4.0 1.0 2.0 7.0 6.0 10.0 2.0 10.0 7.0 7.0 6.0 4.0 4.0 6.0 2.0 2.0 9.0 9.0 7.0 3.0 10.0 10.0 9.0 10.0 4.0 4.0 3.0 3.0 8.0 7.0
6 10.0 8.0 6.0 1.0 5.0 0.0 9.0 5.0 10.0 7.0 2.0 2.0 5.0 4.0 1.0 5.0 7.0 4.0 3.0 4.0 8.0 4.0 9.0 2.0 1.0 6.0 8.0 10.0 3.0 2.0 8.0 3.0 2.0 6.0 1.0 4.0 8.0 3.0 7.0 6.0 5.0 8.0 4.0 6.0 7.0 10.0 9.0 7.0 10.0 3.0 1.0 8.0 8.0 7.0 8.0
7 4.0 4.0 1.0 10.0 4.0 9.0 0.0 3.0 9.0 9.0 2.0 3.0 10.0 10.0 8.0 6.0 5.0 7.0 10.0 2.0 3.0 9.0 7.0 7.0 1.0 6.0 10.0 7.0 7.0 9.0 5.0 2.0 7.0 4.0 8.0 4.0 10.0 1.0 8.0 8.0 4.0 10.0 6.0 4.0 7.0 10.0 10.0 1.0 7.0 7.0 6.0 2.0 7.0 4.0 1.0
8 9.0 5.0 3.0 3.0 1.0 5.0 3.0 0.0 8.0 8.0 4.0 9.0 4.0 10.0 4.0 7.0 5.0 7.0 4.0 7.0 6.0 8.0 8.0 3.0 10.0 9.0 1.0 10.0 1.0 5.0 2.0 10.0 1.0 8.0 8.0 7.0 1.0 5.0 4.0 3.0 5.0 3.0 6.0 4.0 2.0 6.0 7.0 4.0 1.0 4.0 9.0 8.0 1.0 7.0 4.0
9 3.0 3.0 9.0 2.0 4.0 10.0 9.0 8.0 0.0 3.0 1.0 3.0 3.0 5.0 4.0 9.0 5.0 5.0 6.0 6.0 10.0 9.0 8.0 1.0 3.0 2.0 10.0 4.0 1.0 6.0 1.0 8.0 1.0 4.0 5.0 10.0 9.0 6.0 7.0 9.0 4.0 8.0 7.0 9.0 10.0 8.0 2.0 8.0 2.0 9.0 3.0 7.0 8.0 2.0 1.0
10 2.0 1.0 2.0 4.0 4.0 7.0 9.0 8.0 3.0 0.0 8.0 2.0 4.0 3.0 3.0 5.0 9.0 7.0 9.0 5.0 8.0 1.0 7.0 1.0 9.0 1.0 7.0 6.0 4.0 8.0 4.0 5.0 4.0 4.0 5.0 1.0 6.0 7.0 6.0 6.0 6.0 9.0 1.0 7.0 6.0 1.0 2.0 8.0 1.0 1.0 9.0 10.0 8.0 8.0 6.0
11 5.0 1.0 3.0 9.0 5.0 2.0 2.0 4.0 1.0 8.0 0.0 3.0 5.0 5.0 2.0 10.0 7.0 5.0 10.0 8.0 4.0 6.0 7.0 1.0 8.0 5.0 10.0 8.0 4.0 5.0 4.0 10.0 6.0 9.0 7.0 8.0 4.0 7.0 9.0 2.0 10.0 2.0 6.0 5.0 4.0 10.0 9.0 6.0 5.0 5.0 8.0 1.0 10.0 4.0 6.0
12 1.0 9.0 4.0 7.0 10.0 2.0 3.0 9.0 3.0 2.0 3.0 0.0 3.0 9.0 7.0 1.0 7.0 2.0 3.0 4.0 6.0 5.0 1.0 2.0 7.0 2.0 2.0 5.0 4.0 4.0 4.0 3.0 7.0 7.0 10.0 7.0 6.0 3.0 5.0 2.0 8.0 7.0 4.0 8.0 2.0 9.0 5.0 2.0 3.0 1.0 2.0 6.0 1.0 4.0 10.0
13 9.0 3.0 2.0 1.0 6.0 5.0 10.0 4.0 3.0 4.0 5.0 3.0 0.0 5.0 10.0 2.0 5.0 10.0 9.0 8.0 4.0 7.0 10.0 9.0 10.0 6.0 9.0 8.0 7.0 6.0 6.0 6.0 2.0 4.0 7.0 1.0 4.0 9.0 2.0 5.0 7.0 7.0 6.0 1.0 1.0 3.0 6.0 6.0 1.0 9.0 5.0 3.0 8.0 6.0 5.0
14 6.0 9.0 8.0 10.0 8.0 4.0 10.0 10.0 5.0 3.0 5.0 9.0 5.0 0.0 8.0 9.0 3.0 2.0 2.0 5.0 2.0 3.0 7.0 3.0 1.0 6.0 5.0 6.0 3.0 2.0 8.0 3.0 8.0 5.0 8.0 4.0 7.0 3.0 3.0 3.0 5.0 7.0 1.0 8.0 4.0 5.0 8.0 2.0 10.0 9.0 1.0 4.0 6.0 7.0 9.0
15 9.0 4.0 3.0 8.0 3.0 1.0 8.0 4.0 4.0 3.0 2.0 7.0 10.0 8.0 0.0 7.0 9.0 5.0 9.0 7.0 5.0 6.0 6.0 4.0 3.0 7.0 5.0 4.0 4.0 5.0 6.0 8.0 9.0 8.0 3.0 9.0 4.0 1.0 9.0 4.0 1.0 5.0 1.0 6.0 5.0 8.0 8.0 3.0 4.0 9.0 5.0 10.0 2.0 7.0 9.0
16 3.0 5.0 9.0 1.0 4.0 5.0 6.0 7.0 9.0 5.0 10.0 1.0 2.0 9.0 7.0 0.0 6.0 6.0 4.0 4.0 10.0 8.0 9.0 3.0 7.0 2.0 3.0 1.0 6.0 3.0 6.0 10.0 2.0 2.0 7.0 4.0 10.0 2.0 8.0 5.0 7.0 5.0 5.0 2.0 1.0 10.0 9.0 10.0 8.0 6.0 6.0 9.0 7.0 7.0 7.0
17 2.0 1.0 4.0 5.0 5.0 7.0 5.0 5.0 5.0 9.0 7.0 7.0 5.0 3.0 9.0 6.0 0.0 2.0 4.0 7.0 5.0 5.0 10.0 10.0 10.0 10.0 2.0 6.0 5.0 1.0 8.0 4.0 5.0 10.0 4.0 4.0 6.0 1.0 9.0 6.0 7.0 8.0 4.0 10.0 8.0 7.0 6.0 6.0 8.0 5.0 5.0 2.0 9.0 6.0 3.0
18 3.0 3.0 9.0 3.0 8.0 4.0 7.0 7.0 5.0 7.0 5.0 2.0 10.0 2.0 5.0 6.0 2.0 0.0 10.0 5.0 7.0 10.0 6.0 2.0 7.0 8.0 9.0 1.0 6.0 4.0 4.0 7.0 5.0 9.0 9.0 3.0 8.0 1.0 3.0 5.0 10.0 8.0 7.0 2.0 2.0 9.0 6.0 5.0 4.0 2.0 8.0 1.0 1.0 10.0 9.0
19 8.0 1.0 1.0 10.0 1.0 3.0 10.0 4.0 6.0 9.0 10.0 3.0 9.0 2.0 9.0 4.0 4.0 10.0 0.0 4.0 4.0 3.0 6.0 9.0 2.0 9.0 5.0 3.0 4.0 2.0 4.0 6.0 4.0 7.0 4.0 10.0 8.0 3.0 6.0 1.0 2.0 1.0 5.0 4.0 2.0 9.0 9.0 7.0 7.0 3.0 4.0 8.0 4.0 5.0 8.0
20 1.0 4.0 10.0 6.0 2.0 4.0 2.0 7.0 6.0 5.0 8.0 4.0 8.0 5.0 7.0 4.0 7.0 5.0 4.0 0.0 7.0 4.0 8.0 1.0 4.0 10.0 7.0 10.0 3.0 5.0 5.0 3.0 6.0 10.0 6.0 7.0 1.0 6.0 2.0 9.0 4.0 10.0 3.0 6.0 5.0 6.0 4.0 4.0 1.0 4.0 6.0 7.0 4.0 6.0 7.0
21 3.0 8.0 3.0 8.0 10.0 8.0 3.0 6.0 10.0 8.0 4.0 6.0 4.0 2.0 5.0 10.0 5.0 7.0 4.0 7.0 0.0 7.0 1.0 8.0 2.0 4.0 8.0 7.0 10.0 10.0 3.0 2.0 6.0 3.0 6.0 3.0 8.0 2.0 2.0 5.0 2.0 1.0 10.0 4.0 4.0 6.0 5.0 3.0 6.0 3.0 3.0 10.0 10.0 3.0 1.0
22 6.0 10.0 8.0 6.0 3.0 4.0 9.0 8.0 9.0 1.0 6.0 5.0 7.0 3.0 6.0 8.0 5.0 10.0 3.0 4.0 7.0 0.0 8.0 8.0 6.0 9.0 8.0 9.0 2.0 6.0 1.0 3.0 10.0 4.0 2.0 3.0 3.0 10.0 7.0 4.0 5.0 5.0 4.0 3.0 1.0 7.0 1.0 2.0 9.0 5.0 7.0 3.0 3.0 6.0 5.0
23 4.0 2.0 7.0 8.0 4.0 9.0 7.0 8.0 8.0 7.0 7.0 1.0 10.0 7.0 6.0 9.0 10.0 6.0 6.0 8.0 1.0 8.0 0.0 3.0 2.0 7.0 4.0 2.0 1.0 6.0 8.0 9.0 10.0 4.0 10.0 3.0 5.0 9.0 1.0 8.0 2.0 6.0 8.0 2.0 5.0 6.0 9.0 6.0 3.0 5.0 9.0 4.0 5.0 8.0 1.0
24 6.0 10.0 6.0 10.0 10.0 2.0 7.0 3.0 1.0 1.0 1.0 2.0 9.0 3.0 4.0 3.0 10.0 2.0 9.0 1.0 8.0 8.0 3.0 0.0 8.0 8.0 1.0 1.0 8.0 2.0 1.0 7.0 4.0 5.0 2.0 10.0 4.0 10.0 10.0 1.0 8.0 2.0 4.0 7.0 3.0 8.0 1.0 1.0 3.0 2.0 9.0 1.0 5.0 1.0 2.0
25 3.0 4.0 1.0 9.0 1.0 1.0 1.0 10.0 3.0 9.0 8.0 7.0 10.0 1.0 3.0 7.0 10.0 7.0 2.0 4.0 2.0 6.0 2.0 8.0 0.0 2.0 8.0 5.0 9.0 6.0 2.0 1.0 2.0 7.0 3.0 10.0 9.0 7.0 3.0 6.0 10.0 2.0 7.0 1.0 5.0 5.0 8.0 1.0 3.0 1.0 8.0 6.0 4.0 7.0 9.0
26 6.0 1.0 10.0 2.0 4.0 6.0 6.0 9.0 2.0 1.0 5.0 2.0 6.0 6.0 7.0 2.0 10.0 8.0 9.0 10.0 4.0 9.0 7.0 8.0 2.0 0.0 6.0 1.0 3.0 6.0 3.0 10.0 3.0 1.0 6.0 9.0 8.0 8.0 8.0 6.0 5.0 6.0 5.0 4.0 4.0 3.0 4.0 7.0 7.0 7.0 8.0 9.0 1.0 3.0 4.0
27 2.0 6.0 3.0 8.0 1.0 8.0 10.0 1.0 10.0 7.0 10.0 2.0 9.0 5.0 5.0 3.0 2.0 9.0 5.0 7.0 8.0 8.0 4.0 1.0 8.0 6.0 0.0 2.0 1.0 8.0 2.0 7.0 3.0 9.0 4.0 4.0 3.0 9.0 8.0 6.0 4.0 1.0 7.0 4.0 1.0 10.0 5.0 3.0 1.0 2.0 10.0 4.0 4.0 2.0 1.0
28 1.0 10.0 7.0 7.0 2.0 10.0 7.0 10.0 4.0 6.0 8.0 5.0 8.0 6.0 4.0 1.0 6.0 1.0 3.0 10.0 7.0 9.0 2.0 1.0 5.0 1.0 2.0 0.0 2.0 7.0 5.0 2.0 4.0 6.0 8.0 1.0 9.0 5.0 9.0 7.0 1.0 1.0 7.0 2.0 4.0 2.0 9.0 8.0 6.0 2.0 3.0 3.0 6.0 1.0 10.0
29 2.0 8.0 7.0 7.0 7.0 3.0 7.0 1.0 1.0 4.0 4.0 4.0 7.0 3.0 4.0 6.0 5.0 6.0 4.0 3.0 10.0 2.0 1.0 8.0 9.0 3.0 1.0 2.0 0.0 6.0 3.0 2.0 6.0 6.0 1.0 7.0 6.0 6.0 3.0 1.0 3.0 2.0 5.0 6.0 1.0 3.0 7.0 1.0 8.0 4.0 5.0 3.0 8.0 1.0 2.0
30 5.0 7.0 2.0 6.0 6.0 2.0 9.0 5.0 6.0 8.0 5.0 4.0 6.0 2.0 5.0 3.0 1.0 4.0 2.0 5.0 10.0 6.0 6.0 2.0 6.0 6.0 8.0 7.0 6.0 0.0 1.0 5.0 8.0 9.0 5.0 10.0 8.0 6.0 8.0 4.0 9.0 1.0 6.0 4.0 2.0 1.0 9.0 10.0 4.0 6.0 1.0 3.0 5.0 9.0 10.0
31 6.0 8.0 10.0 2.0 10.0 8.0 5.0 2.0 1.0 4.0 4.0 4.0 6.0 8.0 6.0 6.0 8.0 4.0 4.0 5.0 3.0 1.0 8.0 1.0 2.0 3.0 2.0 5.0 3.0 1.0 0.0 4.0 9.0 10.0 6.0 7.0 3.0 5.0 7.0 4.0 4.0 9.0 7.0 10.0 8.0 7.0 3.0 10.0 8.0 4.0 9.0 4.0 6.0 5.0 6.0
32 5.0 10.0 7.0 10.0 2.0 3.0 2.0 10.0 8.0 5.0 10.0 3.0 6.0 3.0 8.0 10.0 4.0 7.0 6.0 3.0 2.0 3.0 9.0 7.0 1.0 10.0 7.0 2.0 2.0 5.0 4.0 0.0 6.0 5.0 4.0 3.0 1.0 1.0 6.0 3.0 3.0 9.0 4.0 2.0 10.0 1.0 6.0 3.0 2.0 1.0 3.0 9.0 10.0 9.0 3.0
33 6.0 6.0 2.0 4.0 10.0 2.0 7.0 1.0 1.0 4.0 6.0 7.0 2.0 8.0 9.0 2.0 5.0 5.0 4.0 6.0 6.0 10.0 10.0 4.0 2.0 3.0 3.0 4.0 6.0 8.0 9.0 6.0 0.0 6.0 2.0 8.0 5.0 5.0 2.0 2.0 1.0 8.0 3.0 10.0 9.0 5.0 6.0 10.0 8.0 10.0 1.0 2.0 9.0 9.0 3.0
34 8.0 5.0 3.0 8.0 7.0 6.0 4.0 8.0 4.0 4.0 9.0 7.0 4.0 5.0 8.0 2.0 10.0 9.0 7.0 10.0 3.0 4.0 4.0 5.0 7.0 1.0 9.0 6.0 6.0 9.0 10.0 5.0 6.0 0.0 9.0 2.0 8.0 2.0 8.0 1.0 2.0 6.0 8.0 8.0 6.0 10.0 6.0 2.0 6.0 4.0 7.0 10.0 4.0 4.0 7.0
35 7.0 8.0 8.0 4.0 7.0 1.0 8.0 8.0 5.0 5.0 7.0 10.0 7.0 8.0 3.0 7.0 4.0 9.0 4.0 6.0 6.0 2.0 10.0 2.0 3.0 6.0 4.0 8.0 1.0 5.0 6.0 4.0 2.0 9.0 0.0 4.0 4.0 4.0 2.0 7.0 9.0 3.0 3.0 7.0 3.0 7.0 9.0 7.0 9.0 1.0 5.0 7.0 7.0 6.0 6.0
36 2.0 4.0 4.0 4.0 6.0 4.0 4.0 7.0 10.0 1.0 8.0 7.0 1.0 4.0 9.0 4.0 4.0 3.0 10.0 7.0 3.0 3.0 3.0 10.0 10.0 9.0 4.0 1.0 7.0 10.0 7.0 3.0 8.0 2.0 4.0 0.0 9.0 7.0 8.0 5.0 1.0 4.0 8.0 1.0 10.0 10.0 9.0 4.0 10.0 2.0 1.0 3.0 9.0 3.0 8.0
37 10.0 10.0 9.0 7.0 4.0 8.0 10.0 1.0 9.0 6.0 4.0 6.0 4.0 7.0 4.0 10.0 6.0 8.0 8.0 1.0 8.0 3.0 5.0 4.0 9.0 8.0 3.0 9.0 6.0 8.0 3.0 1.0 5.0 8.0 4.0 9.0 0.0 2.0 5.0 7.0 9.0 4.0 7.0 5.0 7.0 6.0 6.0 1.0 9.0 1.0 6.0 4.0 8.0 4.0 10.0
38 1.0 6.0 4.0 10.0 4.0 3.0 1.0 5.0 6.0 7.0 7.0 3.0 9.0 3.0 1.0 2.0 1.0 1.0 3.0 6.0 2.0 10.0 9.0 10.0 7.0 8.0 9.0 5.0 6.0 6.0 5.0 1.0 5.0 2.0 4.0 7.0 2.0 0.0 8.0 2.0 7.0 3.0 7.0 6.0 1.0 7.0 4.0 10.0 8.0 9.0 3.0 4.0 7.0 4.0 9.0
39 6.0 10.0 7.0 10.0 6.0 7.0 8.0 4.0 7.0 6.0 9.0 5.0 2.0 3.0 9.0 8.0 9.0 3.0 6.0 2.0 2.0 7.0 1.0 10.0 3.0 8.0 8.0 9.0 3.0 8.0 7.0 6.0 2.0 8.0 2.0 8.0 5.0 8.0 0.0 7.0 9.0 7.0 3.0 5.0 4.0 10.0 8.0 8.0 10.0 8.0 9.0 5.0 5.0 10.0 1.0
40 10.0 10.0 7.0 9.0 2.0 6.0 8.0 3.0 9.0 6.0 2.0 2.0 5.0 3.0 4.0 5.0 6.0 5.0 1.0 9.0 5.0 4.0 8.0 1.0 6.0 6.0 6.0 7.0 1.0 4.0 4.0 3.0 2.0 1.0 7.0 5.0 7.0 2.0 7.0 0.0 4.0 8.0 8.0 6.0 10.0 3.0 4.0 6.0 1.0 2.0 10.0 2.0 7.0 6.0 4.0
41 10.0 3.0 8.0 2.0 2.0 5.0 4.0 5.0 4.0 6.0 10.0 8.0 7.0 5.0 1.0 7.0 7.0 10.0 2.0 4.0 2.0 5.0 2.0 8.0 10.0 5.0 4.0 1.0 3.0 9.0 4.0 3.0 1.0 2.0 9.0 1.0 9.0 7.0 9.0 4.0 0.0 8.0 1.0 3.0 6.0 9.0 2.0 8.0 1.0 2.0 1.0 10.0 3.0 2.0 1.0
42 5.0 1.0 10.0 7.0 9.0 8.0 10.0 3.0 8.0 9.0 2.0 7.0 7.0 7.0 5.0 5.0 8.0 8.0 1.0 10.0 1.0 5.0 6.0 2.0 2.0 6.0 1.0 1.0 2.0 1.0 9.0 9.0 8.0 6.0 3.0 4.0 4.0 3.0 7.0 8.0 8.0 0.0 1.0 6.0 9.0 6.0 6.0 8.0 2.0 9.0 4.0 7.0 2.0 1.0 7.0
43 1.0 9.0 7.0 7.0 9.0 4.0 6.0 6.0 7.0 1.0 6.0 4.0 6.0 1.0 1.0 5.0 4.0 7.0 5.0 3.0 10.0 4.0 8.0 4.0 7.0 5.0 7.0 7.0 5.0 6.0 7.0 4.0 3.0 8.0 3.0 8.0 7.0 7.0 3.0 8.0 1.0 1.0 0.0 3.0 9.0 6.0 6.0 1.0 2.0 7.0 3.0 10.0 5.0 8.0 9.0
44 3.0 10.0 1.0 5.0 7.0 6.0 4.0 4.0 9.0 7.0 5.0 8.0 1.0 8.0 6.0 2.0 10.0 2.0 4.0 6.0 4.0 3.0 2.0 7.0 1.0 4.0 4.0 2.0 6.0 4.0 10.0 2.0 10.0 8.0 7.0 1.0 5.0 6.0 5.0 6.0 3.0 6.0 3.0 0.0 3.0 8.0 7.0 6.0 1.0 7.0 7.0 2.0 4.0 6.0 8.0
45 4.0 10.0 3.0 8.0 3.0 7.0 7.0 2.0 10.0 6.0 4.0 2.0 1.0 4.0 5.0 1.0 8.0 2.0 2.0 5.0 4.0 1.0 5.0 3.0 5.0 4.0 1.0 4.0 1.0 2.0 8.0 10.0 9.0 6.0 3.0 10.0 7.0 1.0 4.0 10.0 6.0 9.0 9.0 3.0 0.0 9.0 5.0 2.0 4.0 4.0 8.0 5.0 9.0 8.0 10.0
46 10.0 7.0 8.0 7.0 10.0 10.0 10.0 6.0 8.0 1.0 10.0 9.0 3.0 5.0 8.0 10.0 7.0 9.0 9.0 6.0 6.0 7.0 6.0 8.0 5.0 3.0 10.0 2.0 3.0 1.0 7.0 1.0 5.0 10.0 7.0 10.0 6.0 7.0 10.0 3.0 9.0 6.0 6.0 8.0 9.0 0.0 1.0 2.0 9.0 10.0 4.0 8.0 5.0 5.0 4.0
47 9.0 3.0 3.0 2.0 10.0 9.0 10.0 7.0 2.0 2.0 9.0 5.0 6.0 8.0 8.0 9.0 6.0 6.0 9.0 4.0 5.0 1.0 9.0 1.0 8.0 4.0 5.0 9.0 7.0 9.0 3.0 6.0 6.0 6.0 9.0 9.0 6.0 4.0 8.0 4.0 2.0 6.0 6.0 7.0 5.0 1.0 0.0 7.0 7.0 7.0 4.0 1.0 6.0 6.0 7.0
48 5.0 3.0 8.0 8.0 9.0 7.0 1.0 4.0 8.0 8.0 6.0 2.0 6.0 2.0 3.0 10.0 6.0 5.0 7.0 4.0 3.0 2.0 6.0 1.0 1.0 7.0 3.0 8.0 1.0 10.0 10.0 3.0 10.0 2.0 7.0 4.0 1.0 10.0 8.0 6.0 8.0 8.0 1.0 6.0 2.0 2.0 7.0 0.0 10.0 3.0 6.0 3.0 6.0 10.0 1.0
49 3.0 8.0 3.0 8.0 10.0 10.0 7.0 1.0 2.0 1.0 5.0 3.0 1.0 10.0 4.0 8.0 8.0 4.0 7.0 1.0 6.0 9.0 3.0 3.0 3.0 7.0 1.0 6.0 8.0 4.0 8.0 2.0 8.0 6.0 9.0 10.0 9.0 8.0 10.0 1.0 1.0 2.0 2.0 1.0 4.0 9.0 7.0 10.0 0.0 3.0 1.0 1.0 8.0 2.0 3.0
50 9.0 3.0 1.0 3.0 4.0 3.0 7.0 4.0 9.0 1.0 5.0 1.0 9.0 9.0 9.0 6.0 5.0 2.0 3.0 4.0 3.0 5.0 5.0 2.0 1.0 7.0 2.0 2.0 4.0 6.0 4.0 1.0 10.0 4.0 1.0 2.0 1.0 9.0 8.0 2.0 2.0 9.0 7.0 7.0 4.0 10.0 7.0 3.0 3.0 0.0 6.0 9.0 8.0 5.0 4.0
51 7.0 5.0 2.0 3.0 4.0 1.0 6.0 9.0 3.0 9.0 8.0 2.0 5.0 1.0 5.0 6.0 5.0 8.0 4.0 6.0 3.0 7.0 9.0 9.0 8.0 8.0 10.0 3.0 5.0 1.0 9.0 3.0 1.0 7.0 5.0 1.0 6.0 3.0 9.0 10.0 1.0 4.0 3.0 7.0 8.0 4.0 4.0 6.0 1.0 6.0 0.0 7.0 8.0 3.0 9.0
52 9.0 2.0 8.0 9.0 3.0 8.0 2.0 8.0 7.0 10.0 1.0 6.0 3.0 4.0 10.0 9.0 2.0 1.0 8.0 7.0 10.0 3.0 4.0 1.0 6.0 9.0 4.0 3.0 3.0 3.0 4.0 9.0 2.0 10.0 7.0 3.0 4.0 4.0 5.0 2.0 10.0 7.0 10.0 2.0 5.0 8.0 1.0 3.0 1.0 9.0 7.0 0.0 7.0 4.0 2.0
53 1.0 8.0 4.0 3.0 3.0 8.0 7.0 1.0 8.0 8.0 10.0 1.0 8.0 6.0 2.0 7.0 9.0 1.0 4.0 4.0 10.0 3.0 5.0 5.0 4.0 1.0 4.0 6.0 8.0 5.0 6.0 10.0 9.0 4.0 7.0 9.0 8.0 7.0 5.0 7.0 3.0 2.0 5.0 4.0 9.0 5.0 6.0 6.0 8.0 8.0 8.0 7.0 0.0 4.0 5.0
54 2.0 5.0 3.0 2.0 8.0 7.0 4.0 7.0 2.0 8.0 4.0 4.0 6.0 7.0 7.0 7.0 6.0 10.0 5.0 6.0 3.0 6.0 8.0 1.0 7.0 3.0 2.0 1.0 1.0 9.0 5.0 9.0 9.0 4.0 6.0 3.0 4.0 4.0 10.0 6.0 2.0 1.0 8.0 6.0 8.0 5.0 6.0 10.0 2.0 5.0 3.0 4.0 4.0 0.0 5.0
55 1.0 3.0 2.0 7.0 7.0 8.0 1.0 4.0 1.0 6.0 6.0 10.0 5.0 9.0 9.0 7.0 3.0 9.0 8.0 7.0 1.0 5.0 1.0 2.0 9.0 4.0 1.0 10.0 2.0 10.0 6.0 3.0 3.0 7.0 6.0 8.0 10.0 9.0 1.0 4.0 1.0 7.0 9.0 8.0 10.0 4.0 7.0 1.0 3.0 4.0 9.0 2.0 5.0 5.0 0.0
