30
1 0.0 5.0 5.0 1.0 10.0 10.0 8.0 5.0 2.0 3.0 9.0 3.0 4.0 4.0 10.0 8.0 8.0 10.0 7.0 4.0 10.0 8.0 3.0 9.0 7.0 1.0 2.0 5.0 7.0 5.0
2 5.0 0.0 9.0 6.0 3.0 7.0 1.0 1.0 1.0 6.0 3.0 4.0 5.0 5.0 9.0 2.0 8.0 10.0 8.0 5.0 2.0 6.0 9.0 9.0 7.0 7.0 9.0 4.0 1.0 9.0
3 5.0 9.0 0.0 8.0 8.0 6.0 1.0 7.0 2.0 1.0 5.0 6.0 2.0 3.0 8.0 1.0 1.0 7.0 3.0 7.0 6.0 1.0 4.0 1.0 1.0 3.0 2.0 4.0 2.0 4.0
4 1.0 6.0 8.0 0.0 10.0 4.0 3.0 7.0 3.0 1.0 2.0 9.0 1.0 3.0 2.0 2.0 4.0 9.0 5.0 5.0 6.0 7.0 2.0 2.0 6.0 6.0 7.0 1.0 5.0 4.0
5 10.0 3.0 8.0 10.0 0.0 6.0 10.0 2.0 5.0 1.0 8.0 2.0 9.0 1.0 1.0 2.0 6.0 6.0 3.0 5.0 10.0 4.0 4.0 10.0 5.0 5.0 7.0 3.0 4.0 1.0
6 10.0 7.0 6.0 4.0 6.0 0.0 9.0 1.0 4.0 7.0 5.0 2.0 6.0 7.0 10.0 2.0 3.0 5.0 1.0 8.0 2.0 2.0 3.0 4.0 5.0 1.0 8.0 6.0 4.0 2.0
7 8.0 1.0 1.0 3.0 10.0 9.0 0.0 3.0 6.0 1.0 10.0 6.0 10.0 5.0 9.0 1.0 4.0 4.0 10.0 3.0 8.0 9.0 2.0 10.0 2.0 2.0 6.0 1.0 1.0 8.0
8 5.0 1.0 7.0 7.0 2.0 1.0 3.0 0.0 1.0 7.0 1.0 6.0 8.0 8.0 3.0 5.0 5.0 5.0 10.0 3.0 6.0 9.0 7.0 6.0 7.0 10.0 1.0 5.0 7.0 4.0
9 2.0 1.0 2.0 3.0 5.0 4.0 6.0 1.0 0.0 4.0 7.0 4.0 9.0 8.0 3.0 7.0 10.0 7.0 6.0 3.0 10.0 10.0 10.0 3.0 3.0 10.0 6.0 2.0 10.0 10.0
10 3.0 6.0 1.0 1.0 1.0 7.0 1.0 7.0 4.0 0.0 10.0 9.0 6.0 9.0 10.0 10.0 3.0 5.0 4.0 8.0 9.0 10.0 4.0 4.0 1.0 10.0 9.0 1.0 4.0 10.0
11 9.0 3.0 5.0 2.0 8.0 5.0 10.0 1.0 7.0 10.0 0.0 9.0 4.0 6.0 1.0 8.0 3.0 10.0 9.0 3.0 6.0 9.0 1.0 9.0 4.0 7.0 7.0 10.0 4.0 10.0
12 3.0 4.0 6.0 9.0 2.0 2.0 6.0 6.0 4.0 9.0 9.0 0.0 5.0 6.0 4.0 5.0 7.0 1.0 4.0 3.0 10.0 5.0 1.0 7.0 5.0 6.0 5.0 8.0 8.0 2.0
13 4.0 5.0 2.0 1.0 9.0 6.0 10.0 8.0 9.0 6.0 4.0 5.0 0.0 6.0 5.0 2.0 5.0 2.0 10.0 3.0 4.0 8.0 4.0 4.0 7.0 2.0 10.0 4.0 4.0 10.0
14 4.0 5.0 3.0 3.0 1.0 7.0 5.0 8.0 8.0 9.0 6.0 6.0 6.0 0.0 2.0 7.0 9.0 4.0 6.0 8.0 7.0 6.0 1.0 5.0 4.0 8.0 8.0 3.0 1.0 6.0
15 10.0 9.0 8.0 2.0 1.0 10.0 9.0 3.0 3.0 10.0 1.0 4.0 5.0 2.0 0.0 2.0 8.0 6.0 10.0 4.0 6.0 8.0 1.0 7.0 4.0 2.0 4.0 2.0 7.0 9.0
16 8.0 2.0 1.0 2.0 2.0 2.0 1.0 5.0 7.0 10.0 8.0 5.0 2.0 7.0 2.0 0.0 9.0 4.0 1.0 6.0 4.0 7.0 4.0 6.0 5.0 3.0 1.0 2.0 1.0 1.0
17 8.0 8.0 1.0 4.0 6.0 3.0 4.0 5.0 10.0 3.0 3.0 7.0 5.0 9.0 8.0 9.0 0.0 9.0 10.0 7.0 7.0 7.0 1.0 9.0 1.0 1.0 6.0 4.0 8.0 10.0
18 10.0 10.0 7.0 9.0 6.0 5.0 4.0 5.0 7.0 5.0 10.0 1.0 2.0 4.0 6.0 4.0 9.0 0.0 6.0 9.0 7.0 10.0 8.0 2.0 3.0 8.0 5.0 7.0 7.0 8.0
19 7.0 8.0 3.0 5.0 3.0 1.0 10.0 10.0 6.0 4.0 9.0 4.0 10.0 6.0 10.0 1.0 10.0 6.0 0.0 4.0 9.0 3.0 6.0 6.0 4.0 3.0 9.0 6.0 2.0 1.0
20 4.0 5.0 7.0 5.0 5.0 8.0 3.0 3.0 3.0 8.0 3.0 3.0 3.0 8.0 4.0 6.0 7.0 9.0 4.0 0.0 1.0 8.0 4.0 3.0 2.0 3.0 1.0 8.0 2.0 10.0
21 10.0 2.0 6.0 6.0 10.0 2.0 8.0 6.0 10.0 9.0 6.0 10.0 4.0 7.0 6.0 4.0 7.0 7.0 9.0 1.0 0.0 9.0 1.0 6.0 7.0 2.0 8.0 7.0 3.0 5.0
22 8.0 6.0 1.0 7.0 4.0 2.0 9.0 9.0 10.0 10.0 9.0 5.0 8.0 6.0 8.0 7.0 7.0 10.0 3.0 8.0 9.0 0.0 4.0 10.0 4.0 10.0 2.0 4.0 5.0 3.0
23 3.0 9.0 4.0 2.0 4.0 3.0 2.0 7.0 10.0 4.0 1.0 1.0 4.0 1.0 1.0 4.0 1.0 8.0 6.0 4.0 1.0 4.0 0.0 3.0 5.0 10.0 5.0 9.0 10.0 8.0
24 9.0 9.0 1.0 2.0 10.0 4.0 10.0 6.0 3.0 4.0 9.0 7.0 4.0 5.0 7.0 6.0 9.0 2.0 6.0 3.0 6.0 10.0 3.0 0.0 7.0 5.0 2.0 4.0 1.0 7.0
25 7.0 7.0 1.0 6.0 5.0 5.0 2.0 7.0 3.0 1.0 4.0 5.0 7.0 4.0 4.0 5.0 1.0 3.0 4.0 2.0 7.0 4.0 5.0 7.0 0.0 8.0 2.0 8.0 7.0 5.0
26 1.0 7.0 3.0 6.0 5.0 1.0 2.0 10.0 10.0 10.0 7.0 6.0 2.0 8.0 2.0 3.0 1.0 8.0 3.0 3.0 2.0 10.0 10.0 5.0 8.0 0.0 10.0 7.0 10.0 4.0
27 2.0 9.0 2.0 7.0 7.0 8.0 6.0 1.0 6.0 9.0 7.0 5.0 10.0 8.0 4.0 1.0 6.0 5.0 9.0 1.0 8.0 2.0 5.0 2.0 2.0 10.0 0.0 4.0 9.0 1.0
28 5.0 4.0 4.0 1.0 3.0 6.0 1.0 5.0 2.0 1.0 10.0 8.0 4.0 3.0 2.0 2.0 4.0 7.0 6.0 8.0 7.0 4.0 9.0 4.0 8.0 7.0 4.0 0.0 10.0 8.0
29 7.0 1.0 2.0 5.0 4.0 4.0 1.0 7.0 10.0 4.0 4.0 8.0 4.0 1.0 7.0 1.0 8.0 7.0 2.0 2.0 3.0 5.0 10.0 1.0 7.0 10.0 9.0 10.0 0.0 7.0
30 5.0 9.0 4.0 4.0 1.0 2.0 8.0 4.0 10.0 10.0 10.0 2.0 10.0 6.0 9.0 1.0 10.0 8.0 1.0 10.0 5.0 3.0 8.0 7.0 5.0 4.0 1.0 8.0 7.0 0.0
