45
1 0.0 7.0 2.0 8.0 3.0 6.0 7.0 2.0 9.0 5.0 5.0 4.0 1.0 5.0 2.0 9.0 5.0 8.0 6.0 8.0 1.0 8.0 5.0 8.0 6.0 5.0 8.0 9.0 1.0 7.0 5.0 4.0 9.0 3.0 3.0 3.0 6.0 3.0 8.0 1.0 2.0 5.0 8.0 7.0 10.0
2 7.0 0.0 8.0 3.0 7.0 8.0 7.0 9.0 5.0 1.0 10.0 6.0 10.0 3.0 7.0 9.0 6.0 3.0 7.0 4.0 3.0 5.0 6.0 7.0 4.0 4.0 2.0 3.0 4.0 8.0 6.0 10.0 10.0 8.0 6.0 1.0 10.0 10.0 3.0 3.0 8.0 4.0 10.0 2.0 3.0
3 2.0 8.0 0.0 7.0 4.0 2.0 4.0 6.0 2.0 5.0 8.0 9.0 1.0 9.0 8.0 8.0 8.0 5.0 1.0 10.0 8.0 9.0 5.0 5.0 2.0 6.0 5.0 1.0 8.0 1.0 6.0 7.0 10.0 1.0 7.0 10.0 10.0 8.0 8.0 2.0 5.0 6.0 5.0 9.0 8.0
4 8.0 3.0 7.0 0.0 7.0 3.0 7.0 4.0 9.0 9.0 8.0 9.0 2.0 6.0 10.0 10.0 3.0 3.0 4.0 1.0 3.0 9.0 4.0 2.0 6.0 7.0 7.0 10.0 1.0 2.0 2.0 2.0 9.0 2.0 10.0 7.0 7.0 3.0 8.0 10.0 3.0 10.0 3.0 10.0 1.0
5 3.0 7.0 4.0 7.0 0.0 2.0 3.0 3.0 10.0 9.0 5.0 10.0 5.0 6.0 8.0 1.0 8.0 2.0 3.0 9.0 7.0 5.0 9.0 6.0 6.0 9.0 5.0 3.0 6.0 5.0 5.0 6.0 5.0 6.0 4.0 5.0 10.0 9.0 9.0 5.0 6.0 4.0 8.0 3.0 3.0
6 6.0 8.0 2.0 3.0 2.0 0.0 3.0 8.0 6.0 10.0 6.0 6.0 3.0 6.0 6.0 3.0 1.0 7.0 9.0 2.0 5.0 8.0 3.0 5.0 1.0 5.0 8.0 10.0 3.0 10.0 6.0 10.0 4.0 8.0 6.0 6.0 7.0 2.0 10.0 5.0 8.0 4.0 4.0 1.0 6.0
7 7.0 7.0 4.0 7.0 3.0 3.0 0.0 5.0 10.0 7.0 4.0 2.0 3.0 9.0 6.0 4.0 10.0 3.0 8.0 9.0 9.0 10.0 7.0 8.0 3.0 4.0 9.0 4.0 6.0 2.0 3.0 9.0 4.0 7.0 5.0 8.0 4.0 6.0 2.0 10.0 9.0 10.0 1.0 1.0 3.0
8 2.0 9.0 6.0 4.0 3.0 8.0 5.0 0.0 6.0 9.0 1.0 9.0 3.0 2.0 2.0 4.0 9.0 8.0 7.0 5.0 9.0 10.0 9.0 3.0 2.0 9.0 8.0 2.0 3.0 1.0 4.0 8.0 2.0 8.0 8.0 5.0 10.0 3.0 2.0 6.0 4.0 7.0 8.0 1.0 9.0
9 9.0 5.0 2.0 9.0 10.0 6.0 10.0 6.0 0.0 10.0 4.0 4.0 10.0 1.0 3.0 9.0 10.0 2.0 5.0 9.0 3.0 7.0 3.0 1.0 6.0 3.0 8.0 8.0 6.0 10.0 4.0 4.0 7.0 4.0 3.0 1.0 5.0 3.0 10.0 10.0 2.0 9.0 4.0 7.0 6.0
10 5.0 1.0 5.0 9.0 9.0 10.0 7.0 9.0 10.0 0.0 1.0 1.0 7.0 10.0 10.0 6.0 10.0 10.0 1.0 4.0 3.0 10.0 3.0 9.0 9.0 4.0 9.0 10.0 6.0 9.0 8.0 8.0 9.0 6.0 7.0 10.0 3.0 6.0 3.0 7.0 5.0 4.0 6.0 3.0 7.0
11 5.0 10.0 8.0 8.0 5.0 6.0 4.0 1.0 4.0 1.0 0.0 8.0 5.0 4.0 7.0 3.0 1.0 3.0 3.0 9.0 5.0 3.0 6.0 1.0 6.0 7.0 2.0 6.0 9.0 9.0 6.0 7.0 5.0 5.0 3.0 1.0 4.0 3.0 9.0 1.0 7.0 8.0 2.0 8.0 4.0
12 4.0 6.0 9.0 9.0 10.0 6.0 2.0 9.0 4.0 1.0 8.0 0.0 2.0 5.0 4.0 9.0 3.0 8.0 2.0 8.0 5.0 10.0 5.0 8.0 2.0 3.0 3.0 1.0 9.0 5.0 7.0 3.0 10.0 10.0 7.0 9.0 10.0 1.0 1.0 9.0 10.0 4.0 9.0 4.0 6.0
13 1.0 10.0 1.0 2.0 5.0 3.0 3.0 3.0 10.0 7.0 5.0 2.0 0.0 7.0 3.0 7.0 5.0 7.0 6.0 7.0 3.0 5.0 2.0 9.0 10.0 10.0 2.0 5.0 5.0 6.0 9.0 4.0 3.0 9.0 8.0 4.0 2.0 7.0 6.0 7.0 4.0 6.0 2.0 10.0 5.0
14 5.0 3.0 9.0 6.0 6.0 6.0 9.0 2.0 1.0 10.0 4.0 5.0 7.0 0.0 9.0 6.0 1.0 9.0 2.0 1.0 3.0 6.0 1.0 4.0 10.0 5.0 8.0 10.0 8.0 3.0 3.0 7.0 2.0 6.0 7.0 8.0 4.0 7.0 6.0 10.0 3.0 5.0 8.0 3.0 3.0
15 2.0 7.0 8.0 10.0 8.0 6.0 6.0 2.0 3.0 10.0 7.0 4.0 3.0 9.0 0.0 8.0 4.0 9.0 2.0 5.0 8.0 3.0 2.0 3.0 4.0 1.0 7.0 3.0 4.0 7.0 3.0 5.0 10.0 3.0 7.0 5.0 6.0 1.0 7.0 7.0 4.0 9.0 7.0 7.0 3.0
16 9.0 9.0 8.0 10.0 1.0 3.0 4.0 4.0 9.0 6.0 3.0 9.0 7.0 6.0 8.0 0.0 5.0 1.0 3.0 7.0 6.0 2.0 6.0 5.0 1.0 6.0 3.0 7.0 6.0 6.0 2.0 4.0 2.0 7.0 7.0 9.0 2.0 1.0 2.0 10.0 2.0 3.0 4.0 6.0 7.0
17 5.0 6.0 8.0 3.0 8.0 1.0 10.0 9.0 10.0 10.0 1.0 3.0 5.0 1.0 4.0 5.0 0.0 8.0 3.0 8.0 4.0 8.0 8.0 6.0 3.0 2.0 8.0 2.0 1.0 7.0 9.0 6.0 9.0 5.0 10.0 9.0 8.0 1.0 9.0 10.0 6.0 10.0 10.0 4.0 3.0
18 8.0 3.0 5.0 3.0 2.0 7.0 3.0 8.0 2.0 10.0 3.0 8.0 7.0 9.0 9.0 1.0 8.0 0.0 3.0 3.0 10.0 3.0 9.0 8.0 10.0 8.0 2.0 9.0 1.0 7.0 6.0 9.0 10.0 2.0 4.0 8.0 8.0 3.0 10.0 7.0 10.0 7.0 5.0 3.0 7.0
19 6.0 7.0 1.0 4.0 3.0 9.0 8.0 7.0 5.0 1.0 3.0 2.0 6.0 2.0 2.0 3.0 3.0 3.0 0.0 1.0 1.0 4.0 2.0 9.0 7.0 9.0 10.0 2.0 2.0 6.0 10.0 10.0 9.0 1.0 5.0 4.0 6.0 3.0 7.0 2.0 9.0 10.0 6.0 2.0 6.0
20 8.0 4.0 10.0 1.0 9.0 2.0 9.0 5.0 9.0 4.0 9.0 8.0 7.0 1.0 5.0 7.0 8.0 3.0 1.0 0.0 9.0 3.0 5.0 3.0 9.0 2.0 5.0 3.0 4.0 4.0 5.0 5.0 6.0 8.0 9.0 3.0 1.0 4.0 10.0 9.0 8.0 8.0 4.0 3.0 3.0
21 1.0 3.0 8.0 3.0 7.0 5.0 9.0 9.0 3.0 3.0 5.0 5.0 3.0 3.0 8.0 6.0 4.0 10.0 1.0 9.0 0.0 10.0 5.0 10.0 9.0 1.0 5.0 8.0 2.0 3.0 9.0 7.0 7.0 3.0 9.0 10.0 4.0 5.0 6.0 1.0 8.0 1.0 3.0 8.0 2.0
22 8.0 5.0 9.0 9.0 5.0 8.0 10.0 10.0 7.0 10.0 3.0 10.0 5.0 6.0 3.0 2.0 8.0 3.0 4.0 3.0 10.0 0.0 9.0 8.0 8.0 8.0 7.0 4.0 6.0 3.0 5.0 5.0 7.0 4.0 7.0 5.0 4.0 7.0 2.0 10.0 2.0 9.0 2.0 5.0 10.0
23 5.0 6.0 5.0 4.0 9.0 3.0 7.0 9.0 3.0 3.0 6.0 5.0 2.0 1.0 2.0 6.0 8.0 9.0 2.0 5.0 5.0 9.0 0.0 8.0 6.0 9.0 2.0 2.0 6.0 4.0 6.0 2.0 9.0 8.0 7.0 5.0 5.0 9.0 3.0 3.0 3.0 3.0 9.0 1.0 3.0
24 8.0 7.0 5.0 2.0 6.0 5.0 8.0 3.0 1.0 9.0 1.0 8.0 9.0 4.0 3.0 5.0 6.0 8.0 9.0 3.0 10.0 8.0 8.0 0.0 10.0 1.0 3.0 7.0 6.0 7.0 4.0 9.0 3.0 1.0 3.0 2.0 10.0 4.0 1.0 3.0 7.0 7.0 4.0 8.0 8.0
25 6.0 4.0 2.0 6.0 6.0 1.0 3.0 2.0 6.0 9.0 6.0 2.0 10.0 10.0 4.0 1.0 3.0 10.0 7.0 9.0 9.0 8.0 6.0 10.0 0.0 8.0 5.0 9.0 3.0 10.0 4.0 9.0 7.0 6.0 1.0 9.0 8.0 9.0 1.0 8.0 4.0 5.0 3.0 7.0 10.0
26 5.0 4.0 6.0 7.0 9.0 5.0 4.0 9.0 3.0 4.0 7.0 3.0 10.0 5.0 1.0 6.0 2.0 8.0 9.0 2.0 1.0 8.0 9.0 1.0 8.0 0.0 10.0 1.0 1.0 1.0 3.0 2.0 4.0 5.0 2.0 8.0 6.0 3.0 3.0 8.0 10.0 7.0 3.0 8.0 9.0
27 8.0 2.0 5.0 7.0 5.0 8.0 9.0 8.0 8.0 9.0 2.0 3.0 2.0 8.0 7.0 3.0 8.0 2.0 10.0 5.0 5.0 7.0 2.0 3.0 5.0 10.0 0.0 9.0 3.0 6.0 5.0 7.0 10.0 9.0 10.0 7.0 2.0 7.0 6.0 7.0 5.0 7.0 4.0 2.0 2.0
28 9.0 3.0 1.0 10.0 3.0 10.0 4.0 2.0 8.0 10.0 6.0 1.0 5.0 10.0 3.0 7.0 2.0 9.0 2.0 3.0 8.0 4.0 2.0 7.0 9.0 1.0 9.0 0.0 6.0 5.0 3.0 5.0 5.0 3.0 4.0 10.0 4.0 2.0 5.0 10.0 9.0 8.0 10.0 6.0 6.0
29 1.0 4.0 8.0 1.0 6.0 3.0 6.0 3.0 6.0 6.0 9.0 9.0 5.0 8.0 4.0 6.0 1.0 1.0 2.0 4.0 2.0 6.0 6.0 6.0 3.0 1.0 3.0 6.0 0.0 8.0 7.0 9.0 2.0 4.0 4.0 5.0 6.0 6.0 8.0 10.0 6.0 9.0 5.0 10.0 6.0
30 7.0 8.0 1.0 2.0 5.0 10.0 2.0 1.0 10.0 9.0 9.0 5.0 6.0 3.0 7.0 6.0 7.0 7.0 6.0 4.0 3.0 3.0 4.0 7.0 10.0 1.0 6.0 5.0 8.0 0.0 1.0 2.0 10.0 1.0 9.0 3.0 10.0 9.0 7.0 3.0 10.0 9.0 2.0 4.0 1.0
31 5.0 6.0 6.0 2.0 5.0 6.0 3.0 4.0 4.0 8.0 6.0 7.0 9.0 3.0 3.0 2.0 9.0 6.0 10.0 5.0 9.0 5.0 6.0 4.0 4.0 3.0 5.0 3.0 7.0 1.0 0.0 3.0 6.0 1.0 4.0 3.0 7.0 8.0 2.0 4.0 2.0 1.0 9.0 7.0 9.0
32 4.0 10.0 7.0 2.0 6.0 10.0 9.0 8.0 4.0 8.0 7.0 3.0 4.0 7.0 5.0 4.0 6.0 9.0 10.0 5.0 7.0 5.0 2.0 9.0 9.0 2.0 7.0 5.0 9.0 2.0 3.0 0.0 3.0 8.0 2.0 6.0 6.0 3.0 2.0 2.0 5.0 1.0 7.0 10.0 5.0
33 9.0 10.0 10.0 9.0 5.0 4.0 4.0 2.0 7.0 9.0 5.0 10.0 3.0 2.0 10.0 2.0 9.0 10.0 9.0 6.0 7.0 7.0 9.0 3.0 7.0 4.0 10.0 5.0 2.0 10.0 6.0 3.0 0.0 5.0 7.0 9.0 7.0 10.0 3.0 2.0 9.0 2.0 7.0 7.0 1.0
34 3.0 8.0 1.0 2.0 6.0 8.0 7.0 8.0 4.0 6.0 5.0 10.0 9.0 6.0 3.0 7.0 5.0 2.0 1.0 8.0 3.0 4.0 8.0 1.0 6.0 5.0 9.0 3.0 4.0 1.0 1.0 8.0 5.0 0.0 10.0 8.0 10.0 7.0 1.0 5.0 7.0 7.0 2.0 10.0 3.0
35 3.0 6.0 7.0 10.0 4.0 6.0 5.0 8.0 3.0 7.0 3.0 7.0 8.0 7.0 7.0 7.0 10.0 4.0 5.0 9.0 9.0 7.0 7.0 3.0 1.0 2.0 10.0 4.0 4.0 9.0 4.0 2.0 7.0 10.0 0.0 2.0 1.0 1.0 5.0 1.0 2.0 9.0 7.0 9.0 5.0
36 3.0 1.0 10.0 7.0 5.0 6.0 8.0 5.0 1.0 10.0 1.0 9.0 4.0 8.0 5.0 9.0 9.0 8.0 4.0 3.0 10.0 5.0 5.0 2.0 9.0 8.0 7.0 10.0 5.0 3.0 3.0 6.0 9.0 8.0 2.0 0.0 6.0 2.0 4.0 3.0 6.0 8.0 5.0 8.0 4.0
37 6.0 10.0 10.0 7.0 10.0 7.0 4.0 10.0 5.0 3.0 4.0 10.0 2.0 4.0 6.0 2.0 8.0 8.0 6.0 1.0 4.0 4.0 5.0 10.0 8.0 6.0 2.0 4.0 6.0 10.0 7.0 6.0 7.0 10.0 1.0 6.0 0.0 3.0 6.0 3.0 1.0 7.0 4.0 5.0 2.0
38 3.0 10.0 8.0 3.0 9.0 2.0 6.0 3.0 3.0 6.0 3.0 1.0 7.0 7.0 1.0 1.0 1.0 3.0 3.0 4.0 5.0 7.0 9.0 4.0 9.0 3.0 7.0 2.0 6.0 9.0 8.0 3.0 10.0 7.0 1.0 2.0 3.0 0.0 4.0 8.0 4.0 8.0 8.0 3.0 7.0
39 8.0 3.0 8.0 8.0 9.0 10.0 2.0 2.0 10.0 3.0 9.0 1.0 6.0 6.0 7.0 2.0 9.0 10.0 7.0 10.0 6.0 2.0 3.0 1.0 1.0 3.0 6.0 5.0 8.0 7.0 2.0 2.0 3.0 1.0 5.0 4.0 6.0 4.0 0.0 9.0 10.0 5.0 7.0 1.0 5.0
40 1.0 3.0 2.0 10.0 5.0 5.0 10.0 6.0 10.0 7.0 1.0 9.0 7.0 10.0 7.0 10.0 10.0 7.0 2.0 9.0 1.0 10.0 3.0 3.0 8.0 8.0 7.0 10.0 10.0 3.0 4.0 2.0 2.0 5.0 1.0 3.0 3.0 8.0 9.0 0.0 9.0 5.0 5.0 9.0 9.0
41 2.0 8.0 5.0 3.0 6.0 8.0 9.0 4.0 2.0 5.0 7.0 10.0 4.0 3.0 4.0 2.0 6.0 10.0 9.0 8.0 8.0 2.0 3.0 7.0 4.0 10.0 5.0 9.0 6.0 10.0 2.0 5.0 9.0 7.0 2.0 6.0 1.0 4.0 10.0 9.0 0.0 4.0 9.0 2.0 5.0
42 5.0 4.0 6.0 10.0 4.0 4.0 10.0 7.0 9.0 4.0 8.0 4.0 6.0 5.0 9.0 3.0 10.0 7.0 10.0 8.0 1.0 9.0 3.0 7.0 5.0 7.0 7.0 8.0 9.0 9.0 1.0 1.0 2.0 7.0 9.0 8.0 7.0 8.0 5.0 5.0 4.0 0.0 8.0 5.0 4.0
43 8.0 10.0 5.0 3.0 8.0 4.0 1.0 8.0 4.0 6.0 2.0 9.0 2.0 8.0 7.0 4.0 10.0 5.0 6.0 4.0 3.0 2.0 9.0 4.0 3.0 3.0 4.0 10.0 5.0 2.0 9.0 7.0 7.0 2.0 7.0 5.0 4.0 8.0 7.0 5.0 9.0 8.0 0.0 3.0 9.0
44 7.0 2.0 9.0 10.0 3.0 1.0 1.0 1.0 7.0 3.0 8.0 4.0 10.0 3.0 7.0 6.0 4.0 3.0 2.0 3.0 8.0 5.0 1.0 8.0 7.0 8.0 2.0 6.0 10.0 4.0 7.0 10.0 7.0 10.0 9.0 8.0 5.0 3.0 1.0 9.0 2.0 5.0 3.0 0.0 7.0
45 10.0 3.0 8.0 1.0 3.0 6.0 3.0 9.0 6.0 7.0 4.0 6.0 5.0 3.0 3.0 7.0 3.0 7.0 6.0 3.0 2.0 10.0 3.0 8.0 10.0 9.0 2.0 6.0 6.0 1.0 9.0 5.0 1.0 3.0 5.0 4.0 2.0 7.0 5.0 9.0 5.0 4.0 9.0 7.0 0.0
