50
1 0.0 1.0 1.0 7.0 9.0 8.0 1.0 4.0 10.0 9.0 6.0 10.0 7.0 1.0 5.0 4.0 3.0 10.0 6.0 10.0 6.0 5.0 6.0 5.0 4.0 5.0 3.0 3.0 6.0 6.0 10.0 1.0 4.0 1.0 1.0 3.0 9.0 10.0 4.0 1.0 6.0 3.0 7.0 7.0 10.0 9.0 1.0 2.0 5.0 4.0
2 1.0 0.0 4.0 8.0 10.0 4.0 3.0 3.0 1.0 3.0 2.0 5.0 10.0 3.0 4.0 9.0 7.0 4.0 6.0 1.0 3.0 3.0 8.0 10.0 4.0 8.0 4.0 8.0 10.0 1.0 10.0 6.0 5.0 3.0 5.0 9.0 2.0 5.0 5.0 7.0 2.0 10.0 7.0 10.0 10.0 9.0 8.0 10.0 5.0 3.0
3 1.0 4.0 0.0 9.0 3.0 6.0 4.0 4.0 4.0 5.0 5.0 10.0 1.0 9.0 6.0 6.0 1.0 9.0 5.0 10.0 4.0 4.0 5.0 3.0 2.0 3.0 7.0 9.0 6.0 5.0 1.0 2.0 7.0 5.0 6.0 6.0 9.0 6.0 8.0 4.0 1.0 8.0 2.0 7.0 4.0 7.0 3.0 7.0 9.0 6.0
4 7.0 8.0 9.0 0.0 10.0 7.0 3.0 7.0 9.0 10.0 7.0 8.0 4.0 5.0 10.0 5.0 7.0 1.0 4.0 2.0 9.0 8.0 6.0 5.0 8.0 8.0 1.0 6.0 7.0 3.0 6.0 6.0 9.0 1.0 7.0 2.0 1.0 5.0 9.0 6.0 4.0 1.0 3.0 3.0 5.0 3.0 9.0 8.0 2.0 3.0
5 9.0 10.0 3.0 10.0 0.0 10.0 7.0 8.0 4.0 9.0 10.0 7.0 4.0 7.0 9.0 5.0 3.0 6.0 3.0 4.0 10.0 6.0 9.0 6.0 5.0 1.0 7.0 4.0 7.0 10.0 7.0 10.0 7.0 10.0 1.0 6.0 4.0 6.0 8.0 4.0 3.0 3.0 3.0 2.0 2.0 7.0 10.0 8.0 8.0 8.0
6 8.0 4.0 6.0 7.0 10.0 0.0 4.0 9.0 1.0 3.0 3.0 3.0 3.0 6.0 6.0 9.0 6.0 10.0 9.0 9.0 5.0 9.0 7.0 3.0 3.0 6.0 5.0 8.0 2.0 6.0 6.0 7.0 8.0 1.0 2.0 8.0 2.0 6.0 5.0 4.0 7.0 3.0 3.0 6.0 1.0 6.0 10.0 4.0 1.0 7.0
7 1.0 3.0 4.0 3.0 7.0 4.0 0.0 3.0 4.0 7.0 4.0 5.0 8.0 6.0 2.0 1.0 1.0 7.0 5.0 6.0 6.0 7.0 8.0 10.0 10.0 10.0 2.0 5.0 2.0 6.0 6.0 6.0 7.0 4.0 10.0 8.0 7.0 6.0 3.0 4.0 7.0 6.0 2.0 4.0 3.0 7.0 4.0 8.0 5.0 7.0
8 4.0 3.0 4.0 7.0 8.0 9.0 3.0 0.0 9.0 2.0 1.0 10.0 10.0 8.0 3.0 10.0 6.0 1.0 7.0 7.0 5.0 7.0 8.0 1.0 1.0 3.0 4.0 9.0 7.0 10.0 8.0 1.0 6.0 5.0 3.0 4.0 5.0 1.0 10.0 1.0 10.0 3.0 4.0 2.0 9.0 9.0 1.0 8.0 9.0 1.0
9 10.0 1.0 4.0 9.0 4.0 1.0 4.0 9.0 0.0 7.0 4.0 3.0 10.0 10.0 1.0 7.0 9.0 10.0 2.0 2.0 1.0 9.0 1.0 10.0 4.0 6.0 5.0 2.0 2.0 6.0 2.0 10.0 10.0 1.0 3.0 7.0 5.0 1.0 6.0 2.0 1.0 8.0 4.0 2.0 8.0 4.0 10.0 9.0 2.0 8.0
10 9.0 3.0 5.0 10.0 9.0 3.0 7.0 2.0 7.0 0.0 2.0 5.0 6.0 10.0 8.0 1.0 10.0 6.0 4.0 9.0 2.0 5.0 5.0 8.0 4.0 1.0 5.0 9.0 6.0 10.0 7.0 4.0 4.0 8.0 8.0 5.0 3.0 10.0 9.0 5.0 1.0 7.0 2.0 5.0 3.0 8.0 2.0 3.0 6.0 1.0
11 6.0 2.0 5.0 7.0 10.0 3.0 4.0 1.0 4.0 2.0 0.0 1.0 3.0 5.0 5.0 10.0 5.0 7.0 1.0 1.0 7.0 9.0 3.0 5.0 10.0 7.0 4.0 5.0 5.0 1.0 6.0 8.0 6.0 8.0 1.0 2.0 1.0 6.0 5.0 5.0 3.0 7.0 7.0 5.0 5.0 9.0 4.0 5.0 10.0 4.0
12 10.0 5.0 10.0 8.0 7.0 3.0 5.0 10.0 3.0 5.0 1.0 0.0 6.0 3.0 7.0 10.0 9.0 6.0 8.0 10.0 2.0 9.0 9.0 1.0 1.0 4.0 10.0 3.0 8.0 7.0 5.0 8.0 10.0 10.0 6.0 10.0 9.0 3.0 7.0 5.0 10.0 4.0 2.0 8.0 2.0 1.0 2.0 5.0 2.0 2.0
13 7.0 10.0 1.0 4.0 4.0 3.0 8.0 10.0 10.0 6.0 3.0 6.0 0.0 10.0 2.0 7.0 5.0 8.0 4.0 8.0 1.0 2.0 6.0 1.0 10.0 8.0 3.0 8.0 5.0 4.0 5.0 9.0 6.0 3.0 8.0 10.0 5.0 4.0 1.0 1.0 10.0 10.0 7.0 1.0 4.0 4.0 1.0 2.0 10.0 8.0
14 1.0 3.0 9.0 5.0 7.0 6.0 6.0 8.0 10.0 10.0 5.0 3.0 10.0 0.0 1.0 10.0 7.0 6.0 8.0 5.0 10.0 3.0 7.0 1.0 7.0 8.0 2.0 5.0 1.0 9.0 7.0 3.0 3.0 8.0 10.0 7.0 7.0 4.0 2.0 5.0 5.0 10.0 6.0 8.0 5.0 8.0 1.0 1.0 4.0 8.0
15 5.0 4.0 6.0 10.0 9.0 6.0 2.0 3.0 1.0 8.0 5.0 7.0 2.0 1.0 0.0 10.0 2.0 6.0 4.0 1.0 9.0 6.0 1.0 8.0 4.0 4.0 1.0 7.0 10.0 6.0 5.0 4.0 5.0 6.0 10.0 3.0 6.0 2.0 5.0 6.0 4.0 7.0 3.0 1.0 6.0 6.0 9.0 7.0 3.0 2.0
16 4.0 9.0 6.0 5.0 5.0 9.0 1.0 10.0 7.0 1.0 10.0 10.0 7.0 10.0 10.0 0.0 5.0 6.0 7.0 5.0 9.0 8.0 3.0 6.0 8.0 6.0 5.0 2.0 9.0 6.0 6.0 1.0 5.0 1.0 3.0 2.0 1.0 8.0 2.0 10.0 4.0 5.0 2.0 9.0 5.0 1.0 3.0 9.0 7.0 10.0
17 3.0 7.0 1.0 7.0 3.0 6.0 1.0 6.0 9.0 10.0 5.0 9.0 5.0 7.0 2.0 5.0 0.0 3.0 8.0 7.0 2.0 4.0 1.0 6.0 6.0 7.0 6.0 5.0 10.0 6.0 2.0 3.0 7.0 6.0 10.0 9.0 5.0 5.0 8.0 10.0 4.0 7.0 9.0 8.0 5.0 10.0 6.0 9.0 3.0 6.0
18 10.0 4.0 9.0 1.0 6.0 10.0 7.0 1.0 10.0 6.0 7.0 6.0 8.0 6.0 6.0 6.0 3.0 0.0 6.0 9.0 5.0 7.0 4.0 1.0 1.0 8.0 3.0 3.0 2.0 4.0 3.0 3.0 10.0 7.0 9.0 9.0 8.0 9.0 3.0 4.0 6.0 6.0 9.0 7.0 9.0 8.0 7.0 8.0 6.0 4.0
19 6.0 6.0 5.0 4.0 3.0 9.0 5.0 7.0 2.0 4.0 1.0 8.0 4.0 8.0 4.0 7.0 8.0 6.0 0.0 4.0 1.0 3.0 10.0 1.0 1.0 1.0 2.0 2.0 3.0 7.0 7.0 9.0 5.0 5.0 1.0 1.0 3.0 2.0 8.0 4.0 6.0 7.0 4.0 8.0 9.0 8.0 9.0 2.0 6.0 4.0
20 10.0 1.0 10.0 2.0 4.0 9.0 6.0 7.0 2.0 9.0 1.0 10.0 8.0 5.0 1.0 5.0 7.0 9.0 4.0 0.0 10.0 7.0 8.0 6.0 10.0 6.0 1.0 1.0 5.0 6.0 7.0 4.0 2.0 9.0 3.0 5.0 6.0 4.0 2.0 3.0 10.0 4.0 5.0 10.0 3.0 6.0 4.0 8.0 1.0 1.0
21 6.0 3.0 4.0 9.0 10.0 5.0 6.0 5.0 1.0 2.0 7.0 2.0 1.0 10.0 9.0 9.0 2.0 5.0 1.0 10.0 0.0 8.0 4.0 1.0 5.0 9.0 10.0 1.0 6.0 10.0 1.0 2.0 8.0 4.0 9.0 2.0 8.0 5.0 9.0 6.0 9.0 1.0 4.0 3.0 9.0 6.0 8.0 1.0 8.0 9.0
22 5.0 3.0 4.0 8.0 6.0 9.0 7.0 7.0 9.0 5.0 9.0 9.0 2.0 3.0 6.0 8.0 4.0 7.0 3.0 7.0 8.0 0.0 6.0 2.0 1.0 3.0 6.0 3.0 5.0 5.0 3.0 3.0 10.0 10.0 6.0 7.0 9.0 6.0 3.0 2.0 1.0 8.0 7.0 2.0 6.0 9.0 2.0 6.0 10.0 1.0
23 6.0 8.0 5.0 6.0 9.0 7.0 8.0 8.0 1.0 5.0 3.0 9.0 6.0 7.0 1.0 3.0 1.0 4.0 10.0 8.0 4.0 6.0 0.0 10.0 5.0 8.0 2.0 9.0 6.0 7.0 5.0 6.0 5.0 8.0 6.0 7.0 3.0 3.0 10.0 9.0 2.0 5.0 3.0 7.0 1.0 9.0 2.0 7.0 10.0 1.0
24 5.0 10.0 3.0 5.0 6.0 3.0 10.0 1.0 10.0 8.0 5.0 1.0 1.0 1.0 8.0 6.0 6.0 1.0 1.0 6.0 1.0 2.0 10.0 0.0 9.0 2.0 5.0 9.0 2.0 8.0 6.0 10.0 1.0 5.0 6.0 2.0 10.0 8.0 3.0 7.0 2.0 7.0 2.0 1.0 5.0 2.0 8.0 4.0 2.0 8.0
25 4.0 4.0 2.0 8.0 5.0 3.0 10.0 1.0 4.0 4.0 10.0 1.0 10.0 7.0 4.0 8.0 6.0 1.0 1.0 10.0 5.0 1.0 5.0 9.0 0.0 10.0 5.0 4.0 3.0 7.0 2.0 6.0 6.0 9.0 4.0 4.0 3.0 9.0 4.0 3.0 7.0 10.0 5.0 9.0 6.0 5.0 4.0 3.0 7.0 9.0
26 5.0 8.0 3.0 8.0 1.0 6.0 10.0 3.0 6.0 1.0 7.0 4.0 8.0 8.0 4.0 6.0 7.0 8.0 1.0 6.0 9.0 3.0 8.0 2.0 10.0 0.0 3.0 5.0 1.0 3.0 8.0 3.0 4.0 8.0 5.0 7.0 5.0 10.0 5.0 7.0 7.0 10.0 1.0 9.0 10.0 2.0 10.0 1.0 10.0 7.0
27 3.0 4.0 7.0 1.0 7.0 5.0 2.0 4.0 5.0 5.0 4.0 10.0 3.0 2.0 1.0 5.0 6.0 3.0 2.0 1.0 10.0 6.0 2.0 5.0 5.0 3.0 0.0 10.0 4.0 1.0 4.0 2.0 9.0 6.0 7.0 9.0 3.0 3.0 2.0 5.0 2.0 4.0 8.0 2.0 7.0 10.0 7.0 6.0 8.0 3.0
28 3.0 8.0 9.0 6.0 4.0 8.0 5.0 9.0 2.0 9.0 5.0 3.0 8.0 5.0 7.0 2.0 5.0 3.0 2.0 1.0 1.0 3.0 9.0 9.0 4.0 5.0 10.0 0.0 4.0 10.0 1.0 10.0 4.0 2.0 7.0 3.0 10.0 3.0 7.0 5.0 4.0 10.0 4.0 4.0 6.0 1.0 6.0 4.0 9.0 8.0
29 6.0 10.0 6.0 7.0 7.0 2.0 2.0 7.0 2.0 6.0 5.0 8.0 5.0 1.0 10.0 9.0 10.0 2.0 3.0 5.0 6.0 5.0 6.0 2.0 3.0 1.0 4.0 4.0 0.0 3.0 4.0 1.0 4.0 6.0 2.0 5.0 10.0 8.0 1.0 9.0 9.0 5.0 3.0 4.0 10.0 5.0 9.0 10.0 2.0 2.0
30 6.0 1.0 5.0 3.0 10.0 6.0 6.0 10.0 6.0 10.0 1.0 7.0 4.0 9.0 6.0 6.0 6.0 4.0 7.0 6.0 10.0 5.0 7.0 8.0 7.0 3.0 1.0 10.0 3.0 0.0 4.0 5.0 9.0 4.0 2.0 6.0 8.0 7.0 1.0 4.0 8.0 2.0 9.0 2.0 1.0 1.0 4.0 10.0 9.0 9.0
31 10.0 10.0 1.0 6.0 7.0 6.0 6.0 8.0 2.0 7.0 6.0 5.0 5.0 7.0 5.0 6.0 2.0 3.0 7.0 7.0 1.0 3.0 5.0 6.0 2.0 8.0 4.0 1.0 4.0 4.0 0.0 3.0 10.0 10.0 7.0 2.0 5.0 5.0 4.0 2.0 8.0 3.0 1.0 4.0 2.0 4.0 3.0 4.0 9.0 4.0
32 1.0 6.0 2.0 6.0 10.0 7.0 6.0 1.0 10.0 4.0 8.0 8.0 9.0 3.0 4.0 1.0 3.0 3.0 9.0 4.0 2.0 3.0 6.0 10.0 6.0 3.0 2.0 10.0 1.0 5.0 3.0 0.0 4.0 7.0 5.0 9.0 3.0 8.0 4.0 6.0 7.0 6.0 10.0 3.0 6.0 3.0 9.0 6.0 10.0 4.0
33 4.0 5.0 7.0 9.0 7.0 8.0 7.0 6.0 10.0 4.0 6.0 10.0 6.0 3.0 5.0 5.0 7.0 10.0 5.0 2.0 8.0 10.0 5.0 1.0 6.0 4.0 9.0 4.0 4.0 9.0 10.0 4.0 0.0 7.0 3.0 1.0 2.0 5.0 6.0 3.0 5.0 8.0 4.0 10.0 9.0 1.0 8.0 6.0 10.0 1.0
34 1.0 3.0 5.0 1.0 10.0 1.0 4.0 5.0 1.0 8.0 8.0 10.0 3.0 8.0 6.0 1.0 6.0 7.0 5.0 9.0 4.0 10.0 8.0 5.0 9.0 8.0 6.0 2.0 6.0 4.0 10.0 7.0 7.0 0.0 4.0 9.0 2.0 3.0 4.0 8.0 1.0 7.0 6.0 6.0 2.0 9.0 6.0 10.0 10.0 3.0
35 1.0 5.0 6.0 7.0 1.0 2.0 10.0 3.0 3.0 8.0 1.0 6.0 8.0 10.0 10.0 3.0 10.0 9.0 1.0 3.0 9.0 6.0 6.0 6.0 4.0 5.0 7.0 7.0 2.0 2.0 7.0 5.0 3.0 4.0 0.0 7.0 8.0 6.0 7.0 8.0 5.0 2.0 3.0 10.0 6.0 5.0 9.0 4.0 6.0 2.0
36 3.0 9.0 6.0 2.0 6.0 8.0 8.0 4.0 7.0 5.0 2.0 10.0 10.0 7.0 3.0 2.0 9.0 9.0 1.0 5.0 2.0 7.0 7.0 2.0 4.0 7.0 9.0 3.0 5.0 6.0 2.0 9.0 1.0 9.0 7.0 0.0 1.0 4.0 5.0 7.0 1.0 5.0 9.0 2.0 7.0 2.0 7.0 2.0 1.0 1.0
37 9.0 2.0 9.0 1.0 4.0 2.0 7.0 5.0 5.0 3.0 1.0 9.0 5.0 7.0 6.0 1.0 5.0 8.0 3.0 6.0 8.0 9.0 3.0 10.0 3.0 5.0 3.0 10.0 10.0 8.0 5.0 3.0 2.0 2.0 8.0 1.0 0.0 2.0 9.0 7.0 10.0 7.0 1.0 8.0 7.0 5.0 2.0 7.0 4.0 7.0
38 10.0 5.0 6.0 5.0 6.0 6.0 6.0 1.0 1.0 10.0 6.0 3.0 4.0 4.0 2.0 8.0 5.0 9.0 2.0 4.0 5.0 6.0 3.0 8.0 9.0 10.0 3.0 3.0 8.0 7.0 5.0 8.0 5.0 3.0 6.0 4.0 2.0 0.0 10.0 6.0 7.0 5.0 4.0 7.0 9.0 1.0 6.0 8.0 6.0 3.0
39 4.0 5.0 8.0 9.0 8.0 5.0 3.0 10.0 6.0 9.0 5.0 7.0 1.0 2.0 5.0 2.0 8.0 3.0 8.0 2.0 9.0 3.0 10.0 3.0 4.0 5.0 2.0 7.0 1.0 1.0 4.0 4.0 6.0 4.0 7.0 5.0 9.0 10.0 0.0 7.0 1.0 10.0 7.0 1.0 7.0 9.0 1.0 8.0 2.0 7.0
40 1.0 7.0 4.0 6.0 4.0 4.0 4.0 1.0 2.0 5.0 5.0 5.0 1.0 5.0 6.0 10.0 10.0 4.0 4.0 3.0 6.0 2.0 9.0 7.0 3.0 7.0 5.0 5.0 9.0 4.0 2.0 6.0 3.0 8.0 8.0 7.0 7.0 6.0 7.0 0.0 5.0 6.0 8.0 8.0 8.0 4.0 5.0 5.0 8.0 4.0
41 6.0 2.0 1.0 4.0 3.0 7.0 7.0 10.0 1.0 1.0 3.0 10.0 10.0 5.0 4.0 4.0 4.0 6.0 6.0 10.0 9.0 1.0 2.0 2.0 7.0 7.0 2.0 4.0 9.0 8.0 8.0 7.0 5.0 1.0 5.0 1.0 10.0 7.0 1.0 5.0 0.0 5.0 7.0 6.0 6.0 7.0 8.0 1.0 7.0 3.0
42 3.0 10.0 8.0 1.0 3.0 3.0 6.0 3.0 8.0 7.0 7.0 4.0 10.0 10.0 7.0 5.0 7.0 6.0 7.0 4.0 1.0 8.0 5.0 7.0 10.0 10.0 4.0 10.0 5.0 2.0 3.0 6.0 8.0 7.0 2.0 5.0 7.0 5.0 10.0 6.0 5.0 0.0 5.0 2.0 7.0 7.0 1.0 1.0 7.0 4.0
43 7.0 7.0 2.0 3.0 3.0 3.0 2.0 4.0 4.0 2.0 7.0 2.0 7.0 6.0 3.0 2.0 9.0 9.0 4.0 5.0 4.0 7.0 3.0 2.0 5.0 1.0 8.0 4.0 3.0 9.0 1.0 10.0 4.0 6.0 3.0 9.0 1.0 4.0 7.0 8.0 7.0 5.0 0.0 10.0 5.0 5.0 10.0 6.0 8.0 9.0
44 7.0 10.0 7.0 3.0 2.0 6.0 4.0 2.0 2.0 5.0 5.0 8.0 1.0 8.0 1.0 9.0 8.0 7.0 8.0 10.0 3.0 2.0 7.0 1.0 9.0 9.0 2.0 4.0 4.0 2.0 4.0 3.0 10.0 6.0 10.0 2.0 8.0 7.0 1.0 8.0 6.0 2.0 10.0 0.0 5.0 7.0 3.0 2.0 6.0 3.0
45 10.0 10.0 4.0 5.0 2.0 1.0 3.0 9.0 8.0 3.0 5.0 2.0 4.0 5.0 6.0 5.0 5.0 9.0 9.0 3.0 9.0 6.0 1.0 5.0 6.0 10.0 7.0 6.0 10.0 1.0 2.0 6.0 9.0 2.0 6.0 7.0 7.0 9.0 7.0 8.0 6.0 7.0 5.0 5.0 0.0 9.0 8.0 8.0 9.0 2.0
46 9.0 9.0 7.0 3.0 7.0 6.0 7.0 9.0 4.0 8.0 9.0 1.0 4.0 8.0 6.0 1.0 10.0 8.0 8.0 6.0 6.0 9.0 9.0 2.0 5.0 2.0 10.0 1.0 5.0 1.0 4.0 3.0 1.0 9.0 5.0 2.0 5.0 1.0 9.0 4.0 7.0 7.0 5.0 7.0 9.0 0.0 3.0 9.0 10.0 4.0
47 1.0 8.0 3.0 9.0 10.0 10.0 4.0 1.0 10.0 2.0 4.0 2.0 1.0 1.0 9.0 3.0 6.0 7.0 9.0 4.0 8.0 2.0 2.0 8.0 4.0 10.0 7.0 6.0 9.0 4.0 3.0 9.0 8.0 6.0 9.0 7.0 2.0 6.0 1.0 5.0 8.0 1.0 10.0 3.0 8.0 3.0 0.0 1.0 9.0 4.0
48 2.0 10.0 7.0 8.0 8.0 4.0 8.0 8.0 9.0 3.0 5.0 5.0 2.0 1.0 7.0 9.0 9.0 8.0 2.0 8.0 1.0 6.0 7.0 4.0 3.0 1.0 6.0 4.0 10.0 10.0 4.0 6.0 6.0 10.0 4.0 2.0 7.0 8.0 8.0 5.0 1.0 1.0 6.0 2.0 8.0 9.0 1.0 0.0 2.0 10.0
49 5.0 5.0 9.0 2.0 8.0 1.0 5.0 9.0 2.0 6.0 10.0 2.0 10.0 4.0 3.0 7.0 3.0 6.0 6.0 1.0 8.0 10.0 10.0 2.0 7.0 10.0 8.0 9.0 2.0 9.0 9.0 10.0 10.0 10.0 6.0 1.0 4.0 6.0 2.0 8.0 7.0 7.0 8.0 6.0 9.0 10.0 9.0 2.0 0.0 8.0
50 4.0 3.0 6.0 3.0 8.0 7.0 7.0 1.0 8.0 1.0 4.0 2.0 8.0 8.0 2.0 10.0 6.0 4.0 4.0 1.0 9.0 1.0 1.0 8.0 9.0 7.0 3.0 8.0 2.0 9.0 4.0 4.0 1.0 3.0 2.0 1.0 7.0 3.0 7.0 4.0 3.0 4.0 9.0 3.0 2.0 4.0 4.0 10.0 8.0 0.0
