10
1 0.0 0.1954885609 0.0505669168 0.1113705316 0.0922627088 0.115841276 0.0647824141 0.1788031434 0.1708601462 0.0200243019
2 0.1954885609 0.0 0.1780812488 0.0633897113 0.0721332253 0.088298547 0.098510246 0.0800023246 0.0852534352 0.1388427012
3 0.0505669168 0.1780812488 0.0 0.0876367378 0.1195206127 0.1473574369 0.0982342163 0.0916171008 0.1212877099 0.1056980198
4 0.1113705316 0.0633897113 0.0876367378 0.0 0.1730593401 0.0742653988 0.1148493916 0.099079386 0.147626744 0.1287227588
5 0.0922627088 0.0721332253 0.1195206127 0.1730593401 0.0 0.1141648608 0.1838121666 0.0906560532 0.0777498644 0.0766411682
6 0.115841276 0.088298547 0.1473574369 0.0742653988 0.1141648608 0.0 0.0635758983 0.1658714763 0.0937478459 0.13687726
7 0.0647824141 0.098510246 0.0982342163 0.1148493916 0.1838121666 0.0635758983 0.0 0.1255470699 0.1147392755 0.1359493217
8 0.1788031434 0.0800023246 0.0916171008 0.099079386 0.0906560532 0.1658714763 0.1255470699 0.0 0.0499569784 0.1184664676
9 0.1708601462 0.0852534352 0.1212877099 0.147626744 0.0777498644 0.0937478459 0.1147392755 0.0499569784 0.0 0.1387780007
10 0.0200243019 0.1388427012 0.1056980198 0.1287227588 0.0766411682 0.13687726 0.1359493217 0.1184664676 0.1387780007 0.0
