40
1 0.0 9.0 7.0 8.0 1.0 9.0 4.0 1.0 6.0 2.0 9.0 2.0 8.0 1.0 5.0 2.0 10.0 6.0 4.0 3.0 6.0 1.0 5.0 5.0 10.0 3.0 10.0 4.0 9.0 6.0 8.0 4.0 2.0 7.0 5.0 4.0 4.0 5.0 7.0 6.0
2 9.0 0.0 2.0 6.0 5.0 4.0 7.0 1.0 2.0 5.0 4.0 7.0 7.0 9.0 1.0 1.0 4.0 6.0 1.0 8.0 1.0 3.0 10.0 8.0 9.0 8.0 6.0 2.0 6.0 3.0 4.0 2.0 6.0 3.0 5.0 10.0 5.0 8.0 9.0 2.0
3 7.0 2.0 0.0 6.0 2.0 5.0 6.0 9.0 10.0 4.0 9.0 8.0 8.0 7.0 2.0 1.0 5.0 4.0 6.0 1.0 7.0 5.0 10.0 1.0 10.0 2.0 7.0 4.0 3.0 6.0 1.0 2.0 2.0 2.0 2.0 9.0 5.0 4.0 5.0 9.0
4 8.0 6.0 6.0 0.0 3.0 7.0 7.0 2.0 9.0 2.0 1.0 5.0 2.0 3.0 7.0 8.0 4.0 6.0 10.0 4.0 6.0 2.0 7.0 10.0 8.0 2.0 10.0 2.0 6.0 2.0 2.0 3.0 4.0 7.0 7.0 1.0 10.0 9.0 4.0 8.0
5 1.0 5.0 2.0 3.0 0.0 5.0 4.0 9.0 9.0 7.0 6.0 4.0 9.0 2.0 3.0 7.0 10.0 5.0 6.0 7.0 7.0 4.0 4.0 3.0 9.0 6.0 7.0 10.0 4.0 9.0 4.0 4.0 5.0 2.0 10.0 6.0 5.0 6.0 9.0 1.0
6 9.0 4.0 5.0 7.0 5.0 0.0 9.0 3.0 10.0 9.0 3.0 8.0 9.0 5.0 1.0 2.0 6.0 10.0 10.0 8.0 10.0 4.0 8.0 9.0 10.0 2.0 6.0 5.0 5.0 8.0 1.0 6.0 5.0 9.0 3.0 6.0 8.0 4.0 9.0 3.0
7 4.0 7.0 6.0 7.0 4.0 9.0 0.0 9.0 6.0 8.0 5.0 6.0 10.0 8.0 2.0 10.0 4.0 10.0 10.0 3.0 1.0 2.0 7.0 8.0 10.0 8.0 4.0 2.0 5.0 6.0 6.0 10.0 1.0 5.0 2.0 5.0 5.0 10.0 8.0 4.0
8 1.0 1.0 9.0 2.0 9.0 3.0 9.0 0.0 2.0 6.0 7.0 7.0 6.0 5.0 8.0 6.0 4.0 10.0 1.0 1.0 6.0 5.0 5.0 3.0 9.0 8.0 9.0 4.0 7.0 4.0 5.0 7.0 10.0 10.0 10.0 6.0 6.0 3.0 2.0 3.0
9 6.0 2.0 10.0 9.0 9.0 10.0 6.0 2.0 0.0 4.0 8.0 10.0 6.0 5.0 3.0 1.0 5.0 7.0 1.0 4.0 1.0 2.0 4.0 2.0 6.0 5.0 2.0 6.0 6.0 3.0 8.0 1.0 10.0 6.0 2.0 9.0 5.0 9.0 1.0 7.0
10 2.0 5.0 4.0 2.0 7.0 9.0 8.0 6.0 4.0 0.0 8.0 6.0 9.0 10.0 8.0 2.0 1.0 10.0 7.0 10.0 1.0 1.0 9.0 2.0 6.0 6.0 10.0 2.0 2.0 8.0 3.0 1.0 9.0 3.0 9.0 10.0 10.0 1.0 10.0 1.0
11 9.0 4.0 9.0 1.0 6.0 3.0 5.0 7.0 8.0 8.0 0.0 1.0 3.0 3.0 5.0 7.0 9.0 3.0 2.0 5.0 8.0 10.0 7.0 6.0 10.0 3.0 6.0 8.0 1.0 4.0 2.0 10.0 8.0 2.0 10.0 1.0 2.0 7.0 2.0 2.0
12 2.0 7.0 8.0 5.0 4.0 8.0 6.0 7.0 10.0 6.0 1.0 0.0 10.0 6.0 7.0 8.0 8.0 3.0 2.0 2.0 2.0 4.0 7.0 3.0 10.0 8.0 2.0 4.0 8.0 2.0 1.0 2.0 6.0 4.0 6.0 10.0 2.0 3.0 9.0 8.0
13 8.0 7.0 8.0 2.0 9.0 9.0 10.0 6.0 6.0 9.0 3.0 10.0 0.0 6.0 1.0 6.0 9.0 5.0 2.0 8.0 2.0 1.0 9.0 7.0 1.0 3.0 5.0 2.0 4.0 4.0 2.0 3.0 1.0 1.0 7.0 1.0 2.0 4.0 7.0 3.0
14 1.0 9.0 7.0 3.0 2.0 5.0 8.0 5.0 5.0 10.0 3.0 6.0 6.0 0.0 6.0 1.0 5.0 6.0 9.0 4.0 2.0 1.0 3.0 2.0 4.0 3.0 6.0 1.0 4.0 7.0 5.0 5.0 7.0 3.0 8.0 2.0 6.0 8.0 2.0 5.0
15 5.0 1.0 2.0 7.0 3.0 1.0 2.0 8.0 3.0 8.0 5.0 7.0 1.0 6.0 0.0 2.0 3.0 7.0 1.0 7.0 9.0 3.0 5.0 10.0 9.0 6.0 10.0 10.0 1.0 1.0 7.0 1.0 7.0 7.0 9.0 6.0 6.0 2.0 9.0 7.0
16 2.0 1.0 1.0 8.0 7.0 2.0 10.0 6.0 1.0 2.0 7.0 8.0 6.0 1.0 2.0 0.0 4.0 9.0 9.0 9.0 10.0 3.0 4.0 9.0 3.0 9.0 1.0 6.0 2.0 5.0 4.0 3.0 8.0 4.0 5.0 5.0 3.0 2.0 10.0 5.0
17 10.0 4.0 5.0 4.0 10.0 6.0 4.0 4.0 5.0 1.0 9.0 8.0 9.0 5.0 3.0 4.0 0.0 1.0 7.0 10.0 9.0 1.0 1.0 10.0 9.0 5.0 4.0 3.0 9.0 5.0 3.0 2.0 9.0 9.0 6.0 7.0 7.0 10.0 4.0 6.0
18 6.0 6.0 4.0 6.0 5.0 10.0 10.0 10.0 7.0 10.0 3.0 3.0 5.0 6.0 7.0 9.0 1.0 0.0 3.0 1.0 5.0 3.0 4.0 10.0 8.0 5.0 3.0 7.0 5.0 6.0 2.0 10.0 5.0 7.0 3.0 4.0 5.0 6.0 7.0 1.0
19 4.0 1.0 6.0 10.0 6.0 10.0 10.0 1.0 1.0 7.0 2.0 2.0 2.0 9.0 1.0 9.0 7.0 3.0 0.0 10.0 8.0 4.0 8.0 6.0 7.0 8.0 2.0 3.0 8.0 5.0 9.0 4.0 6.0 7.0 5.0 9.0 1.0 2.0 2.0 4.0
20 3.0 8.0 1.0 4.0 7.0 8.0 3.0 1.0 4.0 10.0 5.0 2.0 8.0 4.0 7.0 9.0 10.0 1.0 10.0 0.0 5.0 6.0 7.0 1.0 9.0 10.0 1.0 8.0 6.0 3.0 8.0 8.0 5.0 9.0 2.0 3.0 10.0 10.0 7.0 5.0
21 6.0 1.0 7.0 6.0 7.0 10.0 1.0 6.0 1.0 1.0 8.0 2.0 2.0 2.0 9.0 10.0 9.0 5.0 8.0 5.0 0.0 2.0 7.0 3.0 1.0 5.0 7.0 10.0 8.0 6.0 3.0 2.0 10.0 6.0 1.0 8.0 9.0 4.0 6.0 5.0
22 1.0 3.0 5.0 2.0 4.0 4.0 2.0 5.0 2.0 1.0 10.0 4.0 1.0 1.0 3.0 3.0 1.0 3.0 4.0 6.0 2.0 0.0 9.0 10.0 2.0 10.0 10.0 3.0 3.0 7.0 10.0 2.0 7.0 5.0 4.0 6.0 7.0 9.0 1.0 7.0
23 5.0 10.0 10.0 7.0 4.0 8.0 7.0 5.0 4.0 9.0 7.0 7.0 9.0 3.0 5.0 4.0 1.0 4.0 8.0 7.0 7.0 9.0 0.0 6.0 8.0 3.0 3.0 8.0 9.0 9.0 8.0 2.0 7.0 6.0 8.0 5.0 10.0 6.0 1.0 9.0
24 5.0 8.0 1.0 10.0 3.0 9.0 8.0 3.0 2.0 2.0 6.0 3.0 7.0 2.0 10.0 9.0 10.0 10.0 6.0 1.0 3.0 10.0 6.0 0.0 9.0 7.0 1.0 4.0 4.0 1.0 2.0 8.0 9.0 6.0 7.0 5.0 2.0 1.0 1.0 10.0
25 10.0 9.0 10.0 8.0 9.0 10.0 10.0 9.0 6.0 6.0 10.0 10.0 1.0 4.0 9.0 3.0 9.0 8.0 7.0 9.0 1.0 2.0 8.0 9.0 0.0 1.0 6.0 6.0 4.0 9.0 4.0 7.0 8.0 5.0 1.0 4.0 6.0 10.0 9.0 2.0
26 3.0 8.0 2.0 2.0 6.0 2.0 8.0 8.0 5.0 6.0 3.0 8.0 3.0 3.0 6.0 9.0 5.0 5.0 8.0 10.0 5.0 10.0 3.0 7.0 1.0 0.0 10.0 10.0 5.0 2.0 3.0 5.0 7.0 9.0 9.0 10.0 6.0 5.0 9.0 6.0
27 10.0 6.0 7.0 10.0 7.0 6.0 4.0 9.0 2.0 10.0 6.0 2.0 5.0 6.0 10.0 1.0 4.0 3.0 2.0 1.0 7.0 10.0 3.0 1.0 6.0 10.0 0.0 10.0 1.0 10.0 4.0 6.0 2.0 1.0 4.0 8.0 7.0 6.0 4.0 4.0
28 4.0 2.0 4.0 2.0 10.0 5.0 2.0 4.0 6.0 2.0 8.0 4.0 2.0 1.0 10.0 6.0 3.0 7.0 3.0 8.0 10.0 3.0 8.0 4.0 6.0 10.0 10.0 0.0 5.0 7.0 9.0 4.0 2.0 5.0 2.0 6.0 1.0 5.0 3.0 9.0
29 9.0 6.0 3.0 6.0 4.0 5.0 5.0 7.0 6.0 2.0 1.0 8.0 4.0 4.0 1.0 2.0 9.0 5.0 8.0 6.0 8.0 3.0 9.0 4.0 4.0 5.0 1.0 5.0 0.0 7.0 6.0 4.0 7.0 6.0 7.0 3.0 10.0 4.0 3.0 8.0
30 6.0 3.0 6.0 2.0 9.0 8.0 6.0 4.0 3.0 8.0 4.0 2.0 4.0 7.0 1.0 5.0 5.0 6.0 5.0 3.0 6.0 7.0 9.0 1.0 9.0 2.0 10.0 7.0 7.0 0.0 8.0 10.0 10.0 4.0 1.0 8.0 8.0 10.0 4.0 7.0
31 8.0 4.0 1.0 2.0 4.0 1.0 6.0 5.0 8.0 3.0 2.0 1.0 2.0 5.0 7.0 4.0 3.0 2.0 9.0 8.0 3.0 10.0 8.0 2.0 4.0 3.0 4.0 9.0 6.0 8.0 0.0 3.0 5.0 7.0 7.0 6.0 5.0 1.0 3.0 1.0
32 4.0 2.0 2.0 3.0 4.0 6.0 10.0 7.0 1.0 1.0 10.0 2.0 3.0 5.0 1.0 3.0 2.0 10.0 4.0 8.0 2.0 2.0 2.0 8.0 7.0 5.0 6.0 4.0 4.0 10.0 3.0 0.0 3.0 4.0 2.0 4.0 4.0 3.0 9.0 4.0
33 2.0 6.0 2.0 4.0 5.0 5.0 1.0 10.0 10.0 9.0 8.0 6.0 1.0 7.0 7.0 8.0 9.0 5.0 6.0 5.0 10.0 7.0 7.0 9.0 8.0 7.0 2.0 2.0 7.0 10.0 5.0 3.0 0.0 4.0 9.0 2.0 3.0 4.0 7.0 7.0
34 7.0 3.0 2.0 7.0 2.0 9.0 5.0 10.0 6.0 3.0 2.0 4.0 1.0 3.0 7.0 4.0 9.0 7.0 7.0 9.0 6.0 5.0 6.0 6.0 5.0 9.0 1.0 5.0 6.0 4.0 7.0 4.0 4.0 0.0 5.0 3.0 8.0 7.0 8.0 4.0
35 5.0 5.0 2.0 7.0 10.0 3.0 2.0 10.0 2.0 9.0 10.0 6.0 7.0 8.0 9.0 5.0 6.0 3.0 5.0 2.0 1.0 4.0 8.0 7.0 1.0 9.0 4.0 2.0 7.0 1.0 7.0 2.0 9.0 5.0 0.0 2.0 3.0 7.0 8.0 6.0
36 4.0 10.0 9.0 1.0 6.0 6.0 5.0 6.0 9.0 10.0 1.0 10.0 1.0 2.0 6.0 5.0 7.0 4.0 9.0 3.0 8.0 6.0 5.0 5.0 4.0 10.0 8.0 6.0 3.0 8.0 6.0 4.0 2.0 3.0 2.0 0.0 1.0 1.0 3.0 5.0
37 4.0 5.0 5.0 10.0 5.0 8.0 5.0 6.0 5.0 10.0 2.0 2.0 2.0 6.0 6.0 3.0 7.0 5.0 1.0 10.0 9.0 7.0 10.0 2.0 6.0 6.0 7.0 1.0 10.0 8.0 5.0 4.0 3.0 8.0 3.0 1.0 0.0 6.0 4.0 2.0
38 5.0 8.0 4.0 9.0 6.0 4.0 10.0 3.0 9.0 1.0 7.0 3.0 4.0 8.0 2.0 2.0 10.0 6.0 2.0 10.0 4.0 9.0 6.0 1.0 10.0 5.0 6.0 5.0 4.0 10.0 1.0 3.0 4.0 7.0 7.0 1.0 6.0 0.0 8.0 2.0
39 7.0 9.0 5.0 4.0 9.0 9.0 8.0 2.0 1.0 10.0 2.0 9.0 7.0 2.0 9.0 10.0 4.0 7.0 2.0 7.0 6.0 1.0 1.0 1.0 9.0 9.0 4.0 3.0 3.0 4.0 3.0 9.0 7.0 8.0 8.0 3.0 4.0 8.0 0.0 10.0
40 6.0 2.0 9.0 8.0 1.0 3.0 4.0 3.0 7.0 1.0 2.0 8.0 3.0 5.0 7.0 5.0 6.0 1.0 4.0 5.0 5.0 7.0 9.0 10.0 2.0 6.0 4.0 9.0 8.0 7.0 1.0 4.0 7.0 4.0 6.0 5.0 2.0 2.0 10.0 0.0
