32
1 0.0249039806 0.0191981042 0.0463973831 0.0423237094 0.0393820405 0.0356510369 0.0285241563 0.0280899445 0.0453299068 0.0181790707 0.0377833145 0.0324159602 0.0186378068 0.0303156399 0.0291814644 0.0476922425 0.0261574549 0.0258456157 0.0361306958 0.0298598774 0.0184760785 0.0418761499 0.040940855 0.0310180291 0.0164324403 0.0127269931 0.0162845041 0.0217753698 0.0663730423 0.0207564825 0.0339405278 0.0374001226 
2 0.0191981042 0.0225295904 0.0277209711 0.022827968 0.0448532702 0.0507465469 0.0192441579 0.054289947 0.0302083234 0.0588019012 0.0533611064 0.0372919172 0.018621243 0.0141617697 0.0318188406 0.0394904135 0.0261651321 0.0352727074 0.0199504044 0.0336512237 0.008861505 0.0393134573 0.0437828502 0.0362221049 0.038041975 0.019552391 0.0163443582 0.0442616091 0.0304863642 0.0490468477 0.0077025377 0.0061784615 
3 0.0463973831 0.0277209711 0.0301267715 0.0147857026 0.036572999 0.0122552252 0.0283256716 0.0514047166 0.0258428871 0.0334358284 0.0264290794 0.0134360487 0.0482453716 0.0671502346 0.028260528 0.0340181912 0.0119426762 0.0345225334 0.0329093117 0.0339012792 0.0251986056 0.0325273521 0.0378297017 0.0289822453 0.0460414825 0.019104108 0.0171084617 0.0486991316 0.027903855 0.0071218241 0.0330038157 0.0387960064 
4 0.0423237094 0.022827968 0.0147857026 0.0100812106 0.0507083746 0.0519569399 0.0398935845 0.0250932492 0.0440606357 0.0061759819 0.0481231399 0.0135185175 0.0230929625 0.0215351017 0.0535246084 0.0240534311 0.0546660246 0.0163219709 0.0596401465 0.0395974101 0.0381612697 0.0357550539 0.0421005837 0.0154961358 0.001354113 0.028313626 0.0313105224 0.0420210935 0.0329487239 0.0298809771 0.0112784012 0.0293988303 
5 0.0393820405 0.0448532702 0.036572999 0.0507083746 0.0072143085 0.0309529515 0.0542364607 0.0057856644 0.0299116245 0.020133197 0.0362280232 0.0249077942 0.0394246297 0.0558282484 0.0351217502 0.0430309887 0.0470226391 0.0464620582 0.0235235933 0.0371719503 0.0255673396 0.0133314317 0.0277094229 0.0106320749 0.0517970953 0.036482521 0.0120850416 0.0267842089 0.0293487967 0.0096261209 0.0211792726 0.0269841078 
6 0.0356510369 0.0507465469 0.0122552252 0.0519569399 0.0309529515 0.0272188856 0.0268151296 0.0666662717 0.0278774307 0.0089486709 0.0361804464 0.0339048191 0.071637431 0.024807325 0.0344112276 0.0223130602 0.0419679632 0.0318439495 0.0396744839 0.0151691585 0.013260311 0.0233172652 0.0256467279 0.0511251642 0.0090652055 0.024187298 0.008157264 0.0161321682 0.0580126385 0.0193169741 0.0327953249 0.027984705 
7 0.0285241563 0.0192441579 0.0283256716 0.0398935845 0.0542364607 0.0268151296 0.0172924309 0.0294734916 0.0229490005 0.0402963717 0.0402824842 0.0240007399 0.0198750393 0.0246964015 0.0261601528 0.0294862709 0.0156906855 0.0182553138 0.0164452453 0.0422463128 0.0324658807 0.0263573467 0.0487184838 0.0372026549 0.0251251113 0.030262646 0.0493009226 0.0428357555 0.0286453898 0.0170604634 0.0505304354 0.0473058088 
8 0.0280899445 0.054289947 0.0514047166 0.0250932492 0.0057856644 0.0666662717 0.0294734916 0.0411803369 0.0251491385 0.0396567643 0.0334495633 0.0462062807 0.0103540084 0.0280874909 0.0170418452 0.0314482008 0.0093219896 0.0195580162 0.0204182578 0.0104256676 0.0228431788 0.0541979435 0.034240993 0.0177874003 0.0330241768 0.0256377436 0.0241160719 0.0696642146 0.0163420044 0.0230143356 0.0475324014 0.0384986909 
9 0.0453299068 0.0302083234 0.0258428871 0.0440606357 0.0299116245 0.0278774307 0.0229490005 0.0251491385 0.0465249646 0.0089207757 0.02394996 0.0190994171 0.0256340561 0.0425517674 0.0299817243 0.0518049633 0.0270463519 0.0255605307 0.0385631654 0.0420845331 0.0186771183 0.0389459228 0.0200745402 0.0393817509 0.0170175498 0.0256718226 0.0201538798 0.037124747 0.05307648 0.0456736781 0.034069705 0.0170816489 
10 0.0181790707 0.0588019012 0.0334358284 0.0061759819 0.020133197 0.0089486709 0.0402963717 0.0396567643 0.0089207757 0.0137934348 0.0169623333 0.0139183737 0.0795271599 0.022863341 0.0264530846 0.0418865356 0.0402433747 0.029831534 0.0220710131 0.068474165 0.0571585992 0.0309377631 0.0092787812 0.0333762098 0.0261769265 0.0411152083 0.01747352 0.0433553539 0.0229013232 0.0429121199 0.0253365984 0.0394046851 
11 0.0377833145 0.0533611064 0.0264290794 0.0481231399 0.0362280232 0.0361804464 0.0402824842 0.0334495633 0.02394996 0.0169623333 0.011303995 0.0083859401 0.0245564238 0.0525254778 0.0222660668 0.0224845795 0.0283155513 0.0177532458 0.0244288329 0.0314137087 0.0518571044 0.0294481047 0.0376219105 0.03922518 0.0282695699 0.0381513731 0.0158053594 0.0153771464 0.0211274743 0.0432873314 0.042312429 0.0413337447 
12 0.0324159602 0.0372919172 0.0134360487 0.0135185175 0.0249077942 0.0339048191 0.0240007399 0.0462062807 0.0190994171 0.0139183737 0.0083859401 0.0 0.040513404 0.0204926946 0.0581383083 0.0113190464 0.0243712629 0.0500809107 0.0497777915 0.0304191316 0.0277965439 0.0622412923 0.0397263109 0.0478350348 0.0239973031 0.0237657251 0.0390330137 0.0121863051 0.0159927257 0.057804924 0.055713544 0.0417089189 
13 0.0186378068 0.018621243 0.0482453716 0.0230929625 0.0394246297 0.071637431 0.0198750393 0.0103540084 0.0256340561 0.0795271599 0.0245564238 0.040513404 0.0455221258 0.0089620586 0.0492842539 0.0039262484 0.0299862473 0.0118105226 0.0380094607 0.0358991416 0.0213909425 0.0531404114 0.0239092143 0.0215181364 0.0447837457 0.0250050283 0.0479716336 0.029165564 0.0170279646 0.0230779373 0.0284933377 0.0209964892 
14 0.0303156399 0.0141617697 0.0671502346 0.0215351017 0.0558282484 0.024807325 0.0246964015 0.0280874909 0.0425517674 0.022863341 0.0525254778 0.0204926946 0.0089620586 0.0132464497 0.0302342929 0.0114827301 0.0493533706 0.0308329992 0.0437329649 0.0088125547 0.0122663362 0.0356960039 0.0101219402 0.0464870183 0.0340636342 0.0294147449 0.0932609151 0.0069949623 0.0164635956 0.0518931256 0.035409499 0.0262553113 
15 0.0291814644 0.0318188406 0.028260528 0.0535246084 0.0351217502 0.0344112276 0.0261601528 0.0170418452 0.0299817243 0.0264530846 0.0222660668 0.0581383083 0.0492842539 0.0302342929 0.0465006838 0.0177912972 0.0278933869 0.0418549014 0.0287028709 0.0403550144 0.0256730408 0.006446262 0.0285006119 0.0307384543 0.0323661895 0.0456934201 0.0187877189 0.0277135746 0.0175918621 0.0130745069 0.0342307184 0.0442073375 
16 0.0476922425 0.0394904135 0.0340181912 0.0240534311 0.0430309887 0.0223130602 0.0294862709 0.0314482008 0.0518049633 0.0418865356 0.0224845795 0.0113190464 0.0039262484 0.0114827301 0.0177912972 0.0365574859 0.0245130508 0.0160571694 0.032328228 0.0183050603 0.0315803782 0.0275476927 0.0197150251 0.0556290031 0.0444972981 0.0216371508 0.0417236583 0.0330974278 0.0602457414 0.0175870767 0.0707120909 0.0160382633 
17 0.0261574549 0.0261651321 0.0119426762 0.0546660246 0.0470226391 0.0419679632 0.0156906855 0.0093219896 0.0270463519 0.0402433747 0.0283155513 0.0243712629 0.0299862473 0.0493533706 0.0278933869 0.0245130508 0.0324718009 0.0408116976 0.0160035519 0.0302883185 0.0329950749 0.0551775787 0.0519244572 0.0238941691 0.0268360238 0.0250239127 0.0257656601 0.0305767136 0.0436113127 0.0114784656 0.0577039866 0.0107801145 
18 0.0258456157 0.0352727074 0.0345225334 0.0163219709 0.0464620582 0.0318439495 0.0182553138 0.0195580162 0.0255605307 0.029831534 0.0177532458 0.0500809107 0.0118105226 0.0308329992 0.0418549014 0.0160571694 0.0408116976 0.0499194452 0.0151610768 0.0226459338 0.0231482612 0.0473310069 0.0256760297 0.0222386523 0.0156084712 0.0341269668 0.0736418933 0.0294629103 0.0584515489 0.0194119481 0.0231242377 0.0473759414 
19 0.0361306958 0.0199504044 0.0329093117 0.0596401465 0.0235235933 0.0396744839 0.0164452453 0.0204182578 0.0385631654 0.0220710131 0.0244288329 0.0497777915 0.0380094607 0.0437329649 0.0287028709 0.032328228 0.0160035519 0.0151610768 0.0655814612 0.0292182212 0.025815478 0.0243251919 0.0321989816 0.0460660517 0.0165214719 0.0269587946 0.0377587638 0.037825091 0.0318548625 0.0183255929 0.0328818669 0.017197076 
20 0.0298598774 0.0336512237 0.0339012792 0.0395974101 0.0371719503 0.0151691585 0.0422463128 0.0104256676 0.0420845331 0.068474165 0.0314137087 0.0304191316 0.0358991416 0.0088125547 0.0403550144 0.0183050603 0.0302883185 0.0226459338 0.0292182212 0.0175943523 0.0231488267 0.014261577 0.0326406134 0.0507294793 0.0314525633 0.0445467871 0.0315486138 0.0416219011 0.0011432582 0.0417571295 0.0135158775 0.056100358 
21 0.0184760785 0.008861505 0.0251986056 0.0381612697 0.0255673396 0.013260311 0.0324658807 0.0228431788 0.0186771183 0.0571585992 0.0518571044 0.0277965439 0.0213909425 0.0122663362 0.0256730408 0.0315803782 0.0329950749 0.0231482612 0.025815478 0.0231488267 0.0553973627 0.0301297163 0.029575393 0.0476337192 0.0384701511 0.0316051716 0.0589666501 0.0206314167 0.0471875463 0.0356218966 0.0233511038 0.0450879996 
22 0.0418761499 0.0393134573 0.0325273521 0.0357550539 0.0133314317 0.0233172652 0.0263573467 0.0541979435 0.0389459228 0.0309377631 0.0294481047 0.0622412923 0.0531404114 0.0356960039 0.006446262 0.0275476927 0.0551775787 0.0473310069 0.0243251919 0.014261577 0.0301297163 0.0184028587 0.0222611449 0.0148761 0.0407786209 0.016778952 0.0222720241 0.0303295406 0.035580418 0.0145994306 0.0318776394 0.0299387468 
23 0.040940855 0.0437828502 0.0378297017 0.0421005837 0.0277094229 0.0256467279 0.0487184838 0.034240993 0.0200745402 0.0092787812 0.0376219105 0.0397263109 0.0239092143 0.0101219402 0.0285006119 0.0197150251 0.0519244572 0.0256760297 0.0321989816 0.0326406134 0.029575393 0.0222611449 0.0066677804 0.0431999367 0.0340291251 0.0300501513 0.0155905652 0.0324665654 0.0319933993 0.0660259927 0.0185709334 0.0372109782 
24 0.0310180291 0.0362221049 0.0289822453 0.0154961358 0.0106320749 0.0511251642 0.0372026549 0.0177874003 0.0393817509 0.0333762098 0.03922518 0.0478350348 0.0215181364 0.0464870183 0.0307384543 0.0556290031 0.0238941691 0.0222386523 0.0460660517 0.0507294793 0.0476337192 0.0148761 0.0431999367 0.026515476 0.0196810294 0.0225046113 0.0184646124 0.0176684458 0.0179945402 0.031395294 0.0226874379 0.0317938477 
25 0.0164324403 0.038041975 0.0460414825 0.001354113 0.0517970953 0.0090652055 0.0251251113 0.0330241768 0.0170175498 0.0261769265 0.0282695699 0.0239973031 0.0447837457 0.0340636342 0.0323661895 0.0444972981 0.0268360238 0.0156084712 0.0165214719 0.0314525633 0.0384701511 0.0407786209 0.0340291251 0.0196810294 0.0498496522 0.0369399121 0.0551227966 0.0218206013 0.0326672084 0.0483017891 0.0141567927 0.0457099746 
26 0.0127269931 0.019552391 0.019104108 0.028313626 0.036482521 0.024187298 0.030262646 0.0256377436 0.0256718226 0.0411152083 0.0381513731 0.0237657251 0.0250050283 0.0294147449 0.0456934201 0.0216371508 0.0250239127 0.0341269668 0.0269587946 0.0445467871 0.0316051716 0.016778952 0.0300501513 0.0225046113 0.0369399121 0.0291625755 0.0520055404 0.0319953491 0.0336703859 0.0765675727 0.0304013389 0.0309401782 
27 0.0162845041 0.0163443582 0.0171084617 0.0313105224 0.0120850416 0.008157264 0.0493009226 0.0241160719 0.0201538798 0.01747352 0.0158053594 0.0390330137 0.0479716336 0.0932609151 0.0187877189 0.0417236583 0.0257656601 0.0736418933 0.0377587638 0.0315486138 0.0589666501 0.0222720241 0.0155905652 0.0184646124 0.0551227966 0.0520055404 0.0132464497 0.0285196054 0.0123561292 0.02920202 0.0121683753 0.0444534555 
28 0.0217753698 0.0442616091 0.0486991316 0.0420210935 0.0267842089 0.0161321682 0.0428357555 0.0696642146 0.037124747 0.0433553539 0.0153771464 0.0121863051 0.029165564 0.0069949623 0.0277135746 0.0330974278 0.0305767136 0.0294629103 0.037825091 0.0416219011 0.0206314167 0.0303295406 0.0324665654 0.0176684458 0.0218206013 0.0319953491 0.0285196054 0.0178771333 0.0442138185 0.0420933317 0.0408046386 0.0149043052 
29 0.0663730423 0.0304863642 0.027903855 0.0329487239 0.0293487967 0.0580126385 0.0286453898 0.0163420044 0.05307648 0.0229013232 0.0211274743 0.0159927257 0.0170279646 0.0164635956 0.0175918621 0.0602457414 0.0436113127 0.0584515489 0.0318548625 0.0011432582 0.0471875463 0.035580418 0.0319933993 0.0179945402 0.0326672084 0.0336703859 0.0123561292 0.0442138185 0.0350620919 0.0202653658 0.0294573933 0.0100027394 
30 0.0207564825 0.0490468477 0.0071218241 0.0298809771 0.0096261209 0.0193169741 0.0170604634 0.0230143356 0.0456736781 0.0429121199 0.0432873314 0.057804924 0.0230779373 0.0518931256 0.0130745069 0.0175870767 0.0114784656 0.0194119481 0.0183255929 0.0417571295 0.0356218966 0.0145994306 0.0660259927 0.031395294 0.0483017891 0.0765675727 0.02920202 0.0420933317 0.0202653658 0.0274235507 0.0184152651 0.0279806299 
31 0.0339405278 0.0077025377 0.0330038157 0.0112784012 0.0211792726 0.0327953249 0.0505304354 0.0475324014 0.034069705 0.0253365984 0.042312429 0.055713544 0.0284933377 0.035409499 0.0342307184 0.0707120909 0.0577039866 0.0231242377 0.0328818669 0.0135158775 0.0233511038 0.0318776394 0.0185709334 0.0226874379 0.0141567927 0.0304013389 0.0121683753 0.0408046386 0.0294573933 0.0184152651 0.0466781953 0.0199642786 
32 0.0374001226 0.0061784615 0.0387960064 0.0293988303 0.0269841078 0.027984705 0.0473058088 0.0384986909 0.0170816489 0.0394046851 0.0413337447 0.0417089189 0.0209964892 0.0262553113 0.0442073375 0.0160382633 0.0107801145 0.0473759414 0.017197076 0.056100358 0.0450879996 0.0299387468 0.0372109782 0.0317938477 0.0457099746 0.0309401782 0.0444534555 0.0149043052 0.0100027394 0.0279806299 0.0199642786 0.0309862443 
