45
1 0.0 3.0 8.0 8.0 8.0 7.0 7.0 8.0 2.0 1.0 6.0 7.0 1.0 7.0 3.0 6.0 9.0 4.0 10.0 5.0 10.0 5.0 3.0 10.0 2.0 4.0 7.0 7.0 8.0 1.0 5.0 5.0 5.0 3.0 9.0 3.0 3.0 5.0 2.0 9.0 7.0 7.0 7.0 2.0 7.0
2 3.0 0.0 2.0 1.0 8.0 9.0 8.0 2.0 9.0 8.0 5.0 6.0 6.0 2.0 7.0 2.0 4.0 6.0 4.0 3.0 4.0 3.0 6.0 2.0 10.0 9.0 1.0 4.0 6.0 5.0 10.0 3.0 10.0 3.0 9.0 8.0 10.0 10.0 6.0 1.0 2.0 1.0 3.0 3.0 4.0
3 8.0 2.0 0.0 2.0 7.0 1.0 3.0 7.0 10.0 7.0 7.0 3.0 9.0 9.0 6.0 5.0 8.0 8.0 5.0 3.0 8.0 2.0 7.0 10.0 7.0 7.0 7.0 5.0 2.0 7.0 10.0 2.0 3.0 8.0 5.0 5.0 9.0 9.0 8.0 7.0 4.0 3.0 4.0 1.0 1.0
4 8.0 1.0 2.0 0.0 8.0 2.0 7.0 3.0 3.0 3.0 7.0 3.0 9.0 2.0 4.0 1.0 2.0 1.0 8.0 4.0 6.0 2.0 2.0 7.0 8.0 2.0 9.0 6.0 1.0 9.0 6.0 2.0 2.0 2.0 7.0 8.0 5.0 4.0 9.0 10.0 2.0 7.0 7.0 10.0 6.0
5 8.0 8.0 7.0 8.0 0.0 10.0 10.0 9.0 1.0 9.0 2.0 3.0 7.0 7.0 8.0 6.0 1.0 4.0 1.0 2.0 10.0 10.0 3.0 4.0 2.0 6.0 5.0 2.0 6.0 1.0 8.0 10.0 7.0 7.0 7.0 6.0 6.0 7.0 7.0 3.0 1.0 7.0 7.0 7.0 10.0
6 7.0 9.0 1.0 2.0 10.0 0.0 10.0 10.0 7.0 2.0 1.0 5.0 3.0 1.0 1.0 5.0 9.0 6.0 10.0 3.0 8.0 3.0 2.0 6.0 10.0 7.0 2.0 5.0 2.0 9.0 8.0 4.0 2.0 1.0 10.0 4.0 3.0 10.0 10.0 8.0 1.0 9.0 4.0 7.0 2.0
7 7.0 8.0 3.0 7.0 10.0 10.0 0.0 4.0 7.0 7.0 3.0 6.0 3.0 2.0 8.0 1.0 3.0 9.0 10.0 5.0 6.0 8.0 9.0 5.0 4.0 6.0 7.0 5.0 1.0 3.0 5.0 3.0 6.0 1.0 3.0 3.0 7.0 2.0 9.0 1.0 5.0 10.0 1.0 4.0 6.0
8 8.0 2.0 7.0 3.0 9.0 10.0 4.0 0.0 3.0 8.0 2.0 4.0 7.0 3.0 1.0 8.0 7.0 2.0 1.0 2.0 5.0 4.0 5.0 1.0 5.0 1.0 8.0 1.0 9.0 10.0 5.0 1.0 2.0 4.0 6.0 6.0 8.0 2.0 7.0 6.0 8.0 4.0 10.0 1.0 8.0
9 2.0 9.0 10.0 3.0 1.0 7.0 7.0 3.0 0.0 2.0 1.0 6.0 8.0 3.0 4.0 9.0 7.0 10.0 5.0 9.0 4.0 4.0 8.0 1.0 2.0 3.0 4.0 8.0 6.0 5.0 2.0 6.0 1.0 8.0 2.0 4.0 8.0 4.0 1.0 7.0 6.0 8.0 10.0 4.0 8.0
10 1.0 8.0 7.0 3.0 9.0 2.0 7.0 8.0 2.0 0.0 3.0 5.0 8.0 8.0 4.0 5.0 6.0 10.0 7.0 6.0 1.0 2.0 3.0 7.0 10.0 3.0 4.0 1.0 3.0 7.0 1.0 6.0 9.0 5.0 7.0 4.0 1.0 9.0 9.0 5.0 2.0 6.0 2.0 8.0 7.0
11 6.0 5.0 7.0 7.0 2.0 1.0 3.0 2.0 1.0 3.0 0.0 8.0 9.0 6.0 2.0 5.0 10.0 9.0 3.0 8.0 5.0 4.0 3.0 9.0 4.0 2.0 2.0 10.0 5.0 6.0 2.0 6.0 4.0 3.0 1.0 7.0 2.0 3.0 4.0 2.0 9.0 3.0 10.0 2.0 9.0
12 7.0 6.0 3.0 3.0 3.0 5.0 6.0 4.0 6.0 5.0 8.0 0.0 8.0 8.0 7.0 9.0 6.0 2.0 2.0 8.0 4.0 1.0 9.0 9.0 3.0 6.0 10.0 6.0 6.0 4.0 5.0 4.0 1.0 9.0 3.0 8.0 9.0 5.0 1.0 7.0 10.0 8.0 2.0 3.0 1.0
13 1.0 6.0 9.0 9.0 7.0 3.0 3.0 7.0 8.0 8.0 9.0 8.0 0.0 8.0 4.0 6.0 3.0 9.0 9.0 6.0 10.0 3.0 3.0 2.0 2.0 3.0 6.0 5.0 6.0 1.0 6.0 9.0 7.0 6.0 5.0 2.0 4.0 5.0 2.0 9.0 10.0 9.0 9.0 8.0 3.0
14 7.0 2.0 9.0 2.0 7.0 1.0 2.0 3.0 3.0 8.0 6.0 8.0 8.0 0.0 10.0 9.0 6.0 9.0 9.0 7.0 2.0 10.0 1.0 8.0 10.0 10.0 6.0 2.0 6.0 10.0 2.0 5.0 7.0 6.0 6.0 2.0 6.0 4.0 2.0 1.0 5.0 1.0 3.0 3.0 4.0
15 3.0 7.0 6.0 4.0 8.0 1.0 8.0 1.0 4.0 4.0 2.0 7.0 4.0 10.0 0.0 8.0 3.0 9.0 2.0 10.0 8.0 2.0 1.0 6.0 3.0 10.0 1.0 6.0 8.0 7.0 9.0 6.0 5.0 2.0 1.0 4.0 8.0 6.0 10.0 6.0 7.0 9.0 8.0 2.0 5.0
16 6.0 2.0 5.0 1.0 6.0 5.0 1.0 8.0 9.0 5.0 5.0 9.0 6.0 9.0 8.0 0.0 8.0 7.0 3.0 6.0 9.0 9.0 6.0 1.0 5.0 4.0 5.0 3.0 2.0 1.0 1.0 2.0 8.0 10.0 4.0 7.0 3.0 3.0 4.0 1.0 7.0 5.0 1.0 3.0 10.0
17 9.0 4.0 8.0 2.0 1.0 9.0 3.0 7.0 7.0 6.0 10.0 6.0 3.0 6.0 3.0 8.0 0.0 3.0 9.0 1.0 8.0 3.0 9.0 4.0 1.0 8.0 3.0 5.0 3.0 3.0 8.0 1.0 6.0 8.0 4.0 4.0 8.0 4.0 9.0 3.0 7.0 7.0 4.0 10.0 7.0
18 4.0 6.0 8.0 1.0 4.0 6.0 9.0 2.0 10.0 10.0 9.0 2.0 9.0 9.0 9.0 7.0 3.0 0.0 4.0 2.0 9.0 10.0 4.0 2.0 4.0 8.0 5.0 2.0 10.0 9.0 8.0 10.0 4.0 9.0 8.0 3.0 4.0 10.0 5.0 10.0 1.0 2.0 2.0 3.0 1.0
19 10.0 4.0 5.0 8.0 1.0 10.0 10.0 1.0 5.0 7.0 3.0 2.0 9.0 9.0 2.0 3.0 9.0 4.0 0.0 5.0 4.0 6.0 8.0 2.0 1.0 8.0 8.0 1.0 1.0 7.0 3.0 7.0 9.0 9.0 8.0 2.0 2.0 2.0 3.0 4.0 7.0 7.0 6.0 1.0 4.0
20 5.0 3.0 3.0 4.0 2.0 3.0 5.0 2.0 9.0 6.0 8.0 8.0 6.0 7.0 10.0 6.0 1.0 2.0 5.0 0.0 3.0 5.0 6.0 7.0 10.0 1.0 1.0 5.0 3.0 9.0 9.0 2.0 8.0 6.0 4.0 2.0 10.0 8.0 5.0 1.0 8.0 5.0 1.0 1.0 8.0
21 10.0 4.0 8.0 6.0 10.0 8.0 6.0 5.0 4.0 1.0 5.0 4.0 10.0 2.0 8.0 9.0 8.0 9.0 4.0 3.0 0.0 4.0 7.0 8.0 6.0 10.0 9.0 4.0 8.0 3.0 5.0 10.0 4.0 8.0 6.0 7.0 7.0 9.0 10.0 4.0 6.0 9.0 6.0 9.0 3.0
22 5.0 3.0 2.0 2.0 10.0 3.0 8.0 4.0 4.0 2.0 4.0 1.0 3.0 10.0 2.0 9.0 3.0 10.0 6.0 5.0 4.0 0.0 10.0 3.0 10.0 7.0 2.0 10.0 9.0 8.0 8.0 6.0 1.0 9.0 1.0 2.0 10.0 7.0 4.0 3.0 1.0 6.0 2.0 2.0 5.0
23 3.0 6.0 7.0 2.0 3.0 2.0 9.0 5.0 8.0 3.0 3.0 9.0 3.0 1.0 1.0 6.0 9.0 4.0 8.0 6.0 7.0 10.0 0.0 2.0 6.0 6.0 1.0 10.0 8.0 10.0 3.0 7.0 10.0 9.0 5.0 2.0 8.0 9.0 1.0 5.0 6.0 7.0 1.0 10.0 2.0
24 10.0 2.0 10.0 7.0 4.0 6.0 5.0 1.0 1.0 7.0 9.0 9.0 2.0 8.0 6.0 1.0 4.0 2.0 2.0 7.0 8.0 3.0 2.0 0.0 8.0 5.0 4.0 5.0 7.0 6.0 5.0 5.0 7.0 1.0 8.0 7.0 2.0 3.0 4.0 7.0 10.0 9.0 3.0 3.0 8.0
25 2.0 10.0 7.0 8.0 2.0 10.0 4.0 5.0 2.0 10.0 4.0 3.0 2.0 10.0 3.0 5.0 1.0 4.0 1.0 10.0 6.0 10.0 6.0 8.0 0.0 2.0 4.0 10.0 10.0 4.0 5.0 6.0 5.0 3.0 4.0 4.0 3.0 5.0 4.0 1.0 10.0 10.0 6.0 1.0 2.0
26 4.0 9.0 7.0 2.0 6.0 7.0 6.0 1.0 3.0 3.0 2.0 6.0 3.0 10.0 10.0 4.0 8.0 8.0 8.0 1.0 10.0 7.0 6.0 5.0 2.0 0.0 1.0 5.0 9.0 4.0 5.0 6.0 7.0 7.0 8.0 8.0 4.0 10.0 7.0 5.0 2.0 5.0 7.0 6.0 9.0
27 7.0 1.0 7.0 9.0 5.0 2.0 7.0 8.0 4.0 4.0 2.0 10.0 6.0 6.0 1.0 5.0 3.0 5.0 8.0 1.0 9.0 2.0 1.0 4.0 4.0 1.0 0.0 8.0 3.0 10.0 4.0 7.0 6.0 7.0 3.0 10.0 7.0 5.0 6.0 10.0 1.0 4.0 3.0 5.0 3.0
28 7.0 4.0 5.0 6.0 2.0 5.0 5.0 1.0 8.0 1.0 10.0 6.0 5.0 2.0 6.0 3.0 5.0 2.0 1.0 5.0 4.0 10.0 10.0 5.0 10.0 5.0 8.0 0.0 4.0 9.0 6.0 5.0 6.0 4.0 2.0 5.0 9.0 7.0 8.0 8.0 4.0 1.0 5.0 1.0 1.0
29 8.0 6.0 2.0 1.0 6.0 2.0 1.0 9.0 6.0 3.0 5.0 6.0 6.0 6.0 8.0 2.0 3.0 10.0 1.0 3.0 8.0 9.0 8.0 7.0 10.0 9.0 3.0 4.0 0.0 4.0 7.0 6.0 3.0 5.0 1.0 5.0 8.0 6.0 6.0 9.0 10.0 7.0 9.0 10.0 7.0
30 1.0 5.0 7.0 9.0 1.0 9.0 3.0 10.0 5.0 7.0 6.0 4.0 1.0 10.0 7.0 1.0 3.0 9.0 7.0 9.0 3.0 8.0 10.0 6.0 4.0 4.0 10.0 9.0 4.0 0.0 6.0 7.0 3.0 3.0 8.0 8.0 10.0 8.0 4.0 7.0 5.0 10.0 1.0 2.0 4.0
31 5.0 10.0 10.0 6.0 8.0 8.0 5.0 5.0 2.0 1.0 2.0 5.0 6.0 2.0 9.0 1.0 8.0 8.0 3.0 9.0 5.0 8.0 3.0 5.0 5.0 5.0 4.0 6.0 7.0 6.0 0.0 7.0 6.0 1.0 6.0 3.0 9.0 7.0 9.0 10.0 7.0 10.0 6.0 5.0 10.0
32 5.0 3.0 2.0 2.0 10.0 4.0 3.0 1.0 6.0 6.0 6.0 4.0 9.0 5.0 6.0 2.0 1.0 10.0 7.0 2.0 10.0 6.0 7.0 5.0 6.0 6.0 7.0 5.0 6.0 7.0 7.0 0.0 2.0 6.0 9.0 3.0 9.0 7.0 4.0 7.0 7.0 4.0 6.0 2.0 6.0
33 5.0 10.0 3.0 2.0 7.0 2.0 6.0 2.0 1.0 9.0 4.0 1.0 7.0 7.0 5.0 8.0 6.0 4.0 9.0 8.0 4.0 1.0 10.0 7.0 5.0 7.0 6.0 6.0 3.0 3.0 6.0 2.0 0.0 6.0 6.0 2.0 7.0 1.0 4.0 10.0 2.0 4.0 10.0 2.0 10.0
34 3.0 3.0 8.0 2.0 7.0 1.0 1.0 4.0 8.0 5.0 3.0 9.0 6.0 6.0 2.0 10.0 8.0 9.0 9.0 6.0 8.0 9.0 9.0 1.0 3.0 7.0 7.0 4.0 5.0 3.0 1.0 6.0 6.0 0.0 5.0 7.0 5.0 4.0 6.0 3.0 8.0 8.0 7.0 9.0 1.0
35 9.0 9.0 5.0 7.0 7.0 10.0 3.0 6.0 2.0 7.0 1.0 3.0 5.0 6.0 1.0 4.0 4.0 8.0 8.0 4.0 6.0 1.0 5.0 8.0 4.0 8.0 3.0 2.0 1.0 8.0 6.0 9.0 6.0 5.0 0.0 9.0 8.0 7.0 4.0 7.0 8.0 8.0 10.0 9.0 8.0
36 3.0 8.0 5.0 8.0 6.0 4.0 3.0 6.0 4.0 4.0 7.0 8.0 2.0 2.0 4.0 7.0 4.0 3.0 2.0 2.0 7.0 2.0 2.0 7.0 4.0 8.0 10.0 5.0 5.0 8.0 3.0 3.0 2.0 7.0 9.0 0.0 2.0 10.0 3.0 10.0 1.0 8.0 1.0 4.0 2.0
37 3.0 10.0 9.0 5.0 6.0 3.0 7.0 8.0 8.0 1.0 2.0 9.0 4.0 6.0 8.0 3.0 8.0 4.0 2.0 10.0 7.0 10.0 8.0 2.0 3.0 4.0 7.0 9.0 8.0 10.0 9.0 9.0 7.0 5.0 8.0 2.0 0.0 8.0 5.0 3.0 10.0 5.0 3.0 8.0 8.0
38 5.0 10.0 9.0 4.0 7.0 10.0 2.0 2.0 4.0 9.0 3.0 5.0 5.0 4.0 6.0 3.0 4.0 10.0 2.0 8.0 9.0 7.0 9.0 3.0 5.0 10.0 5.0 7.0 6.0 8.0 7.0 7.0 1.0 4.0 7.0 10.0 8.0 0.0 4.0 5.0 4.0 8.0 3.0 2.0 3.0
39 2.0 6.0 8.0 9.0 7.0 10.0 9.0 7.0 1.0 9.0 4.0 1.0 2.0 2.0 10.0 4.0 9.0 5.0 3.0 5.0 10.0 4.0 1.0 4.0 4.0 7.0 6.0 8.0 6.0 4.0 9.0 4.0 4.0 6.0 4.0 3.0 5.0 4.0 0.0 8.0 1.0 7.0 4.0 4.0 5.0
40 9.0 1.0 7.0 10.0 3.0 8.0 1.0 6.0 7.0 5.0 2.0 7.0 9.0 1.0 6.0 1.0 3.0 10.0 4.0 1.0 4.0 3.0 5.0 7.0 1.0 5.0 10.0 8.0 9.0 7.0 10.0 7.0 10.0 3.0 7.0 10.0 3.0 5.0 8.0 0.0 9.0 8.0 5.0 2.0 1.0
41 7.0 2.0 4.0 2.0 1.0 1.0 5.0 8.0 6.0 2.0 9.0 10.0 10.0 5.0 7.0 7.0 7.0 1.0 7.0 8.0 6.0 1.0 6.0 10.0 10.0 2.0 1.0 4.0 10.0 5.0 7.0 7.0 2.0 8.0 8.0 1.0 10.0 4.0 1.0 9.0 0.0 5.0 3.0 3.0 2.0
42 7.0 1.0 3.0 7.0 7.0 9.0 10.0 4.0 8.0 6.0 3.0 8.0 9.0 1.0 9.0 5.0 7.0 2.0 7.0 5.0 9.0 6.0 7.0 9.0 10.0 5.0 4.0 1.0 7.0 10.0 10.0 4.0 4.0 8.0 8.0 8.0 5.0 8.0 7.0 8.0 5.0 0.0 8.0 6.0 4.0
43 7.0 3.0 4.0 7.0 7.0 4.0 1.0 10.0 10.0 2.0 10.0 2.0 9.0 3.0 8.0 1.0 4.0 2.0 6.0 1.0 6.0 2.0 1.0 3.0 6.0 7.0 3.0 5.0 9.0 1.0 6.0 6.0 10.0 7.0 10.0 1.0 3.0 3.0 4.0 5.0 3.0 8.0 0.0 5.0 10.0
44 2.0 3.0 1.0 10.0 7.0 7.0 4.0 1.0 4.0 8.0 2.0 3.0 8.0 3.0 2.0 3.0 10.0 3.0 1.0 1.0 9.0 2.0 10.0 3.0 1.0 6.0 5.0 1.0 10.0 2.0 5.0 2.0 2.0 9.0 9.0 4.0 8.0 2.0 4.0 2.0 3.0 6.0 5.0 0.0 5.0
45 7.0 4.0 1.0 6.0 10.0 2.0 6.0 8.0 8.0 7.0 9.0 1.0 3.0 4.0 5.0 10.0 7.0 1.0 4.0 8.0 3.0 5.0 2.0 8.0 2.0 9.0 3.0 1.0 7.0 4.0 10.0 6.0 10.0 1.0 8.0 2.0 8.0 3.0 5.0 1.0 2.0 4.0 10.0 5.0 0.0
