35
1 0.0 2.0 6.0 2.0 4.0 2.0 8.0 5.0 3.0 10.0 9.0 1.0 2.0 8.0 8.0 8.0 1.0 9.0 2.0 4.0 6.0 3.0 3.0 7.0 6.0 10.0 10.0 6.0 3.0 4.0 6.0 2.0 1.0 2.0 8.0
2 2.0 0.0 2.0 7.0 9.0 1.0 2.0 10.0 3.0 10.0 10.0 10.0 9.0 6.0 8.0 9.0 4.0 6.0 7.0 7.0 1.0 9.0 10.0 6.0 4.0 1.0 1.0 3.0 1.0 6.0 8.0 6.0 9.0 6.0 4.0
3 6.0 2.0 0.0 3.0 3.0 2.0 10.0 9.0 8.0 10.0 9.0 3.0 9.0 1.0 9.0 10.0 4.0 6.0 1.0 4.0 9.0 5.0 5.0 8.0 7.0 3.0 7.0 9.0 1.0 4.0 7.0 1.0 7.0 2.0 7.0
4 2.0 7.0 3.0 0.0 7.0 7.0 5.0 1.0 2.0 6.0 4.0 7.0 4.0 1.0 5.0 3.0 9.0 4.0 3.0 6.0 10.0 2.0 10.0 6.0 8.0 1.0 3.0 9.0 6.0 9.0 10.0 6.0 1.0 7.0 3.0
5 4.0 9.0 3.0 7.0 0.0 1.0 8.0 9.0 7.0 7.0 10.0 7.0 7.0 10.0 9.0 2.0 6.0 2.0 6.0 9.0 5.0 9.0 7.0 3.0 10.0 9.0 6.0 4.0 5.0 10.0 8.0 10.0 1.0 10.0 1.0
6 2.0 1.0 2.0 7.0 1.0 0.0 5.0 5.0 1.0 6.0 8.0 8.0 5.0 8.0 5.0 5.0 4.0 8.0 8.0 2.0 1.0 7.0 4.0 1.0 2.0 10.0 10.0 4.0 10.0 6.0 5.0 1.0 5.0 9.0 1.0
7 8.0 2.0 10.0 5.0 8.0 5.0 0.0 6.0 4.0 4.0 7.0 4.0 5.0 4.0 7.0 7.0 8.0 2.0 3.0 1.0 2.0 7.0 2.0 7.0 9.0 9.0 7.0 5.0 9.0 1.0 3.0 3.0 4.0 6.0 10.0
8 5.0 10.0 9.0 1.0 9.0 5.0 6.0 0.0 3.0 8.0 6.0 3.0 10.0 5.0 8.0 7.0 9.0 10.0 2.0 6.0 5.0 4.0 1.0 7.0 8.0 10.0 1.0 2.0 7.0 6.0 10.0 8.0 9.0 2.0 2.0
9 3.0 3.0 8.0 2.0 7.0 1.0 4.0 3.0 0.0 4.0 6.0 3.0 6.0 10.0 6.0 8.0 6.0 7.0 5.0 9.0 10.0 6.0 9.0 5.0 2.0 5.0 7.0 1.0 4.0 8.0 2.0 3.0 6.0 4.0 2.0
10 10.0 10.0 10.0 6.0 7.0 6.0 4.0 8.0 4.0 0.0 5.0 2.0 3.0 3.0 3.0 9.0 1.0 8.0 3.0 4.0 2.0 6.0 9.0 2.0 6.0 8.0 4.0 9.0 5.0 8.0 7.0 8.0 5.0 3.0 5.0
11 9.0 10.0 9.0 4.0 10.0 8.0 7.0 6.0 6.0 5.0 0.0 5.0 3.0 9.0 8.0 8.0 3.0 10.0 4.0 8.0 9.0 9.0 6.0 8.0 9.0 2.0 8.0 5.0 2.0 9.0 10.0 4.0 4.0 4.0 7.0
12 1.0 10.0 3.0 7.0 7.0 8.0 4.0 3.0 3.0 2.0 5.0 0.0 3.0 2.0 5.0 3.0 3.0 7.0 3.0 10.0 1.0 3.0 3.0 3.0 7.0 4.0 6.0 3.0 4.0 4.0 8.0 4.0 2.0 1.0 8.0
13 2.0 9.0 9.0 4.0 7.0 5.0 5.0 10.0 6.0 3.0 3.0 3.0 0.0 2.0 6.0 6.0 2.0 2.0 6.0 7.0 4.0 10.0 1.0 5.0 1.0 4.0 2.0 1.0 1.0 1.0 6.0 10.0 10.0 2.0 8.0
14 8.0 6.0 1.0 1.0 10.0 8.0 4.0 5.0 10.0 3.0 9.0 2.0 2.0 0.0 4.0 8.0 5.0 2.0 5.0 8.0 7.0 9.0 8.0 8.0 4.0 3.0 6.0 1.0 8.0 1.0 2.0 10.0 10.0 9.0 5.0
15 8.0 8.0 9.0 5.0 9.0 5.0 7.0 8.0 6.0 3.0 8.0 5.0 6.0 4.0 0.0 3.0 2.0 4.0 2.0 9.0 9.0 10.0 7.0 3.0 5.0 2.0 5.0 8.0 1.0 9.0 5.0 9.0 2.0 7.0 3.0
16 8.0 9.0 10.0 3.0 2.0 5.0 7.0 7.0 8.0 9.0 8.0 3.0 6.0 8.0 3.0 0.0 7.0 7.0 5.0 5.0 6.0 8.0 2.0 3.0 4.0 6.0 3.0 5.0 4.0 6.0 4.0 1.0 7.0 6.0 7.0
17 1.0 4.0 4.0 9.0 6.0 4.0 8.0 9.0 6.0 1.0 3.0 3.0 2.0 5.0 2.0 7.0 0.0 8.0 1.0 6.0 10.0 10.0 6.0 6.0 6.0 1.0 1.0 3.0 3.0 3.0 10.0 1.0 8.0 5.0 3.0
18 9.0 6.0 6.0 4.0 2.0 8.0 2.0 10.0 7.0 8.0 10.0 7.0 2.0 2.0 4.0 7.0 8.0 0.0 9.0 1.0 4.0 5.0 3.0 5.0 7.0 4.0 5.0 7.0 2.0 9.0 7.0 6.0 10.0 1.0 5.0
19 2.0 7.0 1.0 3.0 6.0 8.0 3.0 2.0 5.0 3.0 4.0 3.0 6.0 5.0 2.0 5.0 1.0 9.0 0.0 5.0 3.0 9.0 1.0 5.0 1.0 3.0 5.0 10.0 7.0 3.0 1.0 6.0 6.0 1.0 10.0
20 4.0 7.0 4.0 6.0 9.0 2.0 1.0 6.0 9.0 4.0 8.0 10.0 7.0 8.0 9.0 5.0 6.0 1.0 5.0 0.0 9.0 10.0 10.0 4.0 1.0 10.0 6.0 4.0 5.0 7.0 2.0 7.0 3.0 10.0 3.0
21 6.0 1.0 9.0 10.0 5.0 1.0 2.0 5.0 10.0 2.0 9.0 1.0 4.0 7.0 9.0 6.0 10.0 4.0 3.0 9.0 0.0 6.0 3.0 4.0 6.0 8.0 7.0 7.0 8.0 4.0 1.0 8.0 7.0 5.0 3.0
22 3.0 9.0 5.0 2.0 9.0 7.0 7.0 4.0 6.0 6.0 9.0 3.0 10.0 9.0 10.0 8.0 10.0 5.0 9.0 10.0 6.0 0.0 8.0 8.0 4.0 10.0 7.0 10.0 2.0 3.0 9.0 7.0 6.0 6.0 8.0
23 3.0 10.0 5.0 10.0 7.0 4.0 2.0 1.0 9.0 9.0 6.0 3.0 1.0 8.0 7.0 2.0 6.0 3.0 1.0 10.0 3.0 8.0 0.0 2.0 3.0 8.0 2.0 4.0 8.0 6.0 4.0 4.0 6.0 4.0 8.0
24 7.0 6.0 8.0 6.0 3.0 1.0 7.0 7.0 5.0 2.0 8.0 3.0 5.0 8.0 3.0 3.0 6.0 5.0 5.0 4.0 4.0 8.0 2.0 0.0 1.0 2.0 4.0 4.0 4.0 9.0 10.0 9.0 7.0 3.0 6.0
25 6.0 4.0 7.0 8.0 10.0 2.0 9.0 8.0 2.0 6.0 9.0 7.0 1.0 4.0 5.0 4.0 6.0 7.0 1.0 1.0 6.0 4.0 3.0 1.0 0.0 3.0 6.0 7.0 9.0 6.0 8.0 3.0 1.0 2.0 5.0
26 10.0 1.0 3.0 1.0 9.0 10.0 9.0 10.0 5.0 8.0 2.0 4.0 4.0 3.0 2.0 6.0 1.0 4.0 3.0 10.0 8.0 10.0 8.0 2.0 3.0 0.0 1.0 8.0 6.0 2.0 1.0 4.0 1.0 9.0 4.0
27 10.0 1.0 7.0 3.0 6.0 10.0 7.0 1.0 7.0 4.0 8.0 6.0 2.0 6.0 5.0 3.0 1.0 5.0 5.0 6.0 7.0 7.0 2.0 4.0 6.0 1.0 0.0 3.0 8.0 7.0 6.0 4.0 4.0 1.0 1.0
28 6.0 3.0 9.0 9.0 4.0 4.0 5.0 2.0 1.0 9.0 5.0 3.0 1.0 1.0 8.0 5.0 3.0 7.0 10.0 4.0 7.0 10.0 4.0 4.0 7.0 8.0 3.0 0.0 6.0 2.0 2.0 4.0 10.0 4.0 3.0
29 3.0 1.0 1.0 6.0 5.0 10.0 9.0 7.0 4.0 5.0 2.0 4.0 1.0 8.0 1.0 4.0 3.0 2.0 7.0 5.0 8.0 2.0 8.0 4.0 9.0 6.0 8.0 6.0 0.0 7.0 10.0 8.0 5.0 1.0 5.0
30 4.0 6.0 4.0 9.0 10.0 6.0 1.0 6.0 8.0 8.0 9.0 4.0 1.0 1.0 9.0 6.0 3.0 9.0 3.0 7.0 4.0 3.0 6.0 9.0 6.0 2.0 7.0 2.0 7.0 0.0 5.0 8.0 10.0 3.0 6.0
31 6.0 8.0 7.0 10.0 8.0 5.0 3.0 10.0 2.0 7.0 10.0 8.0 6.0 2.0 5.0 4.0 10.0 7.0 1.0 2.0 1.0 9.0 4.0 10.0 8.0 1.0 6.0 2.0 10.0 5.0 0.0 5.0 2.0 10.0 5.0
32 2.0 6.0 1.0 6.0 10.0 1.0 3.0 8.0 3.0 8.0 4.0 4.0 10.0 10.0 9.0 1.0 1.0 6.0 6.0 7.0 8.0 7.0 4.0 9.0 3.0 4.0 4.0 4.0 8.0 8.0 5.0 0.0 5.0 3.0 8.0
33 1.0 9.0 7.0 1.0 1.0 5.0 4.0 9.0 6.0 5.0 4.0 2.0 10.0 10.0 2.0 7.0 8.0 10.0 6.0 3.0 7.0 6.0 6.0 7.0 1.0 1.0 4.0 10.0 5.0 10.0 2.0 5.0 0.0 2.0 4.0
34 2.0 6.0 2.0 7.0 10.0 9.0 6.0 2.0 4.0 3.0 4.0 1.0 2.0 9.0 7.0 6.0 5.0 1.0 1.0 10.0 5.0 6.0 4.0 3.0 2.0 9.0 1.0 4.0 1.0 3.0 10.0 3.0 2.0 0.0 1.0
35 8.0 4.0 7.0 3.0 1.0 1.0 10.0 2.0 2.0 5.0 7.0 8.0 8.0 5.0 3.0 7.0 3.0 5.0 10.0 3.0 3.0 8.0 8.0 6.0 5.0 4.0 1.0 3.0 5.0 6.0 5.0 8.0 4.0 1.0 0.0
