40
1 0.0 3.0 1.0 10.0 2.0 6.0 9.0 6.0 7.0 2.0 3.0 8.0 2.0 4.0 10.0 10.0 8.0 1.0 6.0 4.0 10.0 9.0 2.0 8.0 8.0 6.0 6.0 1.0 8.0 2.0 10.0 3.0 6.0 9.0 8.0 6.0 10.0 9.0 5.0 1.0
2 3.0 0.0 9.0 6.0 4.0 3.0 4.0 6.0 4.0 10.0 3.0 1.0 4.0 1.0 10.0 7.0 1.0 4.0 10.0 6.0 9.0 3.0 6.0 10.0 9.0 10.0 1.0 1.0 6.0 6.0 1.0 6.0 10.0 2.0 5.0 5.0 6.0 3.0 5.0 6.0
3 1.0 9.0 0.0 1.0 6.0 6.0 8.0 2.0 7.0 4.0 5.0 10.0 9.0 4.0 5.0 10.0 3.0 8.0 6.0 7.0 2.0 5.0 10.0 1.0 6.0 9.0 4.0 4.0 1.0 4.0 6.0 4.0 8.0 9.0 7.0 5.0 2.0 2.0 5.0 9.0
4 10.0 6.0 1.0 0.0 1.0 8.0 5.0 1.0 8.0 2.0 9.0 10.0 4.0 8.0 5.0 3.0 6.0 9.0 4.0 7.0 2.0 3.0 4.0 8.0 8.0 6.0 7.0 8.0 9.0 10.0 7.0 9.0 5.0 3.0 9.0 9.0 4.0 7.0 1.0 2.0
5 2.0 4.0 6.0 1.0 0.0 2.0 9.0 9.0 5.0 4.0 6.0 6.0 4.0 7.0 8.0 5.0 9.0 4.0 7.0 5.0 9.0 5.0 2.0 9.0 8.0 6.0 8.0 6.0 9.0 8.0 9.0 1.0 10.0 1.0 10.0 5.0 1.0 2.0 3.0 10.0
6 6.0 3.0 6.0 8.0 2.0 0.0 2.0 3.0 3.0 9.0 6.0 10.0 3.0 7.0 2.0 6.0 2.0 10.0 1.0 6.0 8.0 4.0 5.0 2.0 7.0 1.0 7.0 3.0 3.0 9.0 9.0 7.0 1.0 7.0 1.0 6.0 6.0 10.0 6.0 4.0
7 9.0 4.0 8.0 5.0 9.0 2.0 0.0 3.0 7.0 2.0 3.0 8.0 6.0 8.0 10.0 2.0 2.0 10.0 9.0 3.0 2.0 3.0 8.0 5.0 4.0 7.0 2.0 8.0 9.0 5.0 3.0 8.0 5.0 5.0 5.0 10.0 1.0 4.0 10.0 9.0
8 6.0 6.0 2.0 1.0 9.0 3.0 3.0 0.0 3.0 4.0 5.0 2.0 1.0 6.0 5.0 3.0 1.0 3.0 1.0 4.0 2.0 3.0 6.0 10.0 6.0 8.0 1.0 2.0 4.0 3.0 2.0 10.0 9.0 3.0 6.0 7.0 10.0 4.0 1.0 6.0
9 7.0 4.0 7.0 8.0 5.0 3.0 7.0 3.0 0.0 1.0 3.0 6.0 1.0 6.0 10.0 2.0 6.0 4.0 3.0 2.0 4.0 1.0 9.0 5.0 3.0 3.0 2.0 2.0 2.0 7.0 3.0 5.0 6.0 10.0 10.0 1.0 7.0 7.0 10.0 6.0
10 2.0 10.0 4.0 2.0 4.0 9.0 2.0 4.0 1.0 0.0 3.0 6.0 8.0 3.0 1.0 8.0 2.0 9.0 10.0 1.0 7.0 4.0 1.0 3.0 1.0 9.0 1.0 9.0 6.0 8.0 6.0 4.0 7.0 6.0 1.0 4.0 2.0 6.0 3.0 3.0
11 3.0 3.0 5.0 9.0 6.0 6.0 3.0 5.0 3.0 3.0 0.0 8.0 9.0 9.0 10.0 5.0 4.0 4.0 2.0 3.0 1.0 10.0 3.0 2.0 9.0 7.0 3.0 10.0 5.0 1.0 9.0 10.0 8.0 5.0 8.0 9.0 8.0 8.0 6.0 6.0
12 8.0 1.0 10.0 10.0 6.0 10.0 8.0 2.0 6.0 6.0 8.0 0.0 8.0 4.0 3.0 5.0 3.0 3.0 6.0 7.0 6.0 6.0 5.0 3.0 8.0 9.0 4.0 7.0 9.0 2.0 7.0 7.0 1.0 6.0 4.0 9.0 5.0 7.0 1.0 8.0
13 2.0 4.0 9.0 4.0 4.0 3.0 6.0 1.0 1.0 8.0 9.0 8.0 0.0 4.0 4.0 6.0 8.0 5.0 1.0 6.0 8.0 7.0 5.0 6.0 3.0 1.0 6.0 9.0 4.0 10.0 7.0 3.0 10.0 8.0 6.0 8.0 4.0 2.0 7.0 10.0
14 4.0 1.0 4.0 8.0 7.0 7.0 8.0 6.0 6.0 3.0 9.0 4.0 4.0 0.0 1.0 1.0 2.0 6.0 4.0 7.0 5.0 3.0 3.0 6.0 6.0 1.0 3.0 4.0 2.0 7.0 5.0 5.0 2.0 6.0 3.0 3.0 4.0 5.0 2.0 4.0
15 10.0 10.0 5.0 5.0 8.0 2.0 10.0 5.0 10.0 1.0 10.0 3.0 4.0 1.0 0.0 5.0 6.0 1.0 4.0 4.0 1.0 1.0 6.0 1.0 7.0 1.0 10.0 2.0 1.0 4.0 2.0 7.0 2.0 10.0 5.0 7.0 4.0 2.0 5.0 8.0
16 10.0 7.0 10.0 3.0 5.0 6.0 2.0 3.0 2.0 8.0 5.0 5.0 6.0 1.0 5.0 0.0 3.0 6.0 2.0 1.0 7.0 8.0 7.0 6.0 9.0 8.0 5.0 10.0 3.0 2.0 3.0 9.0 10.0 3.0 7.0 7.0 8.0 4.0 3.0 4.0
17 8.0 1.0 3.0 6.0 9.0 2.0 2.0 1.0 6.0 2.0 4.0 3.0 8.0 2.0 6.0 3.0 0.0 9.0 1.0 3.0 3.0 3.0 4.0 3.0 7.0 1.0 9.0 9.0 3.0 7.0 2.0 2.0 6.0 5.0 6.0 10.0 9.0 9.0 7.0 7.0
18 1.0 4.0 8.0 9.0 4.0 10.0 10.0 3.0 4.0 9.0 4.0 3.0 5.0 6.0 1.0 6.0 9.0 0.0 9.0 2.0 5.0 8.0 2.0 7.0 2.0 3.0 3.0 9.0 10.0 6.0 9.0 3.0 7.0 3.0 3.0 1.0 7.0 10.0 8.0 6.0
19 6.0 10.0 6.0 4.0 7.0 1.0 9.0 1.0 3.0 10.0 2.0 6.0 1.0 4.0 4.0 2.0 1.0 9.0 0.0 10.0 8.0 2.0 10.0 2.0 3.0 10.0 4.0 9.0 4.0 6.0 6.0 6.0 1.0 1.0 10.0 6.0 4.0 6.0 6.0 7.0
20 4.0 6.0 7.0 7.0 5.0 6.0 3.0 4.0 2.0 1.0 3.0 7.0 6.0 7.0 4.0 1.0 3.0 2.0 10.0 0.0 10.0 5.0 10.0 5.0 2.0 7.0 8.0 10.0 2.0 8.0 10.0 1.0 8.0 8.0 6.0 3.0 3.0 5.0 2.0 1.0
21 10.0 9.0 2.0 2.0 9.0 8.0 2.0 2.0 4.0 7.0 1.0 6.0 8.0 5.0 1.0 7.0 3.0 5.0 8.0 10.0 0.0 6.0 2.0 8.0 1.0 6.0 8.0 2.0 10.0 5.0 6.0 5.0 3.0 1.0 6.0 6.0 3.0 8.0 1.0 3.0
22 9.0 3.0 5.0 3.0 5.0 4.0 3.0 3.0 1.0 4.0 10.0 6.0 7.0 3.0 1.0 8.0 3.0 8.0 2.0 5.0 6.0 0.0 9.0 1.0 10.0 10.0 6.0 9.0 6.0 5.0 8.0 4.0 2.0 2.0 8.0 4.0 3.0 9.0 5.0 10.0
23 2.0 6.0 10.0 4.0 2.0 5.0 8.0 6.0 9.0 1.0 3.0 5.0 5.0 3.0 6.0 7.0 4.0 2.0 10.0 10.0 2.0 9.0 0.0 2.0 10.0 6.0 6.0 5.0 1.0 5.0 1.0 7.0 6.0 10.0 4.0 1.0 1.0 8.0 9.0 9.0
24 8.0 10.0 1.0 8.0 9.0 2.0 5.0 10.0 5.0 3.0 2.0 3.0 6.0 6.0 1.0 6.0 3.0 7.0 2.0 5.0 8.0 1.0 2.0 0.0 2.0 3.0 1.0 7.0 10.0 5.0 2.0 5.0 10.0 10.0 3.0 9.0 6.0 8.0 2.0 4.0
25 8.0 9.0 6.0 8.0 8.0 7.0 4.0 6.0 3.0 1.0 9.0 8.0 3.0 6.0 7.0 9.0 7.0 2.0 3.0 2.0 1.0 10.0 10.0 2.0 0.0 3.0 7.0 10.0 7.0 4.0 4.0 3.0 8.0 6.0 6.0 7.0 8.0 8.0 3.0 7.0
26 6.0 10.0 9.0 6.0 6.0 1.0 7.0 8.0 3.0 9.0 7.0 9.0 1.0 1.0 1.0 8.0 1.0 3.0 10.0 7.0 6.0 10.0 6.0 3.0 3.0 0.0 5.0 1.0 9.0 2.0 9.0 3.0 9.0 2.0 10.0 1.0 2.0 6.0 8.0 3.0
27 6.0 1.0 4.0 7.0 8.0 7.0 2.0 1.0 2.0 1.0 3.0 4.0 6.0 3.0 10.0 5.0 9.0 3.0 4.0 8.0 8.0 6.0 6.0 1.0 7.0 5.0 0.0 4.0 9.0 6.0 7.0 3.0 9.0 1.0 1.0 6.0 10.0 2.0 10.0 4.0
28 1.0 1.0 4.0 8.0 6.0 3.0 8.0 2.0 2.0 9.0 10.0 7.0 9.0 4.0 2.0 10.0 9.0 9.0 9.0 10.0 2.0 9.0 5.0 7.0 10.0 1.0 4.0 0.0 2.0 4.0 2.0 9.0 2.0 6.0 1.0 8.0 6.0 1.0 2.0 6.0
29 8.0 6.0 1.0 9.0 9.0 3.0 9.0 4.0 2.0 6.0 5.0 9.0 4.0 2.0 1.0 3.0 3.0 10.0 4.0 2.0 10.0 6.0 1.0 10.0 7.0 9.0 9.0 2.0 0.0 7.0 5.0 10.0 2.0 9.0 8.0 6.0 7.0 5.0 9.0 4.0
30 2.0 6.0 4.0 10.0 8.0 9.0 5.0 3.0 7.0 8.0 1.0 2.0 10.0 7.0 4.0 2.0 7.0 6.0 6.0 8.0 5.0 5.0 5.0 5.0 4.0 2.0 6.0 4.0 7.0 0.0 4.0 2.0 2.0 5.0 1.0 4.0 6.0 5.0 4.0 2.0
31 10.0 1.0 6.0 7.0 9.0 9.0 3.0 2.0 3.0 6.0 9.0 7.0 7.0 5.0 2.0 3.0 2.0 9.0 6.0 10.0 6.0 8.0 1.0 2.0 4.0 9.0 7.0 2.0 5.0 4.0 0.0 6.0 3.0 2.0 8.0 9.0 1.0 3.0 9.0 2.0
32 3.0 6.0 4.0 9.0 1.0 7.0 8.0 10.0 5.0 4.0 10.0 7.0 3.0 5.0 7.0 9.0 2.0 3.0 6.0 1.0 5.0 4.0 7.0 5.0 3.0 3.0 3.0 9.0 10.0 2.0 6.0 0.0 2.0 5.0 4.0 2.0 4.0 4.0 5.0 6.0
33 6.0 10.0 8.0 5.0 10.0 1.0 5.0 9.0 6.0 7.0 8.0 1.0 10.0 2.0 2.0 10.0 6.0 7.0 1.0 8.0 3.0 2.0 6.0 10.0 8.0 9.0 9.0 2.0 2.0 2.0 3.0 2.0 0.0 6.0 7.0 8.0 8.0 4.0 9.0 9.0
34 9.0 2.0 9.0 3.0 1.0 7.0 5.0 3.0 10.0 6.0 5.0 6.0 8.0 6.0 10.0 3.0 5.0 3.0 1.0 8.0 1.0 2.0 10.0 10.0 6.0 2.0 1.0 6.0 9.0 5.0 2.0 5.0 6.0 0.0 6.0 5.0 2.0 2.0 6.0 4.0
35 8.0 5.0 7.0 9.0 10.0 1.0 5.0 6.0 10.0 1.0 8.0 4.0 6.0 3.0 5.0 7.0 6.0 3.0 10.0 6.0 6.0 8.0 4.0 3.0 6.0 10.0 1.0 1.0 8.0 1.0 8.0 4.0 7.0 6.0 0.0 4.0 6.0 7.0 5.0 9.0
36 6.0 5.0 5.0 9.0 5.0 6.0 10.0 7.0 1.0 4.0 9.0 9.0 8.0 3.0 7.0 7.0 10.0 1.0 6.0 3.0 6.0 4.0 1.0 9.0 7.0 1.0 6.0 8.0 6.0 4.0 9.0 2.0 8.0 5.0 4.0 0.0 1.0 9.0 7.0 5.0
37 10.0 6.0 2.0 4.0 1.0 6.0 1.0 10.0 7.0 2.0 8.0 5.0 4.0 4.0 4.0 8.0 9.0 7.0 4.0 3.0 3.0 3.0 1.0 6.0 8.0 2.0 10.0 6.0 7.0 6.0 1.0 4.0 8.0 2.0 6.0 1.0 0.0 5.0 7.0 7.0
38 9.0 3.0 2.0 7.0 2.0 10.0 4.0 4.0 7.0 6.0 8.0 7.0 2.0 5.0 2.0 4.0 9.0 10.0 6.0 5.0 8.0 9.0 8.0 8.0 8.0 6.0 2.0 1.0 5.0 5.0 3.0 4.0 4.0 2.0 7.0 9.0 5.0 0.0 7.0 4.0
39 5.0 5.0 5.0 1.0 3.0 6.0 10.0 1.0 10.0 3.0 6.0 1.0 7.0 2.0 5.0 3.0 7.0 8.0 6.0 2.0 1.0 5.0 9.0 2.0 3.0 8.0 10.0 2.0 9.0 4.0 9.0 5.0 9.0 6.0 5.0 7.0 7.0 7.0 0.0 10.0
40 1.0 6.0 9.0 2.0 10.0 4.0 9.0 6.0 6.0 3.0 6.0 8.0 10.0 4.0 8.0 4.0 7.0 6.0 7.0 1.0 3.0 10.0 9.0 4.0 7.0 3.0 4.0 6.0 4.0 2.0 2.0 6.0 9.0 4.0 9.0 5.0 7.0 4.0 10.0 0.0
