60
1 0.0 4.0 5.0 4.0 5.0 3.0 5.0 4.0 3.0 6.0 6.0 9.0 3.0 3.0 8.0 1.0 2.0 5.0 9.0 1.0 2.0 10.0 5.0 9.0 4.0 1.0 3.0 3.0 6.0 4.0 2.0 9.0 6.0 10.0 6.0 4.0 1.0 5.0 3.0 10.0 3.0 5.0 7.0 2.0 1.0 7.0 6.0 9.0 9.0 7.0 2.0 4.0 7.0 1.0 4.0 5.0 3.0 2.0 10.0 4.0
2 4.0 0.0 6.0 4.0 10.0 10.0 7.0 5.0 1.0 1.0 6.0 4.0 9.0 3.0 1.0 5.0 8.0 9.0 3.0 1.0 9.0 2.0 7.0 2.0 10.0 2.0 4.0 5.0 8.0 9.0 5.0 7.0 1.0 5.0 6.0 10.0 6.0 1.0 1.0 1.0 5.0 9.0 2.0 8.0 9.0 1.0 7.0 7.0 3.0 8.0 7.0 4.0 10.0 3.0 6.0 6.0 8.0 9.0 9.0 2.0
3 5.0 6.0 0.0 5.0 9.0 5.0 5.0 1.0 10.0 9.0 2.0 3.0 8.0 7.0 2.0 5.0 7.0 8.0 3.0 10.0 5.0 9.0 7.0 4.0 10.0 1.0 5.0 1.0 10.0 6.0 2.0 8.0 6.0 2.0 2.0 5.0 10.0 7.0 7.0 7.0 5.0 6.0 4.0 2.0 7.0 9.0 9.0 9.0 7.0 1.0 7.0 9.0 9.0 2.0 8.0 7.0 8.0 5.0 9.0 9.0
4 4.0 4.0 5.0 0.0 9.0 10.0 1.0 2.0 1.0 8.0 9.0 4.0 2.0 9.0 4.0 1.0 6.0 2.0 4.0 5.0 5.0 6.0 3.0 7.0 7.0 10.0 1.0 6.0 3.0 2.0 5.0 8.0 2.0 6.0 8.0 8.0 4.0 8.0 5.0 2.0 8.0 8.0 8.0 9.0 9.0 6.0 5.0 9.0 2.0 10.0 1.0 7.0 7.0 3.0 3.0 1.0 2.0 10.0 5.0 4.0
5 5.0 10.0 9.0 9.0 0.0 1.0 7.0 5.0 8.0 7.0 1.0 10.0 10.0 2.0 9.0 6.0 9.0 1.0 5.0 8.0 10.0 2.0 7.0 1.0 7.0 4.0 1.0 7.0 7.0 9.0 2.0 5.0 3.0 9.0 5.0 9.0 7.0 1.0 6.0 7.0 9.0 10.0 2.0 3.0 1.0 8.0 9.0 8.0 7.0 1.0 10.0 8.0 8.0 6.0 9.0 9.0 8.0 2.0 5.0 10.0
6 3.0 10.0 5.0 10.0 1.0 0.0 7.0 2.0 7.0 10.0 9.0 4.0 8.0 10.0 5.0 4.0 6.0 3.0 3.0 3.0 4.0 4.0 10.0 3.0 6.0 3.0 7.0 1.0 9.0 8.0 9.0 10.0 6.0 3.0 10.0 9.0 2.0 7.0 3.0 2.0 7.0 4.0 3.0 5.0 3.0 4.0 8.0 9.0 1.0 9.0 10.0 9.0 3.0 8.0 3.0 5.0 1.0 4.0 10.0 3.0
7 5.0 7.0 5.0 1.0 7.0 7.0 0.0 9.0 9.0 3.0 2.0 3.0 2.0 10.0 1.0 5.0 1.0 6.0 2.0 6.0 10.0 3.0 10.0 1.0 7.0 2.0 2.0 8.0 1.0 6.0 4.0 9.0 4.0 8.0 6.0 4.0 9.0 1.0 9.0 8.0 6.0 10.0 8.0 8.0 7.0 10.0 2.0 6.0 10.0 6.0 7.0 8.0 8.0 3.0 10.0 10.0 9.0 4.0 7.0 7.0
8 4.0 5.0 1.0 2.0 5.0 2.0 9.0 0.0 9.0 6.0 10.0 2.0 4.0 6.0 4.0 8.0 7.0 7.0 9.0 2.0 2.0 4.0 7.0 10.0 10.0 5.0 10.0 8.0 9.0 5.0 5.0 1.0 1.0 7.0 3.0 5.0 8.0 1.0 1.0 5.0 6.0 10.0 8.0 2.0 4.0 1.0 6.0 5.0 5.0 4.0 5.0 9.0 7.0 7.0 9.0 8.0 1.0 2.0 1.0 6.0
9 3.0 1.0 10.0 1.0 8.0 7.0 9.0 9.0 0.0 10.0 7.0 9.0 3.0 8.0 6.0 9.0 3.0 4.0 10.0 1.0 7.0 5.0 7.0 7.0 5.0 3.0 10.0 7.0 1.0 10.0 7.0 2.0 1.0 1.0 10.0 3.0 1.0 5.0 5.0 2.0 8.0 4.0 5.0 1.0 5.0 1.0 5.0 1.0 1.0 9.0 7.0 5.0 7.0 9.0 9.0 4.0 3.0 8.0 7.0 8.0
10 6.0 1.0 9.0 8.0 7.0 10.0 3.0 6.0 10.0 0.0 3.0 10.0 10.0 3.0 8.0 1.0 9.0 9.0 1.0 1.0 1.0 2.0 3.0 7.0 5.0 8.0 1.0 1.0 3.0 10.0 8.0 10.0 5.0 3.0 8.0 1.0 6.0 1.0 7.0 2.0 9.0 6.0 9.0 2.0 6.0 3.0 4.0 1.0 1.0 10.0 1.0 8.0 5.0 6.0 3.0 2.0 9.0 2.0 1.0 6.0
11 6.0 6.0 2.0 9.0 1.0 9.0 2.0 10.0 7.0 3.0 0.0 4.0 1.0 4.0 9.0 8.0 1.0 9.0 8.0 10.0 7.0 5.0 8.0 2.0 7.0 9.0 6.0 6.0 6.0 8.0 3.0 4.0 10.0 5.0 7.0 1.0 5.0 1.0 2.0 10.0 2.0 2.0 5.0 9.0 10.0 7.0 3.0 3.0 10.0 1.0 8.0 3.0 4.0 7.0 9.0 7.0 2.0 3.0 1.0 8.0
12 9.0 4.0 3.0 4.0 10.0 4.0 3.0 2.0 9.0 10.0 4.0 0.0 10.0 10.0 4.0 10.0 3.0 1.0 9.0 1.0 2.0 4.0 5.0 4.0 5.0 9.0 9.0 10.0 6.0 5.0 5.0 2.0 8.0 1.0 6.0 2.0 7.0 2.0 4.0 4.0 8.0 2.0 3.0 7.0 5.0 8.0 6.0 3.0 6.0 2.0 5.0 9.0 6.0 8.0 1.0 2.0 4.0 10.0 10.0 3.0
13 3.0 9.0 8.0 2.0 10.0 8.0 2.0 4.0 3.0 10.0 1.0 10.0 0.0 6.0 8.0 3.0 4.0 7.0 2.0 3.0 9.0 6.0 8.0 5.0 2.0 5.0 2.0 5.0 4.0 8.0 8.0 2.0 10.0 1.0 9.0 9.0 7.0 10.0 6.0 10.0 3.0 9.0 4.0 6.0 8.0 10.0 10.0 3.0 9.0 2.0 6.0 5.0 7.0 6.0 2.0 5.0 3.0 10.0 4.0 5.0
14 3.0 3.0 7.0 9.0 2.0 10.0 10.0 6.0 8.0 3.0 4.0 10.0 6.0 0.0 4.0 6.0 1.0 2.0 4.0 9.0 7.0 9.0 1.0 10.0 1.0 8.0 7.0 6.0 5.0 9.0 3.0 7.0 10.0 6.0 4.0 5.0 5.0 7.0 4.0 10.0 1.0 2.0 2.0 2.0 3.0 4.0 5.0 1.0 1.0 7.0 10.0 8.0 8.0 5.0 8.0 2.0 10.0 7.0 8.0 7.0
15 8.0 1.0 2.0 4.0 9.0 5.0 1.0 4.0 6.0 8.0 9.0 4.0 8.0 4.0 0.0 4.0 9.0 7.0 5.0 6.0 3.0 4.0 2.0 10.0 10.0 8.0 10.0 5.0 2.0 9.0 1.0 7.0 8.0 6.0 10.0 10.0 7.0 3.0 8.0 6.0 9.0 4.0 5.0 3.0 3.0 9.0 8.0 5.0 10.0 10.0 3.0 6.0 2.0 5.0 3.0 7.0 4.0 10.0 6.0 1.0
16 1.0 5.0 5.0 1.0 6.0 4.0 5.0 8.0 9.0 1.0 8.0 10.0 3.0 6.0 4.0 0.0 10.0 2.0 10.0 5.0 7.0 5.0 4.0 6.0 1.0 4.0 1.0 6.0 1.0 4.0 5.0 9.0 2.0 6.0 4.0 7.0 3.0 4.0 9.0 7.0 5.0 4.0 8.0 8.0 5.0 10.0 6.0 7.0 10.0 8.0 3.0 4.0 5.0 3.0 4.0 4.0 4.0 7.0 7.0 3.0
17 2.0 8.0 7.0 6.0 9.0 6.0 1.0 7.0 3.0 9.0 1.0 3.0 4.0 1.0 9.0 10.0 0.0 3.0 5.0 8.0 2.0 10.0 8.0 4.0 3.0 5.0 7.0 6.0 10.0 9.0 3.0 4.0 6.0 3.0 3.0 9.0 2.0 3.0 4.0 9.0 10.0 6.0 5.0 10.0 6.0 1.0 8.0 3.0 7.0 6.0 10.0 1.0 5.0 7.0 3.0 7.0 2.0 10.0 4.0 2.0
18 5.0 9.0 8.0 2.0 1.0 3.0 6.0 7.0 4.0 9.0 9.0 1.0 7.0 2.0 7.0 2.0 3.0 0.0 6.0 4.0 7.0 5.0 2.0 7.0 7.0 3.0 3.0 9.0 6.0 9.0 7.0 4.0 1.0 1.0 3.0 8.0 10.0 8.0 1.0 9.0 7.0 8.0 5.0 8.0 4.0 10.0 1.0 10.0 4.0 10.0 6.0 1.0 10.0 9.0 2.0 4.0 5.0 4.0 3.0 10.0
19 9.0 3.0 3.0 4.0 5.0 3.0 2.0 9.0 10.0 1.0 8.0 9.0 2.0 4.0 5.0 10.0 5.0 6.0 0.0 5.0 7.0 7.0 10.0 1.0 2.0 1.0 3.0 1.0 3.0 5.0 5.0 6.0 6.0 10.0 6.0 5.0 2.0 8.0 7.0 9.0 9.0 4.0 4.0 10.0 8.0 8.0 7.0 5.0 5.0 8.0 6.0 3.0 7.0 1.0 2.0 2.0 8.0 6.0 10.0 7.0
20 1.0 1.0 10.0 5.0 8.0 3.0 6.0 2.0 1.0 1.0 10.0 1.0 3.0 9.0 6.0 5.0 8.0 4.0 5.0 0.0 3.0 1.0 10.0 5.0 8.0 5.0 10.0 8.0 5.0 7.0 9.0 4.0 10.0 2.0 1.0 3.0 6.0 9.0 2.0 8.0 1.0 5.0 8.0 1.0 7.0 1.0 7.0 2.0 7.0 4.0 9.0 8.0 4.0 4.0 1.0 5.0 9.0 8.0 10.0 6.0
21 2.0 9.0 5.0 5.0 10.0 4.0 10.0 2.0 7.0 1.0 7.0 2.0 9.0 7.0 3.0 7.0 2.0 7.0 7.0 3.0 0.0 6.0 5.0 8.0 3.0 7.0 1.0 6.0 8.0 8.0 8.0 4.0 6.0 10.0 1.0 7.0 4.0 8.0 6.0 3.0 2.0 3.0 8.0 1.0 7.0 5.0 9.0 9.0 10.0 3.0 9.0 3.0 8.0 3.0 8.0 1.0 6.0 6.0 8.0 4.0
22 10.0 2.0 9.0 6.0 2.0 4.0 3.0 4.0 5.0 2.0 5.0 4.0 6.0 9.0 4.0 5.0 10.0 5.0 7.0 1.0 6.0 0.0 5.0 4.0 2.0 5.0 6.0 1.0 4.0 8.0 8.0 1.0 4.0 4.0 7.0 3.0 9.0 10.0 3.0 9.0 9.0 10.0 1.0 5.0 9.0 1.0 10.0 10.0 10.0 2.0 3.0 3.0 2.0 8.0 10.0 8.0 4.0 1.0 9.0 10.0
23 5.0 7.0 7.0 3.0 7.0 10.0 10.0 7.0 7.0 3.0 8.0 5.0 8.0 1.0 2.0 4.0 8.0 2.0 10.0 10.0 5.0 5.0 0.0 3.0 8.0 2.0 8.0 8.0 7.0 2.0 9.0 5.0 10.0 6.0 1.0 3.0 9.0 4.0 3.0 4.0 8.0 9.0 6.0 10.0 4.0 4.0 9.0 10.0 2.0 9.0 4.0 1.0 5.0 8.0 4.0 8.0 8.0 8.0 8.0 7.0
24 9.0 2.0 4.0 7.0 1.0 3.0 1.0 10.0 7.0 7.0 2.0 4.0 5.0 10.0 10.0 6.0 4.0 7.0 1.0 5.0 8.0 4.0 3.0 0.0 3.0 4.0 3.0 3.0 7.0 7.0 2.0 1.0 7.0 8.0 7.0 5.0 2.0 9.0 6.0 9.0 5.0 9.0 3.0 10.0 5.0 3.0 6.0 8.0 1.0 3.0 8.0 6.0 7.0 6.0 10.0 4.0 1.0 4.0 4.0 6.0
25 4.0 10.0 10.0 7.0 7.0 6.0 7.0 10.0 5.0 5.0 7.0 5.0 2.0 1.0 10.0 1.0 3.0 7.0 2.0 8.0 3.0 2.0 8.0 3.0 0.0 4.0 1.0 2.0 7.0 6.0 9.0 1.0 3.0 2.0 4.0 4.0 3.0 4.0 10.0 7.0 8.0 2.0 7.0 6.0 1.0 3.0 7.0 6.0 6.0 5.0 5.0 5.0 3.0 10.0 9.0 1.0 9.0 5.0 7.0 7.0
26 1.0 2.0 1.0 10.0 4.0 3.0 2.0 5.0 3.0 8.0 9.0 9.0 5.0 8.0 8.0 4.0 5.0 3.0 1.0 5.0 7.0 5.0 2.0 4.0 4.0 0.0 2.0 5.0 4.0 5.0 4.0 6.0 3.0 7.0 6.0 4.0 7.0 8.0 2.0 7.0 10.0 4.0 10.0 4.0 9.0 6.0 2.0 10.0 4.0 2.0 10.0 5.0 4.0 6.0 2.0 8.0 10.0 5.0 6.0 7.0
27 3.0 4.0 5.0 1.0 1.0 7.0 2.0 10.0 10.0 1.0 6.0 9.0 2.0 7.0 10.0 1.0 7.0 3.0 3.0 10.0 1.0 6.0 8.0 3.0 1.0 2.0 0.0 7.0 10.0 8.0 6.0 1.0 9.0 9.0 5.0 1.0 10.0 9.0 2.0 2.0 8.0 8.0 2.0 3.0 10.0 2.0 8.0 2.0 5.0 4.0 7.0 5.0 3.0 3.0 8.0 2.0 3.0 3.0 1.0 4.0
28 3.0 5.0 1.0 6.0 7.0 1.0 8.0 8.0 7.0 1.0 6.0 10.0 5.0 6.0 5.0 6.0 6.0 9.0 1.0 8.0 6.0 1.0 8.0 3.0 2.0 5.0 7.0 0.0 1.0 4.0 1.0 8.0 2.0 3.0 3.0 9.0 3.0 4.0 6.0 8.0 8.0 3.0 2.0 3.0 1.0 9.0 2.0 3.0 3.0 2.0 2.0 4.0 5.0 4.0 5.0 7.0 8.0 3.0 4.0 1.0
29 6.0 8.0 10.0 3.0 7.0 9.0 1.0 9.0 1.0 3.0 6.0 6.0 4.0 5.0 2.0 1.0 10.0 6.0 3.0 5.0 8.0 4.0 7.0 7.0 7.0 4.0 10.0 1.0 0.0 6.0 1.0 7.0 1.0 7.0 1.0 7.0 4.0 4.0 4.0 10.0 4.0 6.0 1.0 9.0 8.0 5.0 4.0 7.0 6.0 10.0 9.0 2.0 1.0 8.0 2.0 3.0 10.0 10.0 3.0 9.0
30 4.0 9.0 6.0 2.0 9.0 8.0 6.0 5.0 10.0 10.0 8.0 5.0 8.0 9.0 9.0 4.0 9.0 9.0 5.0 7.0 8.0 8.0 2.0 7.0 6.0 5.0 8.0 4.0 6.0 0.0 1.0 10.0 8.0 5.0 2.0 10.0 10.0 4.0 7.0 9.0 6.0 5.0 3.0 7.0 2.0 7.0 8.0 6.0 4.0 2.0 4.0 9.0 1.0 9.0 2.0 5.0 3.0 9.0 1.0 4.0
31 2.0 5.0 2.0 5.0 2.0 9.0 4.0 5.0 7.0 8.0 3.0 5.0 8.0 3.0 1.0 5.0 3.0 7.0 5.0 9.0 8.0 8.0 9.0 2.0 9.0 4.0 6.0 1.0 1.0 1.0 0.0 9.0 8.0 3.0 8.0 6.0 8.0 9.0 5.0 2.0 3.0 7.0 2.0 1.0 1.0 10.0 6.0 2.0 8.0 3.0 5.0 4.0 10.0 9.0 2.0 7.0 3.0 9.0 6.0 1.0
32 9.0 7.0 8.0 8.0 5.0 10.0 9.0 1.0 2.0 10.0 4.0 2.0 2.0 7.0 7.0 9.0 4.0 4.0 6.0 4.0 4.0 1.0 5.0 1.0 1.0 6.0 1.0 8.0 7.0 10.0 9.0 0.0 8.0 8.0 2.0 2.0 4.0 6.0 6.0 8.0 2.0 7.0 9.0 4.0 3.0 10.0 1.0 7.0 7.0 7.0 4.0 7.0 3.0 7.0 6.0 6.0 9.0 3.0 2.0 8.0
33 6.0 1.0 6.0 2.0 3.0 6.0 4.0 1.0 1.0 5.0 10.0 8.0 10.0 10.0 8.0 2.0 6.0 1.0 6.0 10.0 6.0 4.0 10.0 7.0 3.0 3.0 9.0 2.0 1.0 8.0 8.0 8.0 0.0 4.0 6.0 9.0 5.0 6.0 7.0 9.0 7.0 8.0 10.0 7.0 1.0 9.0 1.0 3.0 1.0 4.0 6.0 5.0 1.0 6.0 3.0 8.0 3.0 10.0 9.0 4.0
34 10.0 5.0 2.0 6.0 9.0 3.0 8.0 7.0 1.0 3.0 5.0 1.0 1.0 6.0 6.0 6.0 3.0 1.0 10.0 2.0 10.0 4.0 6.0 8.0 2.0 7.0 9.0 3.0 7.0 5.0 3.0 8.0 4.0 0.0 10.0 2.0 1.0 10.0 9.0 3.0 6.0 5.0 8.0 2.0 8.0 9.0 5.0 6.0 7.0 3.0 8.0 2.0 2.0 5.0 6.0 7.0 2.0 7.0 3.0 4.0
35 6.0 6.0 2.0 8.0 5.0 10.0 6.0 3.0 10.0 8.0 7.0 6.0 9.0 4.0 10.0 4.0 3.0 3.0 6.0 1.0 1.0 7.0 1.0 7.0 4.0 6.0 5.0 3.0 1.0 2.0 8.0 2.0 6.0 10.0 0.0 3.0 8.0 3.0 4.0 8.0 2.0 10.0 4.0 1.0 10.0 3.0 9.0 4.0 4.0 9.0 1.0 7.0 3.0 9.0 5.0 9.0 6.0 4.0 4.0 8.0
36 4.0 10.0 5.0 8.0 9.0 9.0 4.0 5.0 3.0 1.0 1.0 2.0 9.0 5.0 10.0 7.0 9.0 8.0 5.0 3.0 7.0 3.0 3.0 5.0 4.0 4.0 1.0 9.0 7.0 10.0 6.0 2.0 9.0 2.0 3.0 0.0 10.0 9.0 7.0 5.0 4.0 6.0 8.0 9.0 10.0 10.0 4.0 10.0 7.0 7.0 10.0 4.0 4.0 8.0 4.0 5.0 5.0 2.0 1.0 2.0
37 1.0 6.0 10.0 4.0 7.0 2.0 9.0 8.0 1.0 6.0 5.0 7.0 7.0 5.0 7.0 3.0 2.0 10.0 2.0 6.0 4.0 9.0 9.0 2.0 3.0 7.0 10.0 3.0 4.0 10.0 8.0 4.0 5.0 1.0 8.0 10.0 0.0 5.0 5.0 1.0 9.0 5.0 4.0 9.0 7.0 5.0 8.0 9.0 1.0 8.0 6.0 9.0 5.0 1.0 10.0 8.0 2.0 4.0 5.0 1.0
38 5.0 1.0 7.0 8.0 1.0 7.0 1.0 1.0 5.0 1.0 1.0 2.0 10.0 7.0 3.0 4.0 3.0 8.0 8.0 9.0 8.0 10.0 4.0 9.0 4.0 8.0 9.0 4.0 4.0 4.0 9.0 6.0 6.0 10.0 3.0 9.0 5.0 0.0 1.0 2.0 3.0 7.0 10.0 7.0 2.0 5.0 3.0 8.0 10.0 5.0 8.0 2.0 5.0 10.0 1.0 8.0 3.0 8.0 1.0 1.0
39 3.0 1.0 7.0 5.0 6.0 3.0 9.0 1.0 5.0 7.0 2.0 4.0 6.0 4.0 8.0 9.0 4.0 1.0 7.0 2.0 6.0 3.0 3.0 6.0 10.0 2.0 2.0 6.0 4.0 7.0 5.0 6.0 7.0 9.0 4.0 7.0 5.0 1.0 0.0 8.0 9.0 4.0 9.0 3.0 8.0 5.0 10.0 3.0 3.0 9.0 6.0 7.0 2.0 4.0 1.0 5.0 4.0 1.0 8.0 9.0
40 10.0 1.0 7.0 2.0 7.0 2.0 8.0 5.0 2.0 2.0 10.0 4.0 10.0 10.0 6.0 7.0 9.0 9.0 9.0 8.0 3.0 9.0 4.0 9.0 7.0 7.0 2.0 8.0 10.0 9.0 2.0 8.0 9.0 3.0 8.0 5.0 1.0 2.0 8.0 0.0 9.0 3.0 10.0 3.0 2.0 4.0 10.0 7.0 9.0 2.0 5.0 8.0 10.0 3.0 1.0 8.0 5.0 9.0 8.0 3.0
41 3.0 5.0 5.0 8.0 9.0 7.0 6.0 6.0 8.0 9.0 2.0 8.0 3.0 1.0 9.0 5.0 10.0 7.0 9.0 1.0 2.0 9.0 8.0 5.0 8.0 10.0 8.0 8.0 4.0 6.0 3.0 2.0 7.0 6.0 2.0 4.0 9.0 3.0 9.0 9.0 0.0 4.0 1.0 9.0 7.0 4.0 1.0 8.0 2.0 1.0 1.0 9.0 8.0 5.0 2.0 4.0 5.0 9.0 8.0 1.0
42 5.0 9.0 6.0 8.0 10.0 4.0 10.0 10.0 4.0 6.0 2.0 2.0 9.0 2.0 4.0 4.0 6.0 8.0 4.0 5.0 3.0 10.0 9.0 9.0 2.0 4.0 8.0 3.0 6.0 5.0 7.0 7.0 8.0 5.0 10.0 6.0 5.0 7.0 4.0 3.0 4.0 0.0 2.0 10.0 9.0 8.0 5.0 4.0 9.0 8.0 4.0 7.0 3.0 7.0 7.0 4.0 7.0 10.0 2.0 1.0
43 7.0 2.0 4.0 8.0 2.0 3.0 8.0 8.0 5.0 9.0 5.0 3.0 4.0 2.0 5.0 8.0 5.0 5.0 4.0 8.0 8.0 1.0 6.0 3.0 7.0 10.0 2.0 2.0 1.0 3.0 2.0 9.0 10.0 8.0 4.0 8.0 4.0 10.0 9.0 10.0 1.0 2.0 0.0 5.0 1.0 8.0 9.0 5.0 8.0 1.0 6.0 5.0 5.0 10.0 9.0 9.0 5.0 9.0 7.0 7.0
44 2.0 8.0 2.0 9.0 3.0 5.0 8.0 2.0 1.0 2.0 9.0 7.0 6.0 2.0 3.0 8.0 10.0 8.0 10.0 1.0 1.0 5.0 10.0 10.0 6.0 4.0 3.0 3.0 9.0 7.0 1.0 4.0 7.0 2.0 1.0 9.0 9.0 7.0 3.0 3.0 9.0 10.0 5.0 0.0 7.0 1.0 8.0 5.0 1.0 5.0 5.0 6.0 8.0 1.0 4.0 7.0 9.0 10.0 10.0 6.0
45 1.0 9.0 7.0 9.0 1.0 3.0 7.0 4.0 5.0 6.0 10.0 5.0 8.0 3.0 3.0 5.0 6.0 4.0 8.0 7.0 7.0 9.0 4.0 5.0 1.0 9.0 10.0 1.0 8.0 2.0 1.0 3.0 1.0 8.0 10.0 10.0 7.0 2.0 8.0 2.0 7.0 9.0 1.0 7.0 0.0 1.0 4.0 6.0 1.0 8.0 3.0 10.0 1.0 6.0 1.0 4.0 7.0 1.0 3.0 9.0
46 7.0 1.0 9.0 6.0 8.0 4.0 10.0 1.0 1.0 3.0 7.0 8.0 10.0 4.0 9.0 10.0 1.0 10.0 8.0 1.0 5.0 1.0 4.0 3.0 3.0 6.0 2.0 9.0 5.0 7.0 10.0 10.0 9.0 9.0 3.0 10.0 5.0 5.0 5.0 4.0 4.0 8.0 8.0 1.0 1.0 0.0 5.0 5.0 5.0 10.0 5.0 1.0 7.0 8.0 1.0 2.0 8.0 6.0 7.0 1.0
47 6.0 7.0 9.0 5.0 9.0 8.0 2.0 6.0 5.0 4.0 3.0 6.0 10.0 5.0 8.0 6.0 8.0 1.0 7.0 7.0 9.0 10.0 9.0 6.0 7.0 2.0 8.0 2.0 4.0 8.0 6.0 1.0 1.0 5.0 9.0 4.0 8.0 3.0 10.0 10.0 1.0 5.0 9.0 8.0 4.0 5.0 0.0 2.0 1.0 9.0 3.0 6.0 7.0 8.0 6.0 1.0 2.0 9.0 6.0 6.0
48 9.0 7.0 9.0 9.0 8.0 9.0 6.0 5.0 1.0 1.0 3.0 3.0 3.0 1.0 5.0 7.0 3.0 10.0 5.0 2.0 9.0 10.0 10.0 8.0 6.0 10.0 2.0 3.0 7.0 6.0 2.0 7.0 3.0 6.0 4.0 10.0 9.0 8.0 3.0 7.0 8.0 4.0 5.0 5.0 6.0 5.0 2.0 0.0 10.0 8.0 9.0 5.0 4.0 3.0 7.0 5.0 3.0 4.0 9.0 9.0
49 9.0 3.0 7.0 2.0 7.0 1.0 10.0 5.0 1.0 1.0 10.0 6.0 9.0 1.0 10.0 10.0 7.0 4.0 5.0 7.0 10.0 10.0 2.0 1.0 6.0 4.0 5.0 3.0 6.0 4.0 8.0 7.0 1.0 7.0 4.0 7.0 1.0 10.0 3.0 9.0 2.0 9.0 8.0 1.0 1.0 5.0 1.0 10.0 0.0 5.0 2.0 5.0 8.0 8.0 9.0 9.0 8.0 8.0 7.0 8.0
50 7.0 8.0 1.0 10.0 1.0 9.0 6.0 4.0 9.0 10.0 1.0 2.0 2.0 7.0 10.0 8.0 6.0 10.0 8.0 4.0 3.0 2.0 9.0 3.0 5.0 2.0 4.0 2.0 10.0 2.0 3.0 7.0 4.0 3.0 9.0 7.0 8.0 5.0 9.0 2.0 1.0 8.0 1.0 5.0 8.0 10.0 9.0 8.0 5.0 0.0 5.0 2.0 3.0 8.0 3.0 7.0 2.0 3.0 9.0 10.0
51 2.0 7.0 7.0 1.0 10.0 10.0 7.0 5.0 7.0 1.0 8.0 5.0 6.0 10.0 3.0 3.0 10.0 6.0 6.0 9.0 9.0 3.0 4.0 8.0 5.0 10.0 7.0 2.0 9.0 4.0 5.0 4.0 6.0 8.0 1.0 10.0 6.0 8.0 6.0 5.0 1.0 4.0 6.0 5.0 3.0 5.0 3.0 9.0 2.0 5.0 0.0 9.0 2.0 8.0 2.0 5.0 1.0 4.0 9.0 8.0
52 4.0 4.0 9.0 7.0 8.0 9.0 8.0 9.0 5.0 8.0 3.0 9.0 5.0 8.0 6.0 4.0 1.0 1.0 3.0 8.0 3.0 3.0 1.0 6.0 5.0 5.0 5.0 4.0 2.0 9.0 4.0 7.0 5.0 2.0 7.0 4.0 9.0 2.0 7.0 8.0 9.0 7.0 5.0 6.0 10.0 1.0 6.0 5.0 5.0 2.0 9.0 0.0 10.0 5.0 8.0 4.0 3.0 6.0 9.0 7.0
53 7.0 10.0 9.0 7.0 8.0 3.0 8.0 7.0 7.0 5.0 4.0 6.0 7.0 8.0 2.0 5.0 5.0 10.0 7.0 4.0 8.0 2.0 5.0 7.0 3.0 4.0 3.0 5.0 1.0 1.0 10.0 3.0 1.0 2.0 3.0 4.0 5.0 5.0 2.0 10.0 8.0 3.0 5.0 8.0 1.0 7.0 7.0 4.0 8.0 3.0 2.0 10.0 0.0 7.0 2.0 9.0 4.0 8.0 7.0 3.0
54 1.0 3.0 2.0 3.0 6.0 8.0 3.0 7.0 9.0 6.0 7.0 8.0 6.0 5.0 5.0 3.0 7.0 9.0 1.0 4.0 3.0 8.0 8.0 6.0 10.0 6.0 3.0 4.0 8.0 9.0 9.0 7.0 6.0 5.0 9.0 8.0 1.0 10.0 4.0 3.0 5.0 7.0 10.0 1.0 6.0 8.0 8.0 3.0 8.0 8.0 8.0 5.0 7.0 0.0 5.0 5.0 5.0 8.0 9.0 10.0
55 4.0 6.0 8.0 3.0 9.0 3.0 10.0 9.0 9.0 3.0 9.0 1.0 2.0 8.0 3.0 4.0 3.0 2.0 2.0 1.0 8.0 10.0 4.0 10.0 9.0 2.0 8.0 5.0 2.0 2.0 2.0 6.0 3.0 6.0 5.0 4.0 10.0 1.0 1.0 1.0 2.0 7.0 9.0 4.0 1.0 1.0 6.0 7.0 9.0 3.0 2.0 8.0 2.0 5.0 0.0 1.0 1.0 3.0 10.0 7.0
56 5.0 6.0 7.0 1.0 9.0 5.0 10.0 8.0 4.0 2.0 7.0 2.0 5.0 2.0 7.0 4.0 7.0 4.0 2.0 5.0 1.0 8.0 8.0 4.0 1.0 8.0 2.0 7.0 3.0 5.0 7.0 6.0 8.0 7.0 9.0 5.0 8.0 8.0 5.0 8.0 4.0 4.0 9.0 7.0 4.0 2.0 1.0 5.0 9.0 7.0 5.0 4.0 9.0 5.0 1.0 0.0 7.0 7.0 6.0 2.0
57 3.0 8.0 8.0 2.0 8.0 1.0 9.0 1.0 3.0 9.0 2.0 4.0 3.0 10.0 4.0 4.0 2.0 5.0 8.0 9.0 6.0 4.0 8.0 1.0 9.0 10.0 3.0 8.0 10.0 3.0 3.0 9.0 3.0 2.0 6.0 5.0 2.0 3.0 4.0 5.0 5.0 7.0 5.0 9.0 7.0 8.0 2.0 3.0 8.0 2.0 1.0 3.0 4.0 5.0 1.0 7.0 0.0 4.0 10.0 9.0
58 2.0 9.0 5.0 10.0 2.0 4.0 4.0 2.0 8.0 2.0 3.0 10.0 10.0 7.0 10.0 7.0 10.0 4.0 6.0 8.0 6.0 1.0 8.0 4.0 5.0 5.0 3.0 3.0 10.0 9.0 9.0 3.0 10.0 7.0 4.0 2.0 4.0 8.0 1.0 9.0 9.0 10.0 9.0 10.0 1.0 6.0 9.0 4.0 8.0 3.0 4.0 6.0 8.0 8.0 3.0 7.0 4.0 0.0 9.0 3.0
59 10.0 9.0 9.0 5.0 5.0 10.0 7.0 1.0 7.0 1.0 1.0 10.0 4.0 8.0 6.0 7.0 4.0 3.0 10.0 10.0 8.0 9.0 8.0 4.0 7.0 6.0 1.0 4.0 3.0 1.0 6.0 2.0 9.0 3.0 4.0 1.0 5.0 1.0 8.0 8.0 8.0 2.0 7.0 10.0 3.0 7.0 6.0 9.0 7.0 9.0 9.0 9.0 7.0 9.0 10.0 6.0 10.0 9.0 0.0 3.0
60 4.0 2.0 9.0 4.0 10.0 3.0 7.0 6.0 8.0 6.0 8.0 3.0 5.0 7.0 1.0 3.0 2.0 10.0 7.0 6.0 4.0 10.0 7.0 6.0 7.0 7.0 4.0 1.0 9.0 4.0 1.0 8.0 4.0 4.0 8.0 2.0 1.0 1.0 9.0 3.0 1.0 1.0 7.0 6.0 9.0 1.0 6.0 9.0 8.0 10.0 8.0 7.0 3.0 10.0 7.0 2.0 9.0 3.0 3.0 0.0
