50
1 0.0 0.019444268 0.0119437608 0.0176553146 0.0315584961 0.0239215406 0.0169066551 0.0309198297 0.0238522501 0.0143689875 0.0129331061 0.0179518717 0.026917146 0.0136729769 0.0236100544 0.0208954148 0.0342923194 0.0098919646 0.0234285459 0.0146567705 0.0289526459 0.0224109323 0.0278328104 0.0130495965 0.0209505386 0.0072712693 0.0239074812 0.01658717 0.0296462456 0.0177472005 0.0318573004 0.0236144532 0.0280943131 0.0184163361 0.0212035554 0.0189932149 0.0204589186 0.013392412 0.0262163545 0.0114923193 0.0206452832 0.0336420589 0.0196432181 0.01538442 0.0156011392 0.0172791068 0.0250272298 0.0065240389 0.0228524088 0.0124847555
2 0.019444268 0.0 0.0371935381 0.0051201548 0.0273785167 0.025817596 0.0175731413 0.0214975308 0.0185610506 0.0143277895 0.0169004946 0.0362828199 0.0267366941 0.026225877 0.0271827403 0.021732272 0.0023238407 0.0249712219 0.0024094266 0.0200667706 0.0275607336 0.0225886553 0.0313239365 0.0181486886 0.012343481 0.0114608868 0.0246904849 0.0187917556 0.0374054195 0.0308656851 0.0169901062 0.0124129899 0.0010326397 0.0093186833 0.0307770395 0.0261745013 0.0100974492 0.0023238789 0.0198204003 0.0341472008 0.013718849 0.0266879314 0.0270920512 0.0291360807 0.0124957266 0.0254527461 0.0179796276 0.0162736271 0.0226931829 0.0184498179
3 0.0119437608 0.0371935381 0.0 0.0047451504 0.0158859144 0.0179106203 0.0208170429 0.0130375054 0.0136283966 0.0271885905 0.0207259631 0.0139041245 0.0093357905 0.0172506781 0.0350578809 0.0182943766 0.0063117273 0.029437923 0.023803055 0.0196797376 0.0239191627 0.0353784203 0.0234944523 0.0060516579 0.0257543307 0.0294240368 0.025834779 0.024243525 0.0375790883 0.011919327 0.0134665443 0.0291039803 0.0166535898 0.0089850243 0.0318085974 0.0159650789 0.0137609296 0.022236353 0.0203993894 0.0274385414 0.0051117183 0.0134434617 0.0330580676 0.0252333096 0.0192272318 0.018776806 0.0307464827 0.0104927224 0.0204221625 0.0239194529
4 0.0176553146 0.0051201548 0.0047451504 0.0 0.0302535734 0.0221364041 0.0314202961 0.0079841345 0.0225993072 0.0102935203 0.0095525225 0.0234371558 0.0041426638 0.0218868213 0.0074713479 0.0276943826 0.0265557476 0.0257357415 0.0314240041 0.0180751573 0.0256121982 0.0128218215 0.0312791511 0.0280021854 0.0225357048 0.0247259068 0.0097752965 0.0176448965 0.0283074898 0.0180018658 0.0198677705 0.0074193391 0.0144595588 0.0216953357 0.0158926454 0.0202721952 0.0163870029 0.0068979764 0.0195026162 0.0243601859 0.0371062227 0.025485548 0.02099072 0.0138082691 0.0316189685 0.0377179534 0.0247586804 0.0202362501 0.0109704636 0.0436623821
5 0.0315584961 0.0273785167 0.0158859144 0.0302535734 0.0 0.0292470849 0.0326203088 0.0158994568 0.0190489136 0.0235570387 0.0051399094 0.0207200402 0.0289413309 0.0049070595 0.0308558244 0.0078713064 0.0066878304 0.0205089091 0.0050661909 0.0096641819 0.0326055788 0.0166369211 0.0256303703 0.0202240618 0.0265506654 0.0272278041 0.027843974 0.0066549644 0.0112776211 0.0326730203 0.0063847361 0.013870047 0.0447906242 0.0201909776 0.0112504266 0.0220876547 0.0170970758 0.0087223464 0.0015187372 0.0262446901 0.0319676144 0.0248416265 0.0205350525 0.0311840986 0.0375103205 0.0211284482 0.0211707007 0.0256563638 0.0069928175 0.0137187738
6 0.0239215406 0.025817596 0.0179106203 0.0221364041 0.0292470849 0.0 0.0170566865 0.0259513312 0.0380943787 0.0307468956 0.0213095467 0.0144102712 0.0178599858 0.0139621264 0.0132466755 0.0084212157 0.0181214876 0.0185754351 0.020022201 0.009871599 0.0210600903 0.013276571 0.0253474048 0.0258637563 0.0263400849 0.0236268151 0.0137795683 0.0205814747 0.0252734191 0.0289774046 0.0264348735 0.0018603626 0.0260116774 0.0188756629 0.0191395004 0.0222193926 0.0225957846 0.0313828053 0.0117563307 0.0099416324 0.0260895039 0.0198686561 0.0130663178 0.0242217533 0.0295949304 0.020267754 0.0104556148 0.0225143216 0.0099428417 0.022950613
7 0.0169066551 0.0175731413 0.0208170429 0.0314202961 0.0326203088 0.0170566865 0.0 0.029866071 0.0108937724 0.0178702374 0.0349604103 0.0268477352 0.0089155861 0.0168048052 0.0204917818 0.0316249262 0.0254213915 0.0066430607 0.0259016732 0.0321149584 0.0102330366 0.0073484637 0.0023767282 0.0340658355 0.0048761354 0.0271846665 0.020918544 0.0225446939 0.008614213 0.0307217996 0.029257446 0.0181696953 0.022638729 0.0229428728 0.0131141481 0.0160703785 0.0108281538 0.0308893845 0.010843947 0.0156209551 0.0205855727 0.0230565165 0.0231408285 0.0220579854 0.0256718995 0.0146184636 0.0048434861 0.025392023 0.0207781935 0.0358446648
8 0.0309198297 0.0214975308 0.0130375054 0.0079841345 0.0158994568 0.0259513312 0.029866071 0.0 0.0133327531 0.0251300506 0.0119635268 0.0227380587 0.0107328015 0.0252178184 0.0069907991 0.0320878656 0.0227439094 0.0243942375 0.013212241 0.0316151318 0.0160815994 0.0279350066 0.0199035625 0.0150950064 0.0275788874 0.0231611959 0.0301598186 0.0175462893 0.020296023 0.0133162901 0.0071119315 0.0118788363 0.0241521023 0.0070544764 0.0229389914 0.0174397007 0.0166202389 0.0350963407 0.0121784113 0.0319992313 0.0224023925 0.0245632809 0.0195542339 0.0286374805 0.0027981957 0.0247227724 0.0313943046 0.034469655 0.0136104365 0.0149882552
9 0.0238522501 0.0185610506 0.0136283966 0.0225993072 0.0190489136 0.0380943787 0.0108937724 0.0133327531 0.0 0.013742489 0.0306155467 0.0159881474 0.0318759387 0.0321071682 0.0150554532 0.0198188599 0.0333150883 0.0093134948 0.0267797371 0.0036442758 0.012816726 0.0295046426 0.0180377875 0.0153562139 0.0298762537 0.0243385602 0.0337574036 0.0207167737 0.0203375044 0.0073545822 0.0166459269 0.0204530158 0.0146086947 0.0253413392 0.026226842 0.0220942943 0.0088785227 0.0199137904 0.0180529089 0.0175527618 0.0180995828 0.0081374016 0.0064867905 0.009999298 0.0087583138 0.0353057085 0.0283208563 0.0342538345 0.0229711144 0.0335355334
10 0.0143689875 0.0143277895 0.0271885905 0.0102935203 0.0235570387 0.0307468956 0.0178702374 0.0251300506 0.013742489 0.0 0.0210955293 0.0214060518 0.0257085414 0.019034131 0.0222308736 0.0130125076 0.0327247569 0.0321123687 0.018962855 0.0160448798 0.0322448456 0.0093537039 0.0047535476 0.0138276075 0.0281306131 0.0222284469 0.0220468448 0.0209676628 0.0163907401 0.0153992984 0.0228592186 0.0241675254 0.0161913855 0.027371779 0.0308056562 0.0170078709 0.0236896841 0.0111995215 0.022262558 0.0116728558 0.0191354012 0.0312838585 0.019234027 0.027812322 0.0099311375 0.0243585819 0.0219949495 0.0266141741 0.0156895992 0.0118164892
11 0.0129331061 0.0169004946 0.0207259631 0.0095525225 0.0051399094 0.0213095467 0.0349604103 0.0119635268 0.0306155467 0.0210955293 0.0 0.0198774078 0.0144380059 0.0219886784 0.0262007926 0.0027842992 0.0239588313 0.0267068003 0.0257016493 0.0123018418 0.025785843 0.0163243868 0.0304736363 0.0324808269 0.0121456992 0.0241718432 0.032805115 0.0218173449 0.0129028115 0.0282880834 0.0201530203 0.0292036977 0.0171191731 0.0190150441 0.0118723698 0.0150699813 0.0150361828 0.0216910855 0.0240205544 0.0239020645 0.0205271514 0.0308803692 0.0216242645 0.0174925619 0.0297320681 0.0094411586 0.0089064829 0.0104578252 0.0322576529 0.0252468395
12 0.0179518717 0.0362828199 0.0139041245 0.0234371558 0.0207200402 0.0144102712 0.0268477352 0.0227380587 0.0159881474 0.0214060518 0.0198774078 0.0 0.0310289672 0.0226549955 0.0185814903 0.0275506646 0.0321988939 0.0220788396 0.0259875691 0.033631164 0.0022393992 0.0216818107 0.0131224944 0.006696194 0.016366567 0.0186482339 0.033696589 0.0278592248 0.0202907508 0.0154231164 0.0227205499 0.0293802293 0.0225822181 0.0039938057 0.030450715 0.0202567393 0.0224572374 0.0222847816 0.0075055072 0.0139649432 0.0201490656 0.0236607227 0.0221905473 0.0053953851 0.0121573183 0.0217808468 0.0272956881 0.0215528085 0.0169497367 0.0099705058
13 0.026917146 0.0267366941 0.0093357905 0.0041426638 0.0289413309 0.0178599858 0.0089155861 0.0107328015 0.0318759387 0.0257085414 0.0144380059 0.0310289672 0.0 0.026529548 0.0184665538 0.0226731954 0.0168776778 0.021758661 0.0226062404 0.034285218 0.0214800521 0.0041391019 0.017886271 0.0114582408 0.0086448854 0.0113817622 0.0335963594 0.0367156553 0.0249245424 0.0293756934 0.0193153055 0.0249438266 0.0264057702 0.016939585 0.0123702534 0.0245068339 0.0173668534 0.0269726576 0.0206431993 0.0253965531 0.0048172189 0.0163299435 0.0145631591 0.0231322805 0.013172695 0.0288882813 0.0203927744 0.0171640791 0.0206997554 0.0265458646
14 0.0136729769 0.026225877 0.0172506781 0.0218868213 0.0049070595 0.0139621264 0.0168048052 0.0252178184 0.0321071682 0.019034131 0.0219886784 0.0226549955 0.026529548 0.0 0.009850045 0.0173219344 0.0187641638 0.026550956 0.0185038908 0.0279060817 0.0256473107 0.019779318 0.003055564 0.0401409584 0.0252038574 0.0292317538 0.0083552294 0.0333010375 0.0117589742 0.0154549631 0.0143416281 0.0097386937 0.0228099198 0.0273147006 0.0201559919 0.0379558729 0.0187112399 0.0046704404 0.0212525771 0.0086836194 0.0306132086 0.0245891451 0.0107853631 0.0303802675 0.004346471 0.0254169521 0.022650182 0.0202723262 0.0225744606 0.0296682176
15 0.0236100544 0.0271827403 0.0350578809 0.0074713479 0.0308558244 0.0132466755 0.0204917818 0.0069907991 0.0150554532 0.0222308736 0.0262007926 0.0185814903 0.0184665538 0.009850045 0.0 0.0147635413 0.0256320623 0.0142992906 0.0357625168 0.0135552185 0.0152637663 0.0342210862 0.0199769206 0.0275209919 0.0133717014 0.019547754 0.0232013736 0.0287338601 0.0162703151 0.0147802883 0.0210525873 0.0323070314 0.0206453799 0.0172168401 0.008038981 0.0204426001 0.0189110038 0.0219175837 0.0265645426 0.0311728382 0.018491131 0.0193744141 0.0204104201 0.0166531339 0.022176487 0.0212049105 0.0267374304 0.0020452695 0.0287280073 0.0137164083
16 0.0208954148 0.021732272 0.0182943766 0.0276943826 0.0078713064 0.0084212157 0.0316249262 0.0320878656 0.0198188599 0.0130125076 0.0027842992 0.0275506646 0.0226731954 0.0173219344 0.0147635413 0.0 0.0209560243 0.0153542723 0.009527284 0.0204162713 0.0242610731 0.0230999098 0.0126879796 0.0171444381 0.0318000302 0.0169894165 0.0201350543 0.032376273 0.0181069981 0.0121007834 0.0145306815 0.0162773666 0.0106925305 0.0162003776 0.0302680938 0.0229505928 0.032309495 0.014006564 0.0223683345 0.0122667676 0.0286766342 0.0090944822 0.0221543698 0.03611151 0.0325914277 0.0118030065 0.0235806827 0.0332866893 0.0193616925 0.0299661311
17 0.0342923194 0.0023238407 0.0063117273 0.0265557476 0.0066878304 0.0181214876 0.0254213915 0.0227439094 0.0333150883 0.0327247569 0.0239588313 0.0321988939 0.0168776778 0.0187641638 0.0256320623 0.0209560243 0.0 0.0264302264 0.0206624538 0.0142177949 0.0110229008 0.0174119509 0.0393077034 0.0110087485 0.0283542782 0.0224832277 0.0215764445 0.0108079086 0.0298345092 0.0177366181 0.0222912392 0.017773348 0.0151568137 0.0365483089 0.0229020614 0.0022411735 0.0298405351 0.0320723835 0.0211415047 0.0200142995 0.0259716748 0.0068450891 0.0082293802 0.0320280738 0.0152455755 0.0211910574 0.0090668403 0.0067757406 0.02071501 0.0162093735
18 0.0098919646 0.0249712219 0.029437923 0.0257357415 0.0205089091 0.0185754351 0.0066430607 0.0243942375 0.0093134948 0.0321123687 0.0267068003 0.0220788396 0.021758661 0.026550956 0.0142992906 0.0153542723 0.0264302264 0.0 0.0165376891 0.0290816467 0.0312718642 0.0235033277 0.0224589475 0.037818564 0.0121111142 0.0323682581 0.016110417 0.0254982736 0.0122329006 0.0236029586 0.0255854431 0.0052705269 0.0206019213 0.0104768487 0.0284429286 0.0213857327 0.0228839419 0.0188485857 0.0306440672 0.0056149417 0.0315120665 0.015149903 0.0136771769 0.0080672143 0.0328641145 0.0091846186 0.0209341445 0.0104607987 0.0222208023 0.0088148582
19 0.0234285459 0.0024094266 0.023803055 0.0314240041 0.0050661909 0.020022201 0.0259016732 0.013212241 0.0267797371 0.018962855 0.0257016493 0.0259875691 0.0226062404 0.0185038908 0.0357625168 0.009527284 0.0206624538 0.0165376891 0.0 0.0246349615 0.0299782166 0.0172234966 0.01356237 0.0078599764 0.0134772312 0.0109697389 0.0240478288 0.0149053476 0.027913882 0.0303669019 0.008010138 0.0218829373 0.037935039 0.0069050626 0.0240710613 0.0258400582 0.0175695474 0.0224946582 0.0273653747 0.0347786543 0.0133569637 0.0054255941 0.0176486424 0.0059336834 0.0214106832 0.0195980275 0.0333092232 0.0350343391 0.0201237099 0.0200674275
20 0.0146567705 0.0200667706 0.0196797376 0.0180751573 0.0096641819 0.009871599 0.0321149584 0.0316151318 0.0036442758 0.0160448798 0.0123018418 0.033631164 0.034285218 0.0279060817 0.0135552185 0.0204162713 0.0142177949 0.0290816467 0.0246349615 0.0 0.0157469287 0.0317802571 0.0190834269 0.0139172346 0.0139158632 0.0245414647 0.035665071 0.0196169511 0.0231020983 0.0088103874 0.0181466328 0.0061956624 0.0214938781 0.0332671502 0.0118034171 0.0142494915 0.0209929777 0.0378192406 0.0187299927 0.013232515 0.020659586 0.0226629373 0.0206199538 0.0152103825 0.0240265459 0.0231472678 0.0312583191 0.0202894756 0.016997635 0.0175535949
21 0.0289526459 0.0275607336 0.0239191627 0.0256121982 0.0326055788 0.0210600903 0.0102330366 0.0160815994 0.012816726 0.0322448456 0.025785843 0.0022393992 0.0214800521 0.0256473107 0.0152637663 0.0242610731 0.0110229008 0.0312718642 0.0299782166 0.0157469287 0.0 0.0345634175 0.0052458157 0.0261299522 0.0226517317 0.0305437878 0.0043216392 0.0133653155 0.0047511239 0.0122931703 0.0238018875 0.0138421947 0.0424345529 0.0366199851 0.0277432695 0.0254955728 0.0132012013 0.0069750703 0.0166383075 0.0202910515 0.0173719916 0.0081103609 0.0209398324 0.013229211 0.021553469 0.033692861 0.0211629277 0.018600419 0.0274259446 0.0032199643
22 0.0224109323 0.0225886553 0.0353784203 0.0128218215 0.0166369211 0.013276571 0.0073484637 0.0279350066 0.0295046426 0.0093537039 0.0163243868 0.0216818107 0.0041391019 0.019779318 0.0342210862 0.0230999098 0.0174119509 0.0235033277 0.0172234966 0.0317802571 0.0345634175 0.0 0.023569225 0.0204811365 0.0329818359 0.0012833927 0.0310527094 0.0231262386 0.0067540139 0.0177780307 0.0282525198 0.0121420447 0.022095269 0.0214441243 0.0247121425 0.0239607572 0.0147674309 0.015410869 0.0337590144 0.013744994 0.0238775429 0.0356485041 0.0133703651 0.0169169696 0.0249971489 0.0159553822 0.0151524119 0.0149693165 0.0140960338 0.0167173752
23 0.0278328104 0.0313239365 0.0234944523 0.0312791511 0.0256303703 0.0253474048 0.0023767282 0.0199035625 0.0180377875 0.0047535476 0.0304736363 0.0131224944 0.017886271 0.003055564 0.0199769206 0.0126879796 0.0393077034 0.0224589475 0.01356237 0.0190834269 0.0052458157 0.023569225 0.0 0.0162232098 0.0144343488 0.0226911252 0.0170768267 0.0269458134 0.0283029386 0.0255931234 0.0116379534 0.0191103199 0.0211419875 0.0239007957 0.0126093451 0.0336334658 0.0187492346 0.0298251805 0.0330222634 0.0251287711 0.0193304094 0.0175766893 0.0179898474 0.0371341887 0.0040628872 0.0123604934 0.0187641837 0.0162547363 0.017499365 0.0285903912
24 0.0130495965 0.0181486886 0.0060516579 0.0280021854 0.0202240618 0.0258637563 0.0340658355 0.0150950064 0.0153562139 0.0138276075 0.0324808269 0.006696194 0.0114582408 0.0401409584 0.0275209919 0.0171444381 0.0110087485 0.037818564 0.0078599764 0.0139172346 0.0261299522 0.0204811365 0.0162232098 0.0 0.0275477234 0.0260520761 0.0257970839 0.0078690927 0.0333192959 0.0168957447 0.0144482632 0.0203805817 0.0139394569 0.0173574223 0.028476985 0.0337625345 0.0224676803 0.0253691065 0.0262518252 0.0107165804 0.0138198984 0.0170229429 0.019707963 0.0212329902 0.0282865031 0.0168185232 0.0236020964 0.0098292265 0.0200032766 0.0204600452
25 0.0209505386 0.012343481 0.0257543307 0.0225357048 0.0265506654 0.0263400849 0.0048761354 0.0275788874 0.0298762537 0.0281306131 0.0121456992 0.016366567 0.0086448854 0.0252038574 0.0133717014 0.0318000302 0.0283542782 0.0121111142 0.0134772312 0.0139158632 0.0226517317 0.0329818359 0.0144343488 0.0275477234 0.0 0.0217299691 0.0168578564 0.0088835327 0.0346719507 0.0256241516 0.0265910566 0.0150453121 0.0087041154 0.0127385159 0.0277117381 0.0232727171 0.0351664869 0.0120717939 0.0350943516 0.0181813514 0.0019243448 0.0361566577 0.0121197726 0.0198902938 0.0190985313 0.0102563763 0.0144445102 0.0109818697 0.0274260356 0.0274131463
26 0.0072712693 0.0114608868 0.0294240368 0.0247259068 0.0272278041 0.0236268151 0.0271846665 0.0231611959 0.0243385602 0.0222284469 0.0241718432 0.0186482339 0.0113817622 0.0292317538 0.019547754 0.0169894165 0.0224832277 0.0323682581 0.0109697389 0.0245414647 0.0305437878 0.0012833927 0.0226911252 0.0260520761 0.0217299691 0.0 0.0320502741 0.0261896992 0.0068534065 0.0210783206 0.0193374985 0.0216323798 0.0225165723 0.026519344 0.0182146308 0.0061657663 0.0222436795 0.018189043 0.0207639463 0.0256884163 0.0245644532 0.019593676 0.0219792671 0.0197798235 0.0046229797 0.0087522414 0.0261144349 0.0177830406 0.0280633196 0.0080203946
27 0.0239074812 0.0246904849 0.025834779 0.0097752965 0.027843974 0.0137795683 0.020918544 0.0301598186 0.0337574036 0.0220468448 0.032805115 0.033696589 0.0335963594 0.0083552294 0.0232013736 0.0201350543 0.0215764445 0.016110417 0.0240478288 0.035665071 0.0043216392 0.0310527094 0.0170768267 0.0257970839 0.0168578564 0.0320502741 0.0 0.0134423539 0.0332686789 0.0268323614 0.0246306869 0.0307483736 0.0030429515 0.005025332 0.0266845794 0.0288617859 0.0231962236 0.0123360308 0.0210477503 0.0077256899 0.011745011 0.019438579 0.0179056467 0.0062274531 0.014371402 0.0143322912 0.0102424285 0.0121829803 0.0124598819 0.0151914614
28 0.01658717 0.0187917556 0.024243525 0.0176448965 0.0066549644 0.0205814747 0.0225446939 0.0175462893 0.0207167737 0.0209676628 0.0218173449 0.0278592248 0.0367156553 0.0333010375 0.0287338601 0.032376273 0.0108079086 0.0254982736 0.0149053476 0.0196169511 0.0133653155 0.0231262386 0.0269458134 0.0078690927 0.0088835327 0.0261896992 0.0134423539 0.0 0.023463686 0.0155662489 0.0191096884 0.0132784803 0.0240485542 0.0334666189 0.0142555934 0.0347075448 0.0333641002 0.0266325032 0.0044456269 0.033899214 0.0104709539 0.0062931863 0.0085154385 0.0168922209 0.0131450027 0.0120490134 0.0231894086 0.0193803846 0.0278725321 0.0282208713
29 0.0296462456 0.0374054195 0.0375790883 0.0283074898 0.0112776211 0.0252734191 0.008614213 0.020296023 0.0203375044 0.0163907401 0.0129028115 0.0202907508 0.0249245424 0.0117589742 0.0162703151 0.0181069981 0.0298345092 0.0122329006 0.027913882 0.0231020983 0.0047511239 0.0067540139 0.0283029386 0.0333192959 0.0346719507 0.0068534065 0.0332686789 0.023463686 0.0 0.0218253822 0.0327209502 0.0143574666 0.0066966452 0.0291767174 0.0179912681 0.0031482408 0.0156053314 0.0305362537 0.0247055557 0.0339629616 0.0154836582 0.0108251079 0.0176328056 0.0168430015 0.0235601667 0.0193142005 0.004391833 0.0072245522 0.0139880121 0.036159249
30 0.0177472005 0.0308656851 0.011919327 0.0180018658 0.0326730203 0.0289774046 0.0307217996 0.0133162901 0.0073545822 0.0153992984 0.0282880834 0.0154231164 0.0293756934 0.0154549631 0.0147802883 0.0121007834 0.0177366181 0.0236029586 0.0303669019 0.0088103874 0.0122931703 0.0177780307 0.0255931234 0.0168957447 0.0256241516 0.0210783206 0.0268323614 0.0155662489 0.0218253822 0.0 0.0252424098 0.0211173883 0.0270972331 0.0131100253 0.0188796552 0.0249435726 0.0152755339 0.0232328095 0.0239667446 0.0288550835 0.0208456369 0.020161608 0.0146434011 0.0194442835 0.0113292723 0.020476394 0.0252238735 0.0264754267 0.0173643952 0.0159124517
31 0.0318573004 0.0169901062 0.0134665443 0.0198677705 0.0063847361 0.0264348735 0.029257446 0.0071119315 0.0166459269 0.0228592186 0.0201530203 0.0227205499 0.0193153055 0.0143416281 0.0210525873 0.0145306815 0.0222912392 0.0255854431 0.008010138 0.0181466328 0.0238018875 0.0282525198 0.0116379534 0.0144482632 0.0265910566 0.0193374985 0.0246306869 0.0191096884 0.0327209502 0.0252424098 0.0 0.0218094885 0.0046764233 0.006914095 0.0198640067 0.0283670772 0.0238510373 0.0310322843 0.01575695 0.0247443318 0.0301615973 0.0193135468 0.0144501134 0.0229659621 0.0262321044 0.0256337659 0.014144506 0.0148059983 0.0271178465 0.025362871
32 0.0236144532 0.0124129899 0.0291039803 0.0074193391 0.013870047 0.0018603626 0.0181696953 0.0118788363 0.0204530158 0.0241675254 0.0292036977 0.0293802293 0.0249438266 0.0097386937 0.0323070314 0.0162773666 0.017773348 0.0052705269 0.0218829373 0.0061956624 0.0138421947 0.0121420447 0.0191103199 0.0203805817 0.0150453121 0.0216323798 0.0307483736 0.0132784803 0.0143574666 0.0211173883 0.0218094885 0.0 0.0108081332 0.0269361996 0.0078397442 0.0347974732 0.0134502633 0.0368466537 0.0217422948 0.021603229 0.0276477939 0.0262146378 0.0343360817 0.0295001091 0.027422437 0.0248445198 0.0274576927 0.0215845964 0.0216782358 0.0259023099
33 0.0280943131 0.0010326397 0.0166535898 0.0144595588 0.0447906242 0.0260116774 0.022638729 0.0241521023 0.0146086947 0.0161913855 0.0171191731 0.0225822181 0.0264057702 0.0228099198 0.0206453799 0.0106925305 0.0151568137 0.0206019213 0.037935039 0.0214938781 0.0424345529 0.022095269 0.0211419875 0.0139394569 0.0087041154 0.0225165723 0.0030429515 0.0240485542 0.0066966452 0.0270972331 0.0046764233 0.0108081332 0.0 0.0312106083 0.0339097018 0.0130149158 0.0264701571 0.019759889 0.030137376 0.0375890984 0.0184407879 0.0041908582 0.0118117486 0.0242212398 0.0196817246 0.0237672447 0.0151474247 0.0194151909 0.0211223577 0.0188318235
34 0.0184163361 0.0093186833 0.0089850243 0.0216953357 0.0201909776 0.0188756629 0.0229428728 0.0070544764 0.0253413392 0.027371779 0.0190150441 0.0039938057 0.016939585 0.0273147006 0.0172168401 0.0162003776 0.0365483089 0.0104768487 0.0069050626 0.0332671502 0.0366199851 0.0214441243 0.0239007957 0.0173574223 0.0127385159 0.026519344 0.005025332 0.0334666189 0.0291767174 0.0131100253 0.006914095 0.0269361996 0.0312106083 0.0 0.0250905409 0.0227706435 0.0231666898 0.0141178669 0.0216833012 0.0256531877 0.0140349284 0.0240218294 0.0149145421 0.023636587 0.0268807236 0.033522768 0.0170919157 0.0383242498 0.0166107726 0.005989459
35 0.0212035554 0.0307770395 0.0318085974 0.0158926454 0.0112504266 0.0191395004 0.0131141481 0.0229389914 0.026226842 0.0308056562 0.0118723698 0.030450715 0.0123702534 0.0201559919 0.008038981 0.0302680938 0.0229020614 0.0284429286 0.0240710613 0.0118034171 0.0277432695 0.0247121425 0.0126093451 0.028476985 0.0277117381 0.0182146308 0.0266845794 0.0142555934 0.0179912681 0.0188796552 0.0198640067 0.0078397442 0.0339097018 0.0250905409 0.0 0.0095183813 0.0200082995 0.0259082452 0.0172820913 0.0118641527 0.024241611 0.0297875539 0.014517014 0.0139169045 0.0194208589 0.0191800655 0.016255622 0.0140821678 0.018408983 0.0180915733
36 0.0189932149 0.0261745013 0.0159650789 0.0202721952 0.0220876547 0.0222193926 0.0160703785 0.0174397007 0.0220942943 0.0170078709 0.0150699813 0.0202567393 0.0245068339 0.0379558729 0.0204426001 0.0229505928 0.0022411735 0.0213857327 0.0258400582 0.0142494915 0.0254955728 0.0239607572 0.0336334658 0.0337625345 0.0232727171 0.0061657663 0.0288617859 0.0347075448 0.0031482408 0.0249435726 0.0283670772 0.0347974732 0.0130149158 0.0227706435 0.0095183813 0.0 0.0183484036 0.0053043226 0.032750264 0.0223588218 0.013591565 0.0032846891 0.0156731443 0.0127804087 0.0254889265 0.0176659449 0.0195181582 0.0358862775 0.0068282037 0.0208770633
37 0.0204589186 0.0100974492 0.0137609296 0.0163870029 0.0170970758 0.0225957846 0.0108281538 0.0166202389 0.0088785227 0.0236896841 0.0150361828 0.0224572374 0.0173668534 0.0187112399 0.0189110038 0.032309495 0.0298405351 0.0228839419 0.0175695474 0.0209929777 0.0132012013 0.0147674309 0.0187492346 0.0224676803 0.0351664869 0.0222436795 0.0231962236 0.0333641002 0.0156053314 0.0152755339 0.0238510373 0.0134502633 0.0264701571 0.0231666898 0.0200082995 0.0183484036 0.0 0.0255076946 0.0135565311 0.0232458496 0.0194134256 0.0207424671 0.0345640003 0.0283972793 0.0154003861 0.0159812007 0.0189115283 0.0107892395 0.0304507193 0.0272151508
38 0.013392412 0.0023238789 0.022236353 0.0068979764 0.0087223464 0.0313828053 0.0308893845 0.0350963407 0.0199137904 0.0111995215 0.0216910855 0.0222847816 0.0269726576 0.0046704404 0.0219175837 0.014006564 0.0320723835 0.0188485857 0.0224946582 0.0378192406 0.0069750703 0.015410869 0.0298251805 0.0253691065 0.0120717939 0.018189043 0.0123360308 0.0266325032 0.0305362537 0.0232328095 0.0310322843 0.0368466537 0.019759889 0.0141178669 0.0259082452 0.0053043226 0.0255076946 0.0 0.0255873052 0.0239667891 0.0105920825 0.0209509751 0.0284335507 0.0163939483 0.0201279085 0.0167374488 0.0145922235 0.0076358412 0.0305255636 0.020567957
39 0.0262163545 0.0198204003 0.0203993894 0.0195026162 0.0015187372 0.0117563307 0.010843947 0.0121784113 0.0180529089 0.022262558 0.0240205544 0.0075055072 0.0206431993 0.0212525771 0.0265645426 0.0223683345 0.0211415047 0.0306440672 0.0273653747 0.0187299927 0.0166383075 0.0337590144 0.0330222634 0.0262518252 0.0350943516 0.0207639463 0.0210477503 0.0044456269 0.0247055557 0.0239667446 0.01575695 0.0217422948 0.030137376 0.0216833012 0.0172820913 0.032750264 0.0135565311 0.0255873052 0.0 0.0059080127 0.018351035 0.0223299322 0.0298249131 0.0157427505 0.0281796369 0.0125115305 0.0194527634 0.0148137397 0.0190920076 0.012814871
40 0.0114923193 0.0341472008 0.0274385414 0.0243601859 0.0262446901 0.0099416324 0.0156209551 0.0319992313 0.0175527618 0.0116728558 0.0239020645 0.0139649432 0.0253965531 0.0086836194 0.0311728382 0.0122667676 0.0200142995 0.0056149417 0.0347786543 0.013232515 0.0202910515 0.013744994 0.0251287711 0.0107165804 0.0181813514 0.0256884163 0.0077256899 0.033899214 0.0339629616 0.0288550835 0.0247443318 0.021603229 0.0375890984 0.0256531877 0.0118641527 0.0223588218 0.0232458496 0.0239667891 0.0059080127 0.0 0.0109504035 0.023507959 0.0238367617 0.0150727036 0.0158091901 0.0083775766 0.0252446261 0.0385710307 0.0149993853 0.0090052065
41 0.0206452832 0.013718849 0.0051117183 0.0371062227 0.0319676144 0.0260895039 0.0205855727 0.0224023925 0.0180995828 0.0191354012 0.0205271514 0.0201490656 0.0048172189 0.0306132086 0.018491131 0.0286766342 0.0259716748 0.0315120665 0.0133569637 0.020659586 0.0173719916 0.0238775429 0.0193304094 0.0138198984 0.0019243448 0.0245644532 0.011745011 0.0104709539 0.0154836582 0.0208456369 0.0301615973 0.0276477939 0.0184407879 0.0140349284 0.024241611 0.013591565 0.0194134256 0.0105920825 0.018351035 0.0109504035 0.0 0.0317114795 0.0300437067 0.0176840141 0.0224622432 0.029537663 0.0236445454 0.0217290847 0.0247720509 0.0219192407
42 0.0336420589 0.0266879314 0.0134434617 0.025485548 0.0248416265 0.0198686561 0.0230565165 0.0245632809 0.0081374016 0.0312838585 0.0308803692 0.0236607227 0.0163299435 0.0245891451 0.0193744141 0.0090944822 0.0068450891 0.015149903 0.0054255941 0.0226629373 0.0081103609 0.0356485041 0.0175766893 0.0170229429 0.0361566577 0.019593676 0.019438579 0.0062931863 0.0108251079 0.020161608 0.0193135468 0.0262146378 0.0041908582 0.0240218294 0.0297875539 0.0032846891 0.0207424671 0.0209509751 0.0223299322 0.023507959 0.0317114795 0.0 0.0315940906 0.0144119338 0.0289657235 0.0207285898 0.0254029681 0.0133700122 0.0128174587 0.0308030428
43 0.0196432181 0.0270920512 0.0330580676 0.02099072 0.0205350525 0.0130663178 0.0231408285 0.0195542339 0.0064867905 0.019234027 0.0216242645 0.0221905473 0.0145631591 0.0107853631 0.0204104201 0.0221543698 0.0082293802 0.0136771769 0.0176486424 0.0206199538 0.0209398324 0.0133703651 0.0179898474 0.019707963 0.0121197726 0.0219792671 0.0179056467 0.0085154385 0.0176328056 0.0146434011 0.0144501134 0.0343360817 0.0118117486 0.0149145421 0.014517014 0.0156731443 0.0345640003 0.0284335507 0.0298249131 0.0238367617 0.0300437067 0.0315940906 0.0 0.0224235342 0.0296754239 0.0179234165 0.0202714691 0.036492666 0.0293320746 0.0203728247
44 0.01538442 0.0291360807 0.0252333096 0.0138082691 0.0311840986 0.0242217533 0.0220579854 0.0286374805 0.009999298 0.027812322 0.0174925619 0.0053953851 0.0231322805 0.0303802675 0.0166531339 0.03611151 0.0320280738 0.0080672143 0.0059336834 0.0152103825 0.013229211 0.0169169696 0.0371341887 0.0212329902 0.0198902938 0.0197798235 0.0062274531 0.0168922209 0.0168430015 0.0194442835 0.0229659621 0.0295001091 0.0242212398 0.023636587 0.0139169045 0.0127804087 0.0283972793 0.0163939483 0.0157427505 0.0150727036 0.0176840141 0.0144119338 0.0224235342 0.0 0.0255257561 0.0295371268 0.0204421242 0.0293811606 0.0132875069 0.0192090047
45 0.0156011392 0.0124957266 0.0192272318 0.0316189685 0.0375103205 0.0295949304 0.0256718995 0.0027981957 0.0087583138 0.0099311375 0.0297320681 0.0121573183 0.013172695 0.004346471 0.022176487 0.0325914277 0.0152455755 0.0328641145 0.0214106832 0.0240265459 0.021553469 0.0249971489 0.0040628872 0.0282865031 0.0190985313 0.0046229797 0.014371402 0.0131450027 0.0235601667 0.0113292723 0.0262321044 0.027422437 0.0196817246 0.0268807236 0.0194208589 0.0254889265 0.0154003861 0.0201279085 0.0281796369 0.0158091901 0.0224622432 0.0289657235 0.0296754239 0.0255257561 0.0 0.0168573714 0.018741168 0.0254410278 0.0255935213 0.0161352555
46 0.0172791068 0.0254527461 0.018776806 0.0377179534 0.0211284482 0.020267754 0.0146184636 0.0247227724 0.0353057085 0.0243585819 0.0094411586 0.0217808468 0.0288882813 0.0254169521 0.0212049105 0.0118030065 0.0211910574 0.0091846186 0.0195980275 0.0231472678 0.033692861 0.0159553822 0.0123604934 0.0168185232 0.0102563763 0.0087522414 0.0143322912 0.0120490134 0.0193142005 0.020476394 0.0256337659 0.0248445198 0.0237672447 0.033522768 0.0191800655 0.0176659449 0.0159812007 0.0167374488 0.0125115305 0.0083775766 0.029537663 0.0207285898 0.0179234165 0.0295371268 0.0168573714 0.0 0.0139098853 0.0303435508 0.0226249022 0.0250231842
47 0.0250272298 0.0179796276 0.0307464827 0.0247586804 0.0211707007 0.0104556148 0.0048434861 0.0313943046 0.0283208563 0.0219949495 0.0089064829 0.0272956881 0.0203927744 0.022650182 0.0267374304 0.0235806827 0.0090668403 0.0209341445 0.0333092232 0.0312583191 0.0211629277 0.0151524119 0.0187641837 0.0236020964 0.0144445102 0.0261144349 0.0102424285 0.0231894086 0.004391833 0.0252238735 0.014144506 0.0274576927 0.0151474247 0.0170919157 0.016255622 0.0195181582 0.0189115283 0.0145922235 0.0194527634 0.0252446261 0.0236445454 0.0254029681 0.0202714691 0.0204421242 0.018741168 0.0139098853 0.0 0.0306614277 0.0116705782 0.0243275651
48 0.0065240389 0.0162736271 0.0104927224 0.0202362501 0.0256563638 0.0225143216 0.025392023 0.034469655 0.0342538345 0.0266141741 0.0104578252 0.0215528085 0.0171640791 0.0202723262 0.0020452695 0.0332866893 0.0067757406 0.0104607987 0.0350343391 0.0202894756 0.018600419 0.0149693165 0.0162547363 0.0098292265 0.0109818697 0.0177830406 0.0121829803 0.0193803846 0.0072245522 0.0264754267 0.0148059983 0.0215845964 0.0194151909 0.0383242498 0.0140821678 0.0358862775 0.0107892395 0.0076358412 0.0148137397 0.0385710307 0.0217290847 0.0133700122 0.036492666 0.0293811606 0.0254410278 0.0303435508 0.0306614277 0.0 0.0370127441 0.0062116794
49 0.0228524088 0.0226931829 0.0204221625 0.0109704636 0.0069928175 0.0099428417 0.0207781935 0.0136104365 0.0229711144 0.0156895992 0.0322576529 0.0169497367 0.0206997554 0.0225744606 0.0287280073 0.0193616925 0.02071501 0.0222208023 0.0201237099 0.016997635 0.0274259446 0.0140960338 0.017499365 0.0200032766 0.0274260356 0.0280633196 0.0124598819 0.0278725321 0.0139880121 0.0173643952 0.0271178465 0.0216782358 0.0211223577 0.0166107726 0.018408983 0.0068282037 0.0304507193 0.0305255636 0.0190920076 0.0149993853 0.0247720509 0.0128174587 0.0293320746 0.0132875069 0.0255935213 0.0226249022 0.0116705782 0.0370127441 0.0 0.0223046086
50 0.0124847555 0.0184498179 0.0239194529 0.0436623821 0.0137187738 0.022950613 0.0358446648 0.0149882552 0.0335355334 0.0118164892 0.0252468395 0.0099705058 0.0265458646 0.0296682176 0.0137164083 0.0299661311 0.0162093735 0.0088148582 0.0200674275 0.0175535949 0.0032199643 0.0167173752 0.0285903912 0.0204600452 0.0274131463 0.0080203946 0.0151914614 0.0282208713 0.036159249 0.0159124517 0.025362871 0.0259023099 0.0188318235 0.005989459 0.0180915733 0.0208770633 0.0272151508 0.020567957 0.012814871 0.0090052065 0.0219192407 0.0308030428 0.0203728247 0.0192090047 0.0161352555 0.0250231842 0.0243275651 0.0062116794 0.0223046086 0.0
