25
1 0.0 0.0385985424 0.0476547814 0.0511451657 0.053991249 0.0327364995 0.0613407152 0.0370109502 0.0513585618 0.043679125 0.0539374263 0.0636700479 0.0186921781 0.0227345629 0.0154626189 0.023524589 0.0426237926 0.0450580488 0.0269270449 0.0312041988 0.0591554674 0.0639241404 0.0412501323 0.0717041304 0.0026160312
2 0.0385985424 0.0 0.0241093273 0.0258305264 0.052693722 0.0596501222 0.0726455531 0.0209333049 0.0406441397 0.0273431821 0.03783186 0.0588597073 0.0591765844 0.0125488481 0.0285320006 0.0422533425 0.0515538805 0.0192905665 0.040760687 0.0215983264 0.0223725457 0.0628582715 0.0489487575 0.0795504336 0.0514157684
3 0.0476547814 0.0241093273 0.0 0.0176776633 0.0313466932 0.0622341658 0.0483650085 0.0378721424 0.0397085867 0.042195276 0.0344173691 0.0641252701 0.042189665 0.0735802501 0.0630498304 0.0339502278 0.0217153714 0.046954732 0.0385336342 0.0112820853 0.0666143074 0.0349248414 0.034679476 0.0492822229 0.0335370725
4 0.0511451657 0.0258305264 0.0176776633 0.0 0.0407902869 0.0180686832 0.0418490965 0.0552325526 0.0713945553 0.0431262088 0.0091178487 0.0238557176 0.0478548321 0.0360739133 0.0526190616 0.0438032867 0.0429018474 0.0369945498 0.0487170033 0.0428240637 0.0730896462 0.0295528139 0.0467837616 0.0363298587 0.0643670568
5 0.053991249 0.052693722 0.0313466932 0.0407902869 0.0 0.0063531807 0.0283126492 0.0344912967 0.0384182605 0.0414628203 0.0594639102 0.0865259721 0.0030131745 0.044379606 0.0222160567 0.0428383178 0.0463227046 0.0166953023 0.0341446844 0.0649844864 0.0478872346 0.0731039327 0.0311479416 0.0604226655 0.0389938522
6 0.0327364995 0.0596501222 0.0622341658 0.0180686832 0.0063531807 0.0 0.0510625582 0.0135398099 0.0534253407 0.0169003342 0.0453096731 0.0695597866 0.0236442808 0.0616500656 0.046129817 0.0629094937 0.0370717154 0.0598271626 0.0290650917 0.0328490661 0.0167834354 0.0457442458 0.0202729882 0.0404118976 0.094800586
7 0.0613407152 0.0726455531 0.0483650085 0.0418490965 0.0283126492 0.0510625582 0.0 0.0399453549 0.0290150606 0.0336922872 0.0313436922 0.0212666568 0.0355212971 0.0757297529 0.0675601222 0.0477868366 0.0382965208 0.0157830399 0.0150687662 0.068245987 0.0339645155 0.0367406652 0.0313855522 0.0250936351 0.0499846769
8 0.0370109502 0.0209333049 0.0378721424 0.0552325526 0.0344912967 0.0135398099 0.0399453549 0.0 0.066052627 0.0549675783 0.0616686463 0.0401124525 0.0540087211 0.0651065364 0.0424512442 0.0534295292 0.0354129803 0.0352637595 0.0636128421 0.0220708514 0.0325688513 0.0296896588 0.0310236448 0.0361719642 0.0373627009
9 0.0513585618 0.0406441397 0.0397085867 0.0713945553 0.0384182605 0.0534253407 0.0290150606 0.066052627 0.0 0.0337065608 0.0472140589 0.0370465894 0.0195123989 0.0296898265 0.0496402967 0.0707195246 0.0400577347 0.0303164898 0.0071583744 0.0406895423 0.0616392342 0.0383340946 0.0652832358 0.0192862205 0.0196886856
10 0.043679125 0.0273431821 0.042195276 0.0431262088 0.0414628203 0.0169003342 0.0336922872 0.0549675783 0.0337065608 0.0 0.0472638614 0.0497616276 0.0658275229 0.0486171648 0.0557459568 0.0400399846 0.0226504989 0.0419196407 0.0331219619 0.0456715261 0.0461409324 0.0323884041 0.0131611031 0.0702298492 0.0503865928
11 0.0539374263 0.03783186 0.0344173691 0.0091178487 0.0594639102 0.0453096731 0.0313436922 0.0616686463 0.0472140589 0.0472638614 0.0 0.0196096041 0.0374883373 0.059068402 0.0402870586 0.0263929263 0.0465396496 0.0435405078 0.0287541519 0.0657779677 0.031345358 0.0417143633 0.050516966 0.0394943774 0.0419019841
12 0.0636700479 0.0588597073 0.0641252701 0.0238557176 0.0865259721 0.0695597866 0.0212666568 0.0401124525 0.0370465894 0.0497616276 0.0196096041 0.0 0.0387316287 0.0302619534 0.03832692 0.0430791861 0.0553935959 0.0075148962 0.0392470619 0.023173094 0.0815738145 0.0449303092 0.0164114343 0.0178171404 0.0291455337
13 0.0186921781 0.0591765844 0.042189665 0.0478548321 0.0030131745 0.0236442808 0.0355212971 0.0540087211 0.0195123989 0.0658275229 0.0374883373 0.0387316287 0.0 0.0050675941 0.0452818927 0.0458713033 0.0481021328 0.0436768786 0.0463325296 0.0561419323 0.0520845191 0.0202840274 0.0720496612 0.0612476834 0.0581992244
14 0.0227345629 0.0125488481 0.0735802501 0.0360739133 0.044379606 0.0616500656 0.0757297529 0.0651065364 0.0296898265 0.0486171648 0.059068402 0.0302619534 0.0050675941 0.0 0.0332141039 0.0372113321 0.034305409 0.0468721522 0.0760441866 0.0547524355 0.0192001064 0.0177267077 0.0352971472 0.0320582902 0.0488096533
15 0.0154626189 0.0285320006 0.0630498304 0.0526190616 0.0222160567 0.046129817 0.0675601222 0.0424512442 0.0496402967 0.0557459568 0.0402870586 0.03832692 0.0452818927 0.0332141039 0.0 0.0344189156 0.0560770595 0.0226665513 0.0508866333 0.0388283795 0.0157174938 0.0660755466 0.014487651 0.0415014026 0.0588233865
16 0.023524589 0.0422533425 0.0339502278 0.0438032867 0.0428383178 0.0629094937 0.0477868366 0.0534295292 0.0707195246 0.0400399846 0.0263929263 0.0430791861 0.0458713033 0.0372113321 0.0344189156 0.0 0.05928976 0.032339571 0.0449063034 0.0170070496 0.0255957524 0.0291267028 0.0381307264 0.0381162421 0.0672590966
17 0.0426237926 0.0515538805 0.0217153714 0.0429018474 0.0463227046 0.0370717154 0.0382965208 0.0354129803 0.0400577347 0.0226504989 0.0465396496 0.0553935959 0.0481021328 0.034305409 0.0560770595 0.05928976 0.0 0.0469415071 0.0425901787 0.0298320899 0.0269355659 0.0618242195 0.0648183356 0.0396618247 0.0090816253
18 0.0450580488 0.0192905665 0.046954732 0.0369945498 0.0166953023 0.0598271626 0.0157830399 0.0352637595 0.0303164898 0.0419196407 0.0435405078 0.0075148962 0.0436768786 0.0468721522 0.0226665513 0.032339571 0.0469415071 0.0 0.0527051398 0.039769603 0.0357359365 0.071233465 0.0724650802 0.0695296338 0.0669057856
19 0.0269270449 0.040760687 0.0385336342 0.0487170033 0.0341446844 0.0290650917 0.0150687662 0.0636128421 0.0071583744 0.0331219619 0.0287541519 0.0392470619 0.0463325296 0.0760441866 0.0508866333 0.0449063034 0.0425901787 0.0527051398 0.0 0.0715252854 0.049120151 0.048580888 0.0545701813 0.0225401582 0.0350870605
20 0.0312041988 0.0215983264 0.0112820853 0.0428240637 0.0649844864 0.0328490661 0.068245987 0.0220708514 0.0406895423 0.0456715261 0.0657779677 0.023173094 0.0561419323 0.0547524355 0.0388283795 0.0170070496 0.0298320899 0.039769603 0.0715252854 0.0 0.0608291091 0.0494675957 0.040477521 0.0562728385 0.0147249656
21 0.0591554674 0.0223725457 0.0666143074 0.0730896462 0.0478872346 0.0167834354 0.0339645155 0.0325688513 0.0616392342 0.0461409324 0.031345358 0.0815738145 0.0520845191 0.0192001064 0.0157174938 0.0255957524 0.0269355659 0.0357359365 0.049120151 0.0608291091 0.0 0.0350486728 0.0490149518 0.0230660934 0.0345163052
22 0.0639241404 0.0628582715 0.0349248414 0.0295528139 0.0731039327 0.0457442458 0.0367406652 0.0296896588 0.0383340946 0.0323884041 0.0417143633 0.0449303092 0.0202840274 0.0177267077 0.0660755466 0.0291267028 0.0618242195 0.071233465 0.048580888 0.0494675957 0.0350486728 0.0 0.0310308595 0.0062632445 0.0294323295
23 0.0412501323 0.0489487575 0.034679476 0.0467837616 0.0311479416 0.0202729882 0.0313855522 0.0310236448 0.0652832358 0.0131611031 0.050516966 0.0164114343 0.0720496612 0.0352971472 0.014487651 0.0381307264 0.0648183356 0.0724650802 0.0545701813 0.040477521 0.0490149518 0.0310308595 0.0 0.0488905285 0.0479023626
24 0.0717041304 0.0795504336 0.0492822229 0.0363298587 0.0604226655 0.0404118976 0.0250936351 0.0361719642 0.0192862205 0.0702298492 0.0394943774 0.0178171404 0.0612476834 0.0320582902 0.0415014026 0.0381162421 0.0396618247 0.0695296338 0.0225401582 0.0562728385 0.0230660934 0.0062632445 0.0488905285 0.0 0.0150576642
25 0.0026160312 0.0514157684 0.0335370725 0.0643670568 0.0389938522 0.094800586 0.0499846769 0.0373627009 0.0196886856 0.0503865928 0.0419019841 0.0291455337 0.0581992244 0.0488096533 0.0588233865 0.0672590966 0.0090816253 0.0669057856 0.0350870605 0.0147249656 0.0345163052 0.0294323295 0.0479023626 0.0150576642 0.0
