32
1 0.0206848977 0.048532657 0.0562723395 0.0499176641 0.0417275164 0.0220807098 0.0280133465 0.021623141 0.0193396408 0.0192552603 0.0155187404 0.0264038531 0.0501229251 0.0305474735 0.0213136866 0.0201217626 0.0327357773 0.0541498719 0.0228758992 0.0143887591 0.0292475785 0.017862017 0.0482865255 0.0284193709 0.0565431701 0.03085879 0.0283855807 0.0158999835 0.0506147962 0.0398246633 0.0273452084 0.0110863941 
2 0.048532657 0.0022062143 0.0347750645 0.050527194 0.0570323693 0.0266633901 0.0291218766 0.0424167906 0.0293151813 0.0360175701 0.0172216695 0.023130933 0.0082980731 0.0280043061 0.0404539284 0.0588846549 0.0391487071 0.0261943041 0.0225778317 0.0153037456 0.0364352842 0.010029433 0.0121387821 0.0207553657 0.0595570376 0.0433530799 0.0456950581 0.0151478754 0.0193487921 0.0383030341 0.0387211282 0.0246886683 
3 0.0562723395 0.0347750645 0.0213241307 0.0393306312 0.0339033184 0.0238547598 0.033155587 0.0482208668 0.0080810055 0.0325369486 0.0314097426 0.0296478508 0.0305206254 0.0308575924 0.0237852454 0.0408151121 0.0164110489 0.0451067604 0.0287624733 0.0619040907 0.0277241616 0.0222428923 0.0352801216 0.0113428574 0.0167098456 0.0308195228 0.0238360421 0.0376712062 0.0263616023 0.026477709 0.0134591997 0.0573996453 
4 0.0499176641 0.050527194 0.0393306312 0.0389268642 0.0063489105 0.033789644 0.0143679887 0.0290110843 0.0456537471 0.0176746219 0.0292631533 0.0204985106 0.0303173183 0.0440264814 0.0136205377 0.0260711821 0.0113522484 0.0291151782 0.0236606511 0.0102145202 0.0455442858 0.061832561 0.0354395654 0.0425105229 0.0297649275 0.0535571711 0.0300165334 0.0443184691 0.0177407825 0.0240859903 0.0194836096 0.0320174502 
5 0.0417275164 0.0570323693 0.0339033184 0.0063489105 0.0657336308 0.025771096 0.0534129811 0.0369550158 0.0107470865 0.0243886913 0.0366191682 0.0331033097 0.0515483917 0.0258055898 0.0367695996 0.0378087662 0.0100611764 0.0461197216 0.0284082046 0.0178934406 0.0090696949 0.034204884 0.0282369148 0.0236478386 0.0023426294 0.013393105 0.0200769236 0.0238965137 0.0358704035 0.0524039543 0.0441848569 0.032514297 
6 0.0220807098 0.0266633901 0.0238547598 0.033789644 0.025771096 0.0320846609 0.0190916776 0.047880886 0.0244433352 0.0321190273 0.0136609454 0.0566054735 0.0250750208 0.0265380879 0.030324917 0.0318054923 0.0322115122 0.0219782786 0.0324839419 0.0291502904 0.0389541629 0.0541742973 0.0265410681 0.0192505912 0.0297631924 0.0149522151 0.0395885632 0.057113344 0.0510053659 0.0340958653 0.0247531799 0.0221950082 
7 0.0280133465 0.0291218766 0.033155587 0.0143679887 0.0534129811 0.0190916776 0.0286423796 0.0318211391 0.0303075428 0.0363073978 0.0603131559 0.0393026021 0.0306820765 0.0504377034 0.0231058574 0.045105359 0.0230374011 0.0393574762 0.0530299343 0.058522443 0.0205697848 0.018470373 0.0130185258 0.0019199128 0.0099033259 0.0179317283 0.0308390606 0.0346046017 0.0201177796 0.0196349167 0.0373660401 0.048488025 
8 0.021623141 0.0424167906 0.0482208668 0.0290110843 0.0369550158 0.047880886 0.0318211391 0.0515776624 0.0381212347 0.0210821193 0.0239602683 0.0225983614 0.0534258643 0.0179995686 0.010686819 0.024774149 0.0187337008 0.0240993317 0.0156363753 0.0587007584 0.0111448967 0.0356402731 0.0251344123 0.0444618189 0.0167735764 0.0476248829 0.0232534998 0.0292108848 0.033907705 0.0494433662 0.0170094416 0.0270701056 
9 0.0193396408 0.0293151813 0.0080810055 0.0456537471 0.0107470865 0.0244433352 0.0303075428 0.0381212347 0.0334398375 0.035822087 0.0368843144 0.019765215 0.0397584965 0.0445178455 0.023292794 0.049149505 0.0448635269 0.0440505477 0.0478588734 0.0400952033 0.0422776587 0.0461365132 0.0355209495 0.0097583128 0.0092316037 0.0172077371 0.0215779036 0.0346045168 0.0535376009 0.0254773075 0.0148415054 0.0243213708 
10 0.0192552603 0.0360175701 0.0325369486 0.0176746219 0.0243886913 0.0321190273 0.0363073978 0.0210821193 0.035822087 0.0454917505 0.0310229611 0.0302052682 0.0398799963 0.0579901788 0.012732363 0.0294853366 0.011551993 0.0382836945 0.0277848409 0.0150716278 0.0441208174 0.0398835387 0.0529729744 0.0277226265 0.0257058118 0.0224615003 0.0142802964 0.0432440939 0.0528247856 0.0132680549 0.0369827651 0.0318290006 
11 0.0155187404 0.0172216695 0.0314097426 0.0292631533 0.0366191682 0.0136609454 0.0603131559 0.0239602683 0.0368843144 0.0310229611 0.0533145405 0.0201192474 0.0119278101 0.0200732831 0.0492793248 0.0292220262 0.0374058615 0.0440618623 0.0353195684 0.0467512258 0.0427541594 0.0179716753 0.0273002519 0.0250008465 0.0387841262 0.0178818 0.025953434 0.0299588772 0.014625895 0.053276741 0.0252430367 0.0379002876 
12 0.0264038531 0.023130933 0.0296478508 0.0204985106 0.0331033097 0.0566054735 0.0393026021 0.0225983614 0.019765215 0.0302052682 0.0201192474 0.0576335916 0.0163073854 0.0262531481 0.0338545882 0.0298371541 0.0333706337 0.0126963717 0.0126793463 0.0263649733 0.0468346561 0.0105298498 0.0116739741 0.0458509832 0.027887968 0.0332113533 0.0821572543 0.0194220883 0.0377233585 0.0528198228 0.027656621 0.0338542532 
13 0.0501229251 0.0082980731 0.0305206254 0.0303173183 0.0515483917 0.0250750208 0.0306820765 0.0534258643 0.0397584965 0.0398799963 0.0119278101 0.0163073854 0.0197937386 0.0149600025 0.0133819499 0.0312697698 0.0279766206 0.0320248114 0.0489308865 0.039590242 0.0468493142 0.0322121745 0.0493423985 0.044770855 0.0193704665 0.0304497195 0.03053131 0.0498049241 0.0125548182 0.0208989716 0.0307356069 0.0166874362 
14 0.0305474735 0.0280043061 0.0308575924 0.0440264814 0.0258055898 0.0265380879 0.0504377034 0.0179995686 0.0445178455 0.0579901788 0.0200732831 0.0262531481 0.0149600025 0.0145877447 0.0284850036 0.0064119097 0.0655124516 0.0359557069 0.0136775802 0.0138911622 0.0253318713 0.0509755282 0.0093300339 0.0502096809 0.0333507864 0.049543654 0.0461522034 0.0215327361 0.039021973 0.0216241634 0.0392275037 0.0171670454 
15 0.0213136866 0.0404539284 0.0237852454 0.0136205377 0.0367695996 0.030324917 0.0231058574 0.010686819 0.023292794 0.012732363 0.0492793248 0.0338545882 0.0133819499 0.0284850036 0.0729372152 0.049435801 0.019320833 0.0362005188 0.0363729802 0.0310955504 0.0330387003 0.0323872916 0.0186351893 0.0400587218 0.0344689313 0.0551610431 0.0276459515 0.0297371249 0.0324604339 0.0297711531 0.0291162139 0.0310697321 
16 0.0201217626 0.0588846549 0.0408151121 0.0260711821 0.0378087662 0.0318054923 0.045105359 0.024774149 0.049149505 0.0294853366 0.0292220262 0.0298371541 0.0312697698 0.0064119097 0.049435801 0.0131980156 0.0580389961 0.0268038594 0.0363020105 0.0129424463 0.0199754277 0.0400041218 0.0251290205 0.0332185778 0.0300343297 0.0168408345 0.0505680831 0.017008192 0.0231219493 0.0224270934 0.0385081891 0.0256808726 
17 0.0327357773 0.0391487071 0.0164110489 0.0113522484 0.0100611764 0.0322115122 0.0230374011 0.0187337008 0.0448635269 0.011551993 0.0374058615 0.0333706337 0.0279766206 0.0655124516 0.019320833 0.0580389961 0.0181459658 0.0401221509 0.0265285225 0.0298310105 0.0150435639 0.0373417349 0.0442593528 0.0571541931 0.039169777 0.0422512834 0.0219713965 0.0569086995 0.0291537429 0.0168463451 0.0180475717 0.0254922009 
18 0.0541498719 0.0261943041 0.0451067604 0.0291151782 0.0461197216 0.0219782786 0.0393574762 0.0240993317 0.0440505477 0.0382836945 0.0440618623 0.0126963717 0.0320248114 0.0359557069 0.0362005188 0.0268038594 0.0401221509 0.0442635428 0.0171864265 0.0220705582 0.0322511827 0.0370915162 0.0525715842 0.0125006026 0.0401272756 0.0183355944 0.0062978921 0.0232940289 0.0152688942 0.0234205373 0.0234140185 0.0355858997 
19 0.0228758992 0.0225778317 0.0287624733 0.0236606511 0.0284082046 0.0324839419 0.0530299343 0.0156363753 0.0478588734 0.0277848409 0.0353195684 0.0126793463 0.0489308865 0.0136775802 0.0363729802 0.0363020105 0.0265285225 0.0171864265 0.0192112231 0.0344998992 0.0489450478 0.0222204166 0.0525215536 0.0308031191 0.0262765071 0.0661530305 0.0240301738 0.0279618704 0.0283290516 0.0431538394 0.0152403376 0.0305775833 
20 0.0143887591 0.0153037456 0.0619040907 0.0102145202 0.0178934406 0.0291502904 0.058522443 0.0587007584 0.0400952033 0.0150716278 0.0467512258 0.0263649733 0.039590242 0.0138911622 0.0310955504 0.0129424463 0.0298310105 0.0220705582 0.0344998992 0.0121914394 0.0099772392 0.05103088 0.0304895012 0.0378542543 0.0574662555 0.0023426294 0.0472780555 0.0274064919 0.0407460541 0.0474311943 0.0242719731 0.0332320851 
21 0.0292475785 0.0364352842 0.0277241616 0.0455442858 0.0090696949 0.0389541629 0.0205697848 0.0111448967 0.0422776587 0.0441208174 0.0427541594 0.0468346561 0.0468493142 0.0253318713 0.0330387003 0.0199754277 0.0150435639 0.0322511827 0.0489450478 0.0099772392 0.0448676976 0.0422892019 0.0485206164 0.0408092006 0.0150065966 0.0253473062 0.0155323976 0.010317117 0.0333085942 0.029155517 0.0255953298 0.0431609369 
22 0.017862017 0.010029433 0.0222428923 0.061832561 0.034204884 0.0541742973 0.018470373 0.0356402731 0.0461365132 0.0398835387 0.0179716753 0.0105298498 0.0322121745 0.0509755282 0.0323872916 0.0400041218 0.0373417349 0.0370915162 0.0222204166 0.05103088 0.0422892019 0.0319767084 0.0236474189 0.0167158674 0.0342500918 0.0282390072 0.0313836002 0.0234645212 0.0390778612 0.0069116353 0.0325905837 0.0172115314 
23 0.0482865255 0.0121387821 0.0352801216 0.0354395654 0.0282369148 0.0265410681 0.0130185258 0.0251344123 0.0355209495 0.0529729744 0.0273002519 0.0116739741 0.0493423985 0.0093300339 0.0186351893 0.0251290205 0.0442593528 0.0525715842 0.0525215536 0.0304895012 0.0485206164 0.0236474189 0.0131890242 0.0527021404 0.0182233076 0.025183179 0.0257095024 0.0366840045 0.0291775115 0.0309903629 0.040691525 0.0214587076 
24 0.0284193709 0.0207553657 0.0113428574 0.0425105229 0.0236478386 0.0192505912 0.0019199128 0.0444618189 0.0097583128 0.0277226265 0.0250008465 0.0458509832 0.044770855 0.0502096809 0.0400587218 0.0332185778 0.0571541931 0.0125006026 0.0308031191 0.0378542543 0.0408092006 0.0167158674 0.0527021404 0.0363892032 0.0146986577 0.0309139521 0.024646324 0.0462755809 0.0377942716 0.0357341052 0.0333348303 0.0227748147 
25 0.0565431701 0.0595570376 0.0167098456 0.0297649275 0.0023426294 0.0297631924 0.0099033259 0.0167735764 0.0092316037 0.0257058118 0.0387841262 0.027887968 0.0193704665 0.0333507864 0.0344689313 0.0300343297 0.039169777 0.0401272756 0.0262765071 0.0574662555 0.0150065966 0.0342500918 0.0182233076 0.0146986577 0.0579642079 0.0328022134 0.0462293 0.0372700291 0.0135921573 0.0570415036 0.0253290765 0.0443613149 
26 0.03085879 0.0433530799 0.0308195228 0.0535571711 0.013393105 0.0149522151 0.0179317283 0.0476248829 0.0172077371 0.0224615003 0.0178818 0.0332113533 0.0304497195 0.049543654 0.0551610431 0.0168408345 0.0422512834 0.0183355944 0.0661530305 0.0023426294 0.0253473062 0.0282390072 0.025183179 0.0309139521 0.0328022134 0.0579125714 0.0319595275 0.0180526478 0.0372316696 0.0075774757 0.0323884437 0.0480613319 
27 0.0283855807 0.0456950581 0.0238360421 0.0300165334 0.0200769236 0.0395885632 0.0308390606 0.0232534998 0.0215779036 0.0142802964 0.025953434 0.0821572543 0.03053131 0.0461522034 0.0276459515 0.0505680831 0.0219713965 0.0062978921 0.0240301738 0.0472780555 0.0155323976 0.0313836002 0.0257095024 0.024646324 0.0462293 0.0319595275 0.0133970786 0.0416086266 0.0106172267 0.03269943 0.0474621122 0.0386196585 
28 0.0158999835 0.0151478754 0.0376712062 0.0443184691 0.0238965137 0.057113344 0.0346046017 0.0292108848 0.0346045168 0.0432440939 0.0299588772 0.0194220883 0.0498049241 0.0215327361 0.0297371249 0.017008192 0.0569086995 0.0232940289 0.0279618704 0.0274064919 0.010317117 0.0234645212 0.0366840045 0.0462755809 0.0372700291 0.0180526478 0.0416086266 0.0148079196 0.0444421858 0.0160766172 0.0374610942 0.0347931336 
29 0.0506147962 0.0193487921 0.0263616023 0.0177407825 0.0358704035 0.0510053659 0.0201177796 0.033907705 0.0535376009 0.0528247856 0.014625895 0.0377233585 0.0125548182 0.039021973 0.0324604339 0.0231219493 0.0291537429 0.0152688942 0.0283290516 0.0407460541 0.0333085942 0.0390778612 0.0291775115 0.0377942716 0.0135921573 0.0372316696 0.0106172267 0.0444421858 0.0182570098 0.020021708 0.0406444917 0.0414995285 
30 0.0398246633 0.0383030341 0.026477709 0.0240859903 0.0524039543 0.0340958653 0.0196349167 0.0494433662 0.0254773075 0.0132680549 0.053276741 0.0528198228 0.0208989716 0.0216241634 0.0297711531 0.0224270934 0.0168463451 0.0234205373 0.0431538394 0.0474311943 0.029155517 0.0069116353 0.0309903629 0.0357341052 0.0570415036 0.0075774757 0.03269943 0.0160766172 0.020021708 0.0 0.0660458124 0.0430611098 
31 0.0273452084 0.0387211282 0.0134591997 0.0194836096 0.0441848569 0.0247531799 0.0373660401 0.0170094416 0.0148415054 0.0369827651 0.0252430367 0.027656621 0.0307356069 0.0392275037 0.0291162139 0.0385081891 0.0180475717 0.0234140185 0.0152403376 0.0242719731 0.0255953298 0.0325905837 0.040691525 0.0333348303 0.0253290765 0.0323884437 0.0474621122 0.0374610942 0.0406444917 0.0660458124 0.0543847259 0.0184639679 
32 0.0110863941 0.0246886683 0.0573996453 0.0320174502 0.032514297 0.0221950082 0.048488025 0.0270701056 0.0243213708 0.0318290006 0.0379002876 0.0338542532 0.0166874362 0.0171670454 0.0310697321 0.0256808726 0.0254922009 0.0355858997 0.0305775833 0.0332320851 0.0431609369 0.0172115314 0.0214587076 0.0227748147 0.0443613149 0.0480613319 0.0386196585 0.0347931336 0.0414995285 0.0430611098 0.0184639679 0.027676603 
