50
1 0.0 0.0213039697 0.0184493287 0.0196373401 0.0228897545 0.0196735775 0.0105455347 0.0337022603 0.0174670794 0.0200928236 0.0148295602 0.0125352868 0.0217702861 0.0201581789 0.0307628901 0.0166270864 0.0324192947 0.0409670452 0.0220984865 0.018001634 0.0189465146 0.0138880066 0.0180046634 0.0270591851 0.0268061918 0.0086217841 0.0185003047 0.0154931204 0.0132886235 0.0200477327 0.0073712743 0.0198323288 0.0242284126 0.0187570803 0.0306996926 0.0213978718 0.0262563725 0.0277063222 0.0075395157 0.0173402565 0.0109534427 0.0203585382 0.0137884852 0.036575526 0.0098154325 0.0262859956 0.0241913238 0.017096891 0.0223741971 0.0228434962
2 0.0213039697 0.0 0.0352157054 0.0257473482 0.0135551332 0.00612557 0.01248752 0.0095087996 0.0196727379 0.0210448109 0.0186374982 0.0183620303 0.0220854967 0.0308181897 0.0335479873 0.0216277607 0.018685549 0.0079421676 0.0308692594 0.0323949229 0.0245884477 0.035989839 0.0070156616 0.0278548288 0.0187158146 0.0200450999 0.0160038826 0.0160111133 0.0056697686 0.0259849576 0.0219386376 0.0070269592 0.0115103939 0.009464473 0.0062955795 0.025016595 0.0120636912 0.0228129007 0.0246635405 0.0285027802 0.0178688906 0.0177069892 0.0294160442 0.0255671937 0.0196213623 0.0401150276 0.0232928824 0.0196970152 0.0154935904 0.0244135832
3 0.0184493287 0.0352157054 0.0 0.0131726995 0.0215440833 0.0244844714 0.0141515023 0.0245967407 0.0120566444 0.0200816541 0.0158452863 0.0157447415 0.0160057519 0.0259465643 0.0250489921 0.0275804957 0.0205201459 0.0177462191 0.0109888524 0.026611567 0.0080356387 0.0162556509 0.0092233593 0.0227039806 0.0220888433 0.0143485727 0.0196323672 0.0095692668 0.0362070596 0.0226046563 0.0218378813 0.0270790658 0.0144823876 0.026992914 0.0138527871 0.0208791216 0.0289761933 0.0252645446 0.0182646277 0.0117475225 0.0182780054 0.0202135141 0.0222291646 0.0164383445 0.019662266 0.0180032947 0.0277240181 0.0238816413 0.026528944 0.0312029206
4 0.0196373401 0.0257473482 0.0131726995 0.0 0.0191602 0.0160531366 0.0307522451 0.0205648103 0.0274959046 0.0170416101 0.0264699763 0.01653051 0.0178871602 0.0047630741 0.0218422635 0.030317924 0.0239452257 0.0225696673 0.0254813585 0.0285126889 0.0124388291 0.029770353 0.030068087 0.029564537 0.0326632317 0.0246996471 0.0271331692 0.0262168048 0.0257989617 0.0282053843 0.0130449881 0.0213054973 0.0141368158 0.0225043303 0.0077667733 0.0130076459 0.0125434655 0.0060650014 0.0194603195 0.0130127454 0.0275452356 0.0109660116 0.0290234842 0.0090647061 0.0035291373 0.01035665 0.0350811556 0.0069038972 0.0266367924 0.0235411996
5 0.0228897545 0.0135551332 0.0215440833 0.0191602 0.0 0.0345249652 0.0126510497 0.0243025608 0.0158794743 0.0308036658 0.0256518485 0.0186164109 0.0254440463 0.0220977003 0.0167592254 0.0330385386 0.0130228919 0.0231880516 0.0241490559 0.0201997908 0.0196140116 0.0274715958 0.0264691473 0.0054489526 0.0090139349 0.0283473786 0.0137538708 0.0236909805 0.0211110135 0.0236019815 0.0162572424 0.0194740488 0.0142276454 0.0230063644 0.0132757355 0.0305423424 0.0060497367 0.0228682562 0.014200169 0.0097335863 0.0309647003 0.0117248189 0.0234358176 0.0115091739 0.0217077795 0.0277689761 0.0197322363 0.0259917865 0.0190056339 0.0225226357
6 0.0196735775 0.00612557 0.0244844714 0.0160531366 0.0345249652 0.0 0.0086938464 0.0230665452 0.0064478802 0.0119978782 0.0153520449 0.0158088361 0.0331381218 0.0176271191 0.0265546408 0.021194779 0.0236087485 0.0132808297 0.014927773 0.0191756547 0.013512328 0.0371466818 0.0216045696 0.021733231 0.0264874264 0.0329939235 0.0248992035 0.0345641372 0.0163761176 0.0321485162 0.0190779367 0.019010325 0.0052813804 0.0231302575 0.0260191876 0.0120668684 0.0131080175 0.0177896277 0.0030850217 0.0207980734 0.012799557 0.0282933592 0.0306244228 0.021245151 0.0182392775 0.0356324234 0.02582721 0.0097923295 0.0299982779 0.0149787429
7 0.0105455347 0.01248752 0.0141515023 0.0307522451 0.0126510497 0.0086938464 0.0 0.0242952584 0.0108558906 0.0366766656 0.0131411178 0.0318115945 0.0167412992 0.02496806 0.0226217233 0.0143143802 0.0114696347 0.0391309593 0.0195251647 0.0338927544 0.0326860699 0.0237427319 0.0296785093 0.0113783236 0.0083024433 0.01444051 0.0112983098 0.0257047375 0.0298408492 0.0287063725 0.015544909 0.0191000315 0.0228105182 0.0250028681 0.0237371663 0.0140460289 0.0196373414 0.0202487713 0.020754193 0.0270449562 0.0284766887 0.0171482043 0.0016456367 0.021487911 0.0182945514 0.0066409682 0.0310831961 0.0252246969 0.0300558033 0.0075105017
8 0.0337022603 0.0095087996 0.0245967407 0.0205648103 0.0243025608 0.0230665452 0.0242952584 0.0 0.0350142764 0.0123818526 0.0171748937 0.0195342748 0.0266898816 0.0147777023 0.0280864855 0.0201907568 0.0218705979 0.0109343285 0.0113065123 0.0101552943 0.025440722 0.0223625296 0.0231071866 0.0253993047 0.020396173 0.0128205741 0.0155915364 0.0227776476 0.0388430398 0.0200410518 0.0132511448 0.0289670976 0.0272512671 0.0045519138 0.0138570736 0.0158221921 0.0027354514 0.0334554201 0.0164597105 0.0316316674 0.0224925471 0.029563296 0.0236470149 0.0183993124 0.0135409023 0.0203096769 0.02115545 0.014103112 0.0183589509 0.0155132016
9 0.0174670794 0.0196727379 0.0120566444 0.0274959046 0.0158794743 0.0064478802 0.0108558906 0.0350142764 0.0 0.0271621561 0.0201402336 0.0092016015 0.0047889188 0.0210669021 0.0117702352 0.0192438056 0.0239659753 0.0101305728 0.0316150796 0.0252249483 0.0251635511 0.0150739208 0.0214292505 0.014047659 0.0274990823 0.017044739 0.0313194708 0.0352030733 0.0079227062 0.0288716044 0.042214583 0.0029551757 0.0243874072 0.0333577727 0.0286759939 0.0114698731 0.0058863857 0.0317075708 0.0107264641 0.0095378015 0.032960099 0.0260070761 0.0189319104 0.0244416564 0.0355687033 0.0090334089 0.0230909337 0.0132133058 0.0178005545 0.0252579499
10 0.0200928236 0.0210448109 0.0200816541 0.0170416101 0.0308036658 0.0119978782 0.0366766656 0.0123818526 0.0271621561 0.0 0.0194280668 0.0350869173 0.0261009084 0.0242009477 0.019298896 0.0251480839 0.0050551315 0.0317586093 0.0199308819 0.0280255471 0.019721649 0.020745089 0.0278374461 0.0041746856 0.0183175864 0.0150632379 0.0195071043 0.0092257956 0.0178499678 0.0136047393 0.0252128958 0.0356134185 0.0280270349 0.0215373424 0.0233568223 0.0208855321 0.0204760189 0.0143109092 0.0104571164 0.0170038802 0.0320168117 0.0053230017 0.0275145371 0.0064412822 0.0208015244 0.0077349526 0.0234810568 0.0214664806 0.0135599353 0.0274150387
11 0.0148295602 0.0186374982 0.0158452863 0.0264699763 0.0256518485 0.0153520449 0.0131411178 0.0171748937 0.0201402336 0.0194280668 0.0 0.0268891133 0.0240339932 0.0279556042 0.0108520338 0.0294652505 0.0121653901 0.0214731387 0.0222243311 0.0336194159 0.022255437 0.0245160383 0.0176947344 0.0138813429 0.0148966518 0.028709849 0.0264801214 0.0152113662 0.0255599315 0.0303763853 0.0186918375 0.0145532021 0.0205848074 0.0129255552 0.0061689761 0.0218822217 0.0234055624 0.0236037539 0.01871036 0.019271839 0.0228371635 0.0068701902 0.0074936218 0.0289286177 0.0214092029 0.024614035 0.0222531906 0.0161329827 0.0299227907 0.024809435
12 0.0125352868 0.0183620303 0.0157447415 0.01653051 0.0186164109 0.0158088361 0.0318115945 0.0195342748 0.0092016015 0.0350869173 0.0268891133 0.0 0.0134842467 0.0134300125 0.021999137 0.0196968173 0.020840743 0.0235774755 0.0273090831 0.0224391005 0.0177088111 0.0286529354 0.0251001223 0.0273877694 0.0325017371 0.0222184389 0.0116964113 0.0246219218 0.0351000962 0.0226866632 0.0252531887 0.0190446725 0.0275518991 0.0309094357 0.0102798926 0.0076122201 0.0212988056 0.0313606878 0.025763307 0.0023347882 0.0047041234 0.0124381277 0.0239525937 0.0189399694 0.0147148706 0.0171472645 0.0188094006 0.0203828922 0.0151241205 0.0218049007
13 0.0217702861 0.0220854967 0.0160057519 0.0178871602 0.0254440463 0.0331381218 0.0167412992 0.0266898816 0.0047889188 0.0261009084 0.0240339932 0.0134842467 0.0 0.0205635234 0.0181661977 0.0025576699 0.0130119145 0.0136712584 0.0138043147 0.02387982 0.0228931051 0.0232409639 0.017737425 0.0120253397 0.0355357265 0.0219936237 0.028382474 0.0208804582 0.0334379957 0.0148055921 0.0243127879 0.0328660731 0.0372723335 0.0200683292 0.0212506706 0.0149073088 0.01800144 0.0124855095 0.0243329627 0.0113835653 0.0224371202 0.0062240284 0.0224392546 0.0158606306 0.0217759682 0.031858197 0.0067592601 0.0238185173 0.0196348028 0.0275537269
14 0.0201581789 0.0308181897 0.0259465643 0.0047630741 0.0220977003 0.0176271191 0.02496806 0.0147777023 0.0210669021 0.0242009477 0.0279556042 0.0134300125 0.0205635234 0.0 0.0286606841 0.0099764921 0.0229601299 0.019734799 0.0154857036 0.0082101006 0.0338658367 0.0279817731 0.0213440224 0.0218986444 0.02634023 0.0062378517 0.0233367003 0.0172421419 0.0157926973 0.0283446075 0.0300320974 0.0167032192 0.0196259152 0.0234039558 0.0164875078 0.0265353384 0.0239496788 0.0038786439 0.0221819358 0.0242079401 0.0279984407 0.0170708324 0.0131248201 0.038967349 0.0167569255 0.0194338876 0.0116063505 0.0222569431 0.0200296347 0.009962591
15 0.0307628901 0.0335479873 0.0250489921 0.0218422635 0.0167592254 0.0265546408 0.0226217233 0.0280864855 0.0117702352 0.019298896 0.0108520338 0.021999137 0.0181661977 0.0286606841 0.0 0.0135151147 0.032934634 0.0211168998 0.022515725 0.0226145091 0.0244739745 0.0184910371 0.0164044026 0.0135945693 0.0149042173 0.0251285652 0.007677623 0.0162273039 0.0194488087 0.0240178017 0.0158909597 0.0167572658 0.0224382399 0.021559726 0.0291433074 0.0103686771 0.0216730858 0.0140556888 0.0189505425 0.0200920225 0.0114671909 0.0332153159 0.0065841874 0.0374500274 0.0126382161 0.0131874076 0.0219237828 0.0283485693 0.0192981779 0.0159210316
16 0.0166270864 0.0216277607 0.0275804957 0.030317924 0.0330385386 0.021194779 0.0143143802 0.0201907568 0.0192438056 0.0251480839 0.0294652505 0.0196968173 0.0025576699 0.0099764921 0.0135151147 0.0 0.018237027 0.0311154723 0.0284616297 0.0206560555 0.0353648351 0.0206984599 0.010441364 0.0198719035 0.0277553391 0.0066832668 0.0209729931 0.0164315364 0.0280969303 0.0105769609 0.0095415942 0.0153687475 0.0247792431 0.0103879148 0.012160824 0.0273738669 0.005862049 0.0305130048 0.0234288985 0.0182862368 0.0212642194 0.0309902635 0.0358089054 0.0260692532 0.021549019 0.0260636889 0.0070071222 0.0253250331 0.0172094465 0.01115194
17 0.0324192947 0.018685549 0.0205201459 0.0239452257 0.0130228919 0.0236087485 0.0114696347 0.0218705979 0.0239659753 0.0050551315 0.0121653901 0.020840743 0.0130119145 0.0229601299 0.032934634 0.018237027 0.0 0.0161120445 0.0171175967 0.017083627 0.0168900373 0.0169888145 0.0259712049 0.0165877161 0.0282340844 0.0228940386 0.0180527549 0.030889129 0.0033509518 0.0264186961 0.0247377097 0.0066967126 0.0138274906 0.0147023844 0.0235845639 0.011459261 0.0333896242 0.0203137969 0.018502587 0.0344353129 0.0237785024 0.0306902417 0.0382858587 0.0209047461 0.0301872157 0.0087507645 0.0177029736 0.0070737893 0.0271873261 0.0224854095
18 0.0409670452 0.0079421676 0.0177462191 0.0225696673 0.0231880516 0.0132808297 0.0391309593 0.0109343285 0.0101305728 0.0317586093 0.0214731387 0.0235774755 0.0136712584 0.019734799 0.0211168998 0.0311154723 0.0161120445 0.0 0.0274407677 0.0186264638 0.0228643313 0.0128450599 0.0287769383 0.0195321449 0.0149601047 0.0147453047 0.0184660609 0.0195618348 0.0281847945 0.0270007548 0.0202509297 0.0214352898 0.0213954148 0.0116231477 0.0188410522 0.0266596108 0.0225150399 0.0077421255 0.0224721499 0.0092085706 0.0147805309 0.0225679264 0.022763857 0.0111139878 0.0264179298 0.0322704287 0.0069577066 0.0129560475 0.0169094755 0.0336646798
19 0.0220984865 0.0308692594 0.0109888524 0.0254813585 0.0241490559 0.014927773 0.0195251647 0.0113065123 0.0316150796 0.0199308819 0.0222243311 0.0273090831 0.0138043147 0.0154857036 0.022515725 0.0284616297 0.0171175967 0.0274407677 0.0 0.0049049767 0.0185616996 0.0161712071 0.0222179489 0.016802033 0.026683573 0.0300743384 0.0135035761 0.0197456177 0.0189803627 0.0228061347 0.0277367405 0.0245205932 0.0125171012 0.0207746398 0.018397345 0.0338611824 0.016566101 0.0195660887 0.0203009449 0.0179056611 0.0129215904 0.0154209378 0.0095398829 0.0163084466 0.0152163666 0.0303721733 0.0293195351 0.0045378174 0.0352822383 0.0232315701
20 0.018001634 0.0323949229 0.026611567 0.0285126889 0.0201997908 0.0191756547 0.0338927544 0.0101552943 0.0252249483 0.0280255471 0.0336194159 0.0224391005 0.02387982 0.0082101006 0.0226145091 0.0206560555 0.017083627 0.0186264638 0.0049049767 0.0 0.0305034958 0.0086558916 0.0150400461 0.0157716767 0.0240151381 0.0165614983 0.0108606053 0.0140759414 0.0278243576 0.0272213586 0.0220862061 0.0095996752 0.0190547939 0.0083578193 0.0115479832 0.0248090144 0.0355392758 0.0119876352 0.0203402087 0.0149915547 0.030200437 0.0181984553 0.0128108401 0.0229892533 0.0069741865 0.027450044 0.0133326673 0.0162077049 0.0375746844 0.0311886796
21 0.0189465146 0.0245884477 0.0080356387 0.0124388291 0.0196140116 0.013512328 0.0326860699 0.025440722 0.0251635511 0.019721649 0.022255437 0.0177088111 0.0228931051 0.0338658367 0.0244739745 0.0353648351 0.0168900373 0.0228643313 0.0185616996 0.0305034958 0.0 0.025154173 0.0070523942 0.0332655232 0.0209250412 0.0295134612 0.0140067487 0.0105911265 0.0208736796 0.008830253 0.011251786 0.0244060565 0.0308694745 0.0335226727 0.0271774144 0.009498015 0.0141524973 0.0013651973 0.025755941 0.0057553551 0.0208553399 0.0243649259 0.0071569801 0.0192434372 0.0147238747 0.0271185524 0.022695808 0.0259942087 0.0147981217 0.0235526155
22 0.0138880066 0.035989839 0.0162556509 0.029770353 0.0274715958 0.0371466818 0.0237427319 0.0223625296 0.0150739208 0.020745089 0.0245160383 0.0286529354 0.0232409639 0.0279817731 0.0184910371 0.0206984599 0.0169888145 0.0128450599 0.0161712071 0.0086558916 0.025154173 0.0 0.0059837587 0.0138738388 0.0156726643 0.0261798358 0.018924356 0.0093182928 0.0142387853 0.0158215837 0.0130041347 0.0382780462 0.0234783653 0.0225585402 0.0171373481 0.0317739835 0.0231405116 0.0250792856 0.013180493 0.0069568954 0.0246606662 0.00917311 0.0179734948 0.0174050837 0.0178706492 0.0091070538 0.0250797373 0.0312025571 0.0228836103 0.0242005666
23 0.0180046634 0.0070156616 0.0092233593 0.030068087 0.0264691473 0.0216045696 0.0296785093 0.0231071866 0.0214292505 0.0278374461 0.0176947344 0.0251001223 0.017737425 0.0213440224 0.0164044026 0.010441364 0.0259712049 0.0287769383 0.0222179489 0.0150400461 0.0070523942 0.0059837587 0.0 0.0209698742 0.0304927817 0.0303071922 0.0084357935 0.0285661894 0.0174378487 0.013253016 0.0177355989 0.0311035256 0.0185452194 0.007114725 0.0085646136 0.0227628746 0.0153847827 0.0230293715 0.0152955538 0.02320026 0.0282127356 0.0249517425 0.0294061119 0.0247190118 0.0089731606 0.0249235152 0.0198146348 0.0316308217 0.021316373 0.0256504297
24 0.0270591851 0.0278548288 0.0227039806 0.029564537 0.0054489526 0.021733231 0.0113783236 0.0253993047 0.014047659 0.0041746856 0.0138813429 0.0273877694 0.0120253397 0.0218986444 0.0135945693 0.0198719035 0.0165877161 0.0195321449 0.016802033 0.0157716767 0.0332655232 0.0138738388 0.0209698742 0.0 0.0150037664 0.0285981208 0.0398890533 0.0159631728 0.0283536516 0.0248316196 0.0179037561 0.0157479344 0.0149576193 0.0403215704 0.011477007 0.0157463417 0.0238163794 0.0019216595 0.0337245134 0.0271991645 0.0270476841 0.0245143449 0.0154866735 0.0313170128 0.0232100833 0.0171900628 0.0239347536 0.0152416206 0.0181721845 0.0136031856
25 0.0268061918 0.0187158146 0.0220888433 0.0326632317 0.0090139349 0.0264874264 0.0083024433 0.020396173 0.0274990823 0.0183175864 0.0148966518 0.0325017371 0.0355357265 0.02634023 0.0149042173 0.0277553391 0.0282340844 0.0149601047 0.026683573 0.0240151381 0.0209250412 0.0156726643 0.0304927817 0.0150037664 0.0 0.0140934973 0.0255883759 0.0203525686 0.0245221086 0.0184484168 0.0196170585 0.0236357298 0.025343684 0.0174162076 0.0346509268 0.0178142716 0.0214186748 0.0180179039 0.0192202947 0.0251923273 0.0161638637 0.0172221045 0.012844412 0.0095064557 0.0143422276 0.0101729241 0.0155236363 0.0210973673 0.0149344414 0.004648738
26 0.0086217841 0.0200450999 0.0143485727 0.0246996471 0.0283473786 0.0329939235 0.01444051 0.0128205741 0.017044739 0.0150632379 0.028709849 0.0222184389 0.0219936237 0.0062378517 0.0251285652 0.0066832668 0.0228940386 0.0147453047 0.0300743384 0.0165614983 0.0295134612 0.0261798358 0.0303071922 0.0285981208 0.0140934973 0.0 0.0153985902 0.0285852303 0.0264390835 0.0142434932 0.0029322177 0.0272289679 0.026056019 0.0109121564 0.0349073102 0.024933114 0.0091761846 0.013669899 0.0129891469 0.0250732821 0.0040461948 0.0223925584 0.0240396568 0.0051222693 0.0227108991 0.0281231037 0.0335898455 0.0267198775 0.0270253507 0.0213211997
27 0.0185003047 0.0160038826 0.0196323672 0.0271331692 0.0137538708 0.0248992035 0.0112983098 0.0155915364 0.0313194708 0.0195071043 0.0264801214 0.0116964113 0.028382474 0.0233367003 0.007677623 0.0209729931 0.0180527549 0.0184660609 0.0135035761 0.0108606053 0.0140067487 0.018924356 0.0084357935 0.0398890533 0.0255883759 0.0153985902 0.0 0.0229186251 0.0143880324 0.0148068767 0.0136751512 0.0190556328 0.0271373062 0.0166125669 0.0217915795 0.0203425602 0.024936079 0.0096139054 0.0292655855 0.0259265956 0.0084081045 0.0301035584 0.0174796129 0.0287004166 0.0328256408 0.0250027047 0.0298557032 0.022817244 0.0244696488 0.0205554127
28 0.0154931204 0.0160111133 0.0095692668 0.0262168048 0.0236909805 0.0345641372 0.0257047375 0.0227776476 0.0352030733 0.0092257956 0.0152113662 0.0246219218 0.0208804582 0.0172421419 0.0162273039 0.0164315364 0.030889129 0.0195618348 0.0197456177 0.0140759414 0.0105911265 0.0093182928 0.0285661894 0.0159631728 0.0203525686 0.0285852303 0.0229186251 0.0 0.0284715767 0.0068558428 0.0261055825 0.0238202471 0.026925503 0.0204858412 0.028498309 0.0109403035 0.0227214021 0.022585855 0.0219714874 0.0195950431 0.0168447398 0.0261787988 0.0239838808 0.0240011849 0.0252441735 0.0041098849 0.0245497865 0.0132038199 0.0083094836 0.0249581202
29 0.0132886235 0.0056697686 0.0362070596 0.0257989617 0.0211110135 0.0163761176 0.0298408492 0.0388430398 0.0079227062 0.0178499678 0.0255599315 0.0351000962 0.0334379957 0.0157926973 0.0194488087 0.0280969303 0.0033509518 0.0281847945 0.0189803627 0.0278243576 0.0208736796 0.0142387853 0.0174378487 0.0283536516 0.0245221086 0.0264390835 0.0143880324 0.0284715767 0.0 0.0254321731 0.0256877382 0.0060577681 0.004891066 0.0081956341 0.0238172009 0.0255988777 0.0097014885 0.0190903317 0.014877197 0.0297754791 0.0348752212 0.0159041645 0.0238169185 0.0036084994 0.0201094697 0.0217588986 0.0253455597 0.0071914092 0.0141569916 0.0166981127
30 0.0200477327 0.0259849576 0.0226046563 0.0282053843 0.0236019815 0.0321485162 0.0287063725 0.0200410518 0.0288716044 0.0136047393 0.0303763853 0.0226866632 0.0148055921 0.0283446075 0.0240178017 0.0105769609 0.0264186961 0.0270007548 0.0228061347 0.0272213586 0.008830253 0.0158215837 0.013253016 0.0248316196 0.0184484168 0.0142434932 0.0148068767 0.0068558428 0.0254321731 0.0 0.0239877845 0.0129961153 0.0213120524 0.007980471 0.0123622342 0.0207950853 0.0248478749 0.0244302971 0.0276240411 0.0176097585 0.0280607947 0.0179863001 0.0388444802 0.0126802173 0.0086022232 0.0158898266 0.0177831479 0.0170981365 0.0209125194 0.0076014135
31 0.0073712743 0.0219386376 0.0218378813 0.0130449881 0.0162572424 0.0190779367 0.015544909 0.0132511448 0.042214583 0.0252128958 0.0186918375 0.0252531887 0.0243127879 0.0300320974 0.0158909597 0.0095415942 0.0247377097 0.0202509297 0.0277367405 0.0220862061 0.011251786 0.0130041347 0.0177355989 0.0179037561 0.0196170585 0.0029322177 0.0136751512 0.0261055825 0.0256877382 0.0239877845 0.0 0.023377487 0.025252323 0.0276178444 0.0242953875 0.0307949777 0.0230047255 0.0289152173 0.0326194828 0.0190002543 0.0050340542 0.035815032 0.0117002749 0.0170084192 0.0220615385 0.0132545226 0.0172299745 0.0163054204 0.010652755 0.0298739561
32 0.0198323288 0.0070269592 0.0270790658 0.0213054973 0.0194740488 0.019010325 0.0191000315 0.0289670976 0.0029551757 0.0356134185 0.0145532021 0.0190446725 0.0328660731 0.0167032192 0.0167572658 0.0153687475 0.0066967126 0.0214352898 0.0245205932 0.0095996752 0.0244060565 0.0382780462 0.0311035256 0.0157479344 0.0236357298 0.0272289679 0.0190556328 0.0238202471 0.0060577681 0.0129961153 0.023377487 0.0 0.0287412435 0.007645275 0.0237088227 0.019338956 0.0197841911 0.0323009784 0.0158359248 0.0179933885 0.0159606135 0.0234855088 0.0185617148 0.0173844622 0.0351233019 0.0169942367 0.0100680321 0.0264879003 0.0336251297 0.0133434101
33 0.0242284126 0.0115103939 0.0144823876 0.0141368158 0.0142276454 0.0052813804 0.0228105182 0.0272512671 0.0243874072 0.0280270349 0.0205848074 0.0275518991 0.0372723335 0.0196259152 0.0224382399 0.0247792431 0.0138274906 0.0213954148 0.0125171012 0.0190547939 0.0308694745 0.0234783653 0.0185452194 0.0149576193 0.025343684 0.026056019 0.0271373062 0.026925503 0.004891066 0.0213120524 0.025252323 0.0287412435 0.0 0.0195206986 0.0108754503 0.0324081608 0.021433046 0.01788227 0.0181114855 0.0152308569 0.0152361767 0.0027761186 0.0146905615 0.0192155557 0.0222330316 0.0208175989 0.0195120602 0.0302037712 0.0150850363 0.0258677438
34 0.0187570803 0.009464473 0.026992914 0.0225043303 0.0230063644 0.0231302575 0.0250028681 0.0045519138 0.0333577727 0.0215373424 0.0129255552 0.0309094357 0.0200683292 0.0234039558 0.021559726 0.0103879148 0.0147023844 0.0116231477 0.0207746398 0.0083578193 0.0335226727 0.0225585402 0.007114725 0.0403215704 0.0174162076 0.0109121564 0.0166125669 0.0204858412 0.0081956341 0.007980471 0.0276178444 0.007645275 0.0195206986 0.0 0.0230967668 0.0210836284 0.0159985184 0.0246895725 0.0334247413 0.0236510748 0.0191373644 0.014305034 0.0236114856 0.0311919076 0.0300000063 0.0364844047 0.0340115999 0.0243887362 0.0140757322 0.0079269991
35 0.0306996926 0.0062955795 0.0138527871 0.0077667733 0.0132757355 0.0260191876 0.0237371663 0.0138570736 0.0286759939 0.0233568223 0.0061689761 0.0102798926 0.0212506706 0.0164875078 0.0291433074 0.012160824 0.0235845639 0.0188410522 0.018397345 0.0115479832 0.0271774144 0.0171373481 0.0085646136 0.011477007 0.0346509268 0.0349073102 0.0217915795 0.028498309 0.0238172009 0.0123622342 0.0242953875 0.0237088227 0.0108754503 0.0230967668 0.0 0.0170729615 0.0380997307 0.0207584191 0.0204649411 0.0295909911 0.018426744 0.0180075159 0.0254304284 0.0171528543 0.0274528544 0.0321996224 0.019065158 0.0245707213 0.0122008082 0.0217469438
36 0.0213978718 0.025016595 0.0208791216 0.0130076459 0.0305423424 0.0120668684 0.0140460289 0.0158221921 0.0114698731 0.0208855321 0.0218822217 0.0076122201 0.0149073088 0.0265353384 0.0103686771 0.0273738669 0.011459261 0.0266596108 0.0338611824 0.0248090144 0.009498015 0.0317739835 0.0227628746 0.0157463417 0.0178142716 0.024933114 0.0203425602 0.0109403035 0.0255988777 0.0207950853 0.0307949777 0.019338956 0.0324081608 0.0210836284 0.0170729615 0.0 0.0185510506 0.0262338222 0.0233636427 0.0348077325 0.0242630239 0.0234239895 0.0223933421 0.0202696899 0.0115852446 0.0268065107 0.0046601501 0.0177766847 0.0047241715 0.0296340603
37 0.0262563725 0.0120636912 0.0289761933 0.0125434655 0.0060497367 0.0131080175 0.0196373414 0.0027354514 0.0058863857 0.0204760189 0.0234055624 0.0212988056 0.01800144 0.0239496788 0.0216730858 0.005862049 0.0333896242 0.0225150399 0.016566101 0.0355392758 0.0141524973 0.0231405116 0.0153847827 0.0238163794 0.0214186748 0.0091761846 0.024936079 0.0227214021 0.0097014885 0.0248478749 0.0230047255 0.0197841911 0.021433046 0.0159985184 0.0380997307 0.0185510506 0.0 0.0264993752 0.0251644658 0.0335153757 0.0194342865 0.0202681324 0.0222075394 0.0299579067 0.0279729212 0.0084798779 0.0227357199 0.0175648833 0.0233754876 0.0267235545
38 0.0277063222 0.0228129007 0.0252645446 0.0060650014 0.0228682562 0.0177896277 0.0202487713 0.0334554201 0.0317075708 0.0143109092 0.0236037539 0.0313606878 0.0124855095 0.0038786439 0.0140556888 0.0305130048 0.0203137969 0.0077421255 0.0195660887 0.0119876352 0.0013651973 0.0250792856 0.0230293715 0.0019216595 0.0180179039 0.013669899 0.0096139054 0.022585855 0.0190903317 0.0244302971 0.0289152173 0.0323009784 0.01788227 0.0246895725 0.0207584191 0.0262338222 0.0264993752 0.0 0.0116110265 0.0190679775 0.0136083779 0.0107011754 0.031283746 0.0285549301 0.028198247 0.033274813 0.0190753654 0.01860829 0.0243033526 0.0278930786
39 0.0075395157 0.0246635405 0.0182646277 0.0194603195 0.014200169 0.0030850217 0.020754193 0.0164597105 0.0107264641 0.0104571164 0.01871036 0.025763307 0.0243329627 0.0221819358 0.0189505425 0.0234288985 0.018502587 0.0224721499 0.0203009449 0.0203402087 0.025755941 0.013180493 0.0152955538 0.0337245134 0.0192202947 0.0129891469 0.0292655855 0.0219714874 0.014877197 0.0276240411 0.0326194828 0.0158359248 0.0181114855 0.0334247413 0.0204649411 0.0233636427 0.0251644658 0.0116110265 0.0 0.0266001907 0.0225033134 0.0197118091 0.0248215048 0.0209062946 0.0303520053 0.0208736442 0.0132767943 0.0280223059 0.0166966705 0.0211409281
40 0.0173402565 0.0285027802 0.0117475225 0.0130127454 0.0097335863 0.0207980734 0.0270449562 0.0316316674 0.0095378015 0.0170038802 0.019271839 0.0023347882 0.0113835653 0.0242079401 0.0200920225 0.0182862368 0.0344353129 0.0092085706 0.0179056611 0.0149915547 0.0057553551 0.0069568954 0.02320026 0.0271991645 0.0251923273 0.0250732821 0.0259265956 0.0195950431 0.0297754791 0.0176097585 0.0190002543 0.0179933885 0.0152308569 0.0236510748 0.0295909911 0.0348077325 0.0335153757 0.0190679775 0.0266001907 0.0 0.0159526804 0.0301775197 0.034973525 0.0318527757 0.0210703923 0.0067813664 0.0225361317 0.0169269252 0.0247852205 0.0107306995
41 0.0109534427 0.0178688906 0.0182780054 0.0275452356 0.0309647003 0.012799557 0.0284766887 0.0224925471 0.032960099 0.0320168117 0.0228371635 0.0047041234 0.0224371202 0.0279984407 0.0114671909 0.0212642194 0.0237785024 0.0147805309 0.0129215904 0.030200437 0.0208553399 0.0246606662 0.0282127356 0.0270476841 0.0161638637 0.0040461948 0.0084081045 0.0168447398 0.0348752212 0.0280607947 0.0050340542 0.0159606135 0.0152361767 0.0191373644 0.018426744 0.0242630239 0.0194342865 0.0136083779 0.0225033134 0.0159526804 0.0 0.025412711 0.0144282424 0.0190798188 0.0328539774 0.0191130192 0.026608794 0.015444193 0.0194624747 0.0221194933
42 0.0203585382 0.0177069892 0.0202135141 0.0109660116 0.0117248189 0.0282933592 0.0171482043 0.029563296 0.0260070761 0.0053230017 0.0068701902 0.0124381277 0.0062240284 0.0170708324 0.0332153159 0.0309902635 0.0306902417 0.0225679264 0.0154209378 0.0181984553 0.0243649259 0.00917311 0.0249517425 0.0245143449 0.0172221045 0.0223925584 0.0301035584 0.0261787988 0.0159041645 0.0179863001 0.035815032 0.0234855088 0.0027761186 0.014305034 0.0180075159 0.0234239895 0.0202681324 0.0107011754 0.0197118091 0.0301775197 0.025412711 0.0 0.0214485439 0.0128472396 0.0190170018 0.0368458243 0.0222958315 0.0324797262 0.0120048371 0.025193713
43 0.0137884852 0.0294160442 0.0222291646 0.0290234842 0.0234358176 0.0306244228 0.0016456367 0.0236470149 0.0189319104 0.0275145371 0.0074936218 0.0239525937 0.0224392546 0.0131248201 0.0065841874 0.0358089054 0.0382858587 0.022763857 0.0095398829 0.0128108401 0.0071569801 0.0179734948 0.0294061119 0.0154866735 0.012844412 0.0240396568 0.0174796129 0.0239838808 0.0238169185 0.0388444802 0.0117002749 0.0185617148 0.0146905615 0.0236114856 0.0254304284 0.0223933421 0.0222075394 0.031283746 0.0248215048 0.034973525 0.0144282424 0.0214485439 0.0 0.0051052792 0.0227142436 0.0052278112 0.0172438606 0.0382116238 0.0124879013 0.0093658105
44 0.036575526 0.0255671937 0.0164383445 0.0090647061 0.0115091739 0.021245151 0.021487911 0.0183993124 0.0244416564 0.0064412822 0.0289286177 0.0189399694 0.0158606306 0.038967349 0.0374500274 0.0260692532 0.0209047461 0.0111139878 0.0163084466 0.0229892533 0.0192434372 0.0174050837 0.0247190118 0.0313170128 0.0095064557 0.0051222693 0.0287004166 0.0240011849 0.0036084994 0.0126802173 0.0170084192 0.0173844622 0.0192155557 0.0311919076 0.0171528543 0.0202696899 0.0299579067 0.0285549301 0.0209062946 0.0318527757 0.0190798188 0.0128472396 0.0051052792 0.0 0.0247755969 0.0164596392 0.0189256827 0.0152620687 0.0244538969 0.0245898548
45 0.0098154325 0.0196213623 0.019662266 0.0035291373 0.0217077795 0.0182392775 0.0182945514 0.0135409023 0.0355687033 0.0208015244 0.0214092029 0.0147148706 0.0217759682 0.0167569255 0.0126382161 0.021549019 0.0301872157 0.0264179298 0.0152163666 0.0069741865 0.0147238747 0.0178706492 0.0089731606 0.0232100833 0.0143422276 0.0227108991 0.0328256408 0.0252441735 0.0201094697 0.0086022232 0.0220615385 0.0351233019 0.0222330316 0.0300000063 0.0274528544 0.0115852446 0.0279729212 0.028198247 0.0303520053 0.0210703923 0.0328539774 0.0190170018 0.0227142436 0.0247755969 0.0 0.0320832022 0.0030282022 0.0111498639 0.0218821042 0.0194130256
46 0.0262859956 0.0401150276 0.0180032947 0.01035665 0.0277689761 0.0356324234 0.0066409682 0.0203096769 0.0090334089 0.0077349526 0.024614035 0.0171472645 0.031858197 0.0194338876 0.0131874076 0.0260636889 0.0087507645 0.0322704287 0.0303721733 0.027450044 0.0271185524 0.0091070538 0.0249235152 0.0171900628 0.0101729241 0.0281231037 0.0250027047 0.0041098849 0.0217588986 0.0158898266 0.0132545226 0.0169942367 0.0208175989 0.0364844047 0.0321996224 0.0268065107 0.0084798779 0.033274813 0.0208736442 0.0067813664 0.0191130192 0.0368458243 0.0052278112 0.0164596392 0.0320832022 0.0 0.0118732564 0.0133024581 0.0250048858 0.0076975141
47 0.0241913238 0.0232928824 0.0277240181 0.0350811556 0.0197322363 0.02582721 0.0310831961 0.02115545 0.0230909337 0.0234810568 0.0222531906 0.0188094006 0.0067592601 0.0116063505 0.0219237828 0.0070071222 0.0177029736 0.0069577066 0.0293195351 0.0133326673 0.022695808 0.0250797373 0.0198146348 0.0239347536 0.0155236363 0.0335898455 0.0298557032 0.0245497865 0.0253455597 0.0177831479 0.0172299745 0.0100680321 0.0195120602 0.0340115999 0.019065158 0.0046601501 0.0227357199 0.0190753654 0.0132767943 0.0225361317 0.026608794 0.0222958315 0.0172438606 0.0189256827 0.0030282022 0.0118732564 0.0 0.0305792784 0.0166573217 0.0221127218
48 0.017096891 0.0196970152 0.0238816413 0.0069038972 0.0259917865 0.0097923295 0.0252246969 0.014103112 0.0132133058 0.0214664806 0.0161329827 0.0203828922 0.0238185173 0.0222569431 0.0283485693 0.0253250331 0.0070737893 0.0129560475 0.0045378174 0.0162077049 0.0259942087 0.0312025571 0.0316308217 0.0152416206 0.0210973673 0.0267198775 0.022817244 0.0132038199 0.0071914092 0.0170981365 0.0163054204 0.0264879003 0.0302037712 0.0243887362 0.0245707213 0.0177766847 0.0175648833 0.01860829 0.0280223059 0.0169269252 0.015444193 0.0324797262 0.0382116238 0.0152620687 0.0111498639 0.0133024581 0.0305792784 0.0 0.0324006408 0.0237059933
49 0.0223741971 0.0154935904 0.026528944 0.0266367924 0.0190056339 0.0299982779 0.0300558033 0.0183589509 0.0178005545 0.0135599353 0.0299227907 0.0151241205 0.0196348028 0.0200296347 0.0192981779 0.0172094465 0.0271873261 0.0169094755 0.0352822383 0.0375746844 0.0147981217 0.0228836103 0.021316373 0.0181721845 0.0149344414 0.0270253507 0.0244696488 0.0083094836 0.0141569916 0.0209125194 0.010652755 0.0336251297 0.0150850363 0.0140757322 0.0122008082 0.0047241715 0.0233754876 0.0243033526 0.0166966705 0.0247852205 0.0194624747 0.0120048371 0.0124879013 0.0244538969 0.0218821042 0.0250048858 0.0166573217 0.0324006408 0.0 0.0111574715
50 0.0228434962 0.0244135832 0.0312029206 0.0235411996 0.0225226357 0.0149787429 0.0075105017 0.0155132016 0.0252579499 0.0274150387 0.024809435 0.0218049007 0.0275537269 0.009962591 0.0159210316 0.01115194 0.0224854095 0.0336646798 0.0232315701 0.0311886796 0.0235526155 0.0242005666 0.0256504297 0.0136031856 0.004648738 0.0213211997 0.0205554127 0.0249581202 0.0166981127 0.0076014135 0.0298739561 0.0133434101 0.0258677438 0.0079269991 0.0217469438 0.0296340603 0.0267235545 0.0278930786 0.0211409281 0.0107306995 0.0221194933 0.025193713 0.0093658105 0.0245898548 0.0194130256 0.0076975141 0.0221127218 0.0237059933 0.0111574715 0.0
