30
1 0.0 8.0 10.0 5.0 8.0 7.0 4.0 2.0 3.0 8.0 2.0 3.0 7.0 8.0 3.0 3.0 1.0 1.0 1.0 10.0 7.0 3.0 4.0 8.0 8.0 4.0 10.0 10.0 10.0 7.0
2 8.0 0.0 4.0 5.0 10.0 4.0 9.0 9.0 7.0 4.0 6.0 7.0 8.0 5.0 2.0 8.0 1.0 1.0 7.0 6.0 9.0 10.0 8.0 4.0 2.0 5.0 1.0 2.0 1.0 8.0
3 10.0 4.0 0.0 7.0 4.0 6.0 1.0 1.0 3.0 2.0 1.0 1.0 4.0 7.0 1.0 5.0 2.0 6.0 1.0 7.0 5.0 7.0 10.0 7.0 5.0 5.0 2.0 8.0 3.0 9.0
4 5.0 5.0 7.0 0.0 1.0 9.0 4.0 10.0 5.0 10.0 2.0 3.0 5.0 5.0 9.0 9.0 8.0 3.0 9.0 9.0 8.0 9.0 4.0 4.0 4.0 8.0 8.0 1.0 6.0 2.0
5 8.0 10.0 4.0 1.0 0.0 2.0 10.0 3.0 10.0 6.0 6.0 7.0 6.0 3.0 8.0 10.0 10.0 6.0 10.0 6.0 6.0 10.0 7.0 9.0 6.0 5.0 3.0 1.0 6.0 3.0
6 7.0 4.0 6.0 9.0 2.0 0.0 9.0 4.0 3.0 5.0 6.0 7.0 4.0 5.0 9.0 5.0 8.0 7.0 2.0 10.0 2.0 10.0 4.0 4.0 1.0 3.0 4.0 7.0 1.0 10.0
7 4.0 9.0 1.0 4.0 10.0 9.0 0.0 9.0 10.0 1.0 4.0 4.0 7.0 1.0 2.0 5.0 2.0 8.0 3.0 8.0 2.0 7.0 8.0 6.0 10.0 8.0 9.0 10.0 1.0 4.0
8 2.0 9.0 1.0 10.0 3.0 4.0 9.0 0.0 4.0 5.0 3.0 7.0 5.0 5.0 5.0 10.0 5.0 1.0 1.0 10.0 3.0 3.0 5.0 9.0 2.0 8.0 7.0 5.0 7.0 1.0
9 3.0 7.0 3.0 5.0 10.0 3.0 10.0 4.0 0.0 4.0 3.0 6.0 4.0 8.0 2.0 9.0 9.0 10.0 5.0 1.0 6.0 5.0 1.0 4.0 7.0 4.0 6.0 3.0 3.0 9.0
10 8.0 4.0 2.0 10.0 6.0 5.0 1.0 5.0 4.0 0.0 4.0 5.0 1.0 2.0 6.0 10.0 5.0 2.0 4.0 2.0 8.0 1.0 8.0 3.0 8.0 1.0 4.0 5.0 9.0 6.0
11 2.0 6.0 1.0 2.0 6.0 6.0 4.0 3.0 3.0 4.0 0.0 5.0 6.0 10.0 10.0 4.0 10.0 4.0 9.0 9.0 8.0 9.0 10.0 5.0 4.0 8.0 6.0 6.0 9.0 7.0
12 3.0 7.0 1.0 3.0 7.0 7.0 4.0 7.0 6.0 5.0 5.0 0.0 4.0 10.0 2.0 10.0 3.0 2.0 1.0 6.0 1.0 5.0 8.0 3.0 9.0 5.0 7.0 9.0 5.0 1.0
13 7.0 8.0 4.0 5.0 6.0 4.0 7.0 5.0 4.0 1.0 6.0 4.0 0.0 7.0 10.0 10.0 9.0 4.0 7.0 4.0 3.0 6.0 7.0 3.0 5.0 10.0 10.0 5.0 4.0 3.0
14 8.0 5.0 7.0 5.0 3.0 5.0 1.0 5.0 8.0 2.0 10.0 10.0 7.0 0.0 5.0 10.0 2.0 10.0 8.0 6.0 8.0 5.0 9.0 6.0 2.0 1.0 8.0 6.0 1.0 10.0
15 3.0 2.0 1.0 9.0 8.0 9.0 2.0 5.0 2.0 6.0 10.0 2.0 10.0 5.0 0.0 7.0 4.0 9.0 3.0 9.0 4.0 2.0 4.0 6.0 7.0 2.0 4.0 4.0 5.0 4.0
16 3.0 8.0 5.0 9.0 10.0 5.0 5.0 10.0 9.0 10.0 4.0 10.0 10.0 10.0 7.0 0.0 1.0 3.0 9.0 10.0 3.0 2.0 1.0 6.0 1.0 9.0 3.0 6.0 6.0 5.0
17 1.0 1.0 2.0 8.0 10.0 8.0 2.0 5.0 9.0 5.0 10.0 3.0 9.0 2.0 4.0 1.0 0.0 6.0 3.0 2.0 9.0 1.0 1.0 2.0 3.0 5.0 7.0 8.0 10.0 6.0
18 1.0 1.0 6.0 3.0 6.0 7.0 8.0 1.0 10.0 2.0 4.0 2.0 4.0 10.0 9.0 3.0 6.0 0.0 9.0 9.0 1.0 9.0 9.0 5.0 2.0 3.0 10.0 8.0 7.0 10.0
19 1.0 7.0 1.0 9.0 10.0 2.0 3.0 1.0 5.0 4.0 9.0 1.0 7.0 8.0 3.0 9.0 3.0 9.0 0.0 2.0 10.0 6.0 10.0 8.0 4.0 1.0 4.0 5.0 1.0 1.0
20 10.0 6.0 7.0 9.0 6.0 10.0 8.0 10.0 1.0 2.0 9.0 6.0 4.0 6.0 9.0 10.0 2.0 9.0 2.0 0.0 4.0 8.0 6.0 7.0 8.0 2.0 8.0 8.0 2.0 7.0
21 7.0 9.0 5.0 8.0 6.0 2.0 2.0 3.0 6.0 8.0 8.0 1.0 3.0 8.0 4.0 3.0 9.0 1.0 10.0 4.0 0.0 2.0 6.0 6.0 2.0 7.0 2.0 8.0 8.0 6.0
22 3.0 10.0 7.0 9.0 10.0 10.0 7.0 3.0 5.0 1.0 9.0 5.0 6.0 5.0 2.0 2.0 1.0 9.0 6.0 8.0 2.0 0.0 1.0 1.0 10.0 5.0 7.0 9.0 10.0 1.0
23 4.0 8.0 10.0 4.0 7.0 4.0 8.0 5.0 1.0 8.0 10.0 8.0 7.0 9.0 4.0 1.0 1.0 9.0 10.0 6.0 6.0 1.0 0.0 9.0 3.0 1.0 10.0 3.0 7.0 9.0
24 8.0 4.0 7.0 4.0 9.0 4.0 6.0 9.0 4.0 3.0 5.0 3.0 3.0 6.0 6.0 6.0 2.0 5.0 8.0 7.0 6.0 1.0 9.0 0.0 8.0 9.0 6.0 3.0 2.0 8.0
25 8.0 2.0 5.0 4.0 6.0 1.0 10.0 2.0 7.0 8.0 4.0 9.0 5.0 2.0 7.0 1.0 3.0 2.0 4.0 8.0 2.0 10.0 3.0 8.0 0.0 7.0 6.0 1.0 8.0 10.0
26 4.0 5.0 5.0 8.0 5.0 3.0 8.0 8.0 4.0 1.0 8.0 5.0 10.0 1.0 2.0 9.0 5.0 3.0 1.0 2.0 7.0 5.0 1.0 9.0 7.0 0.0 1.0 3.0 4.0 1.0
27 10.0 1.0 2.0 8.0 3.0 4.0 9.0 7.0 6.0 4.0 6.0 7.0 10.0 8.0 4.0 3.0 7.0 10.0 4.0 8.0 2.0 7.0 10.0 6.0 6.0 1.0 0.0 7.0 2.0 10.0
28 10.0 2.0 8.0 1.0 1.0 7.0 10.0 5.0 3.0 5.0 6.0 9.0 5.0 6.0 4.0 6.0 8.0 8.0 5.0 8.0 8.0 9.0 3.0 3.0 1.0 3.0 7.0 0.0 4.0 9.0
29 10.0 1.0 3.0 6.0 6.0 1.0 1.0 7.0 3.0 9.0 9.0 5.0 4.0 1.0 5.0 6.0 10.0 7.0 1.0 2.0 8.0 10.0 7.0 2.0 8.0 4.0 2.0 4.0 0.0 2.0
30 7.0 8.0 9.0 2.0 3.0 10.0 4.0 1.0 9.0 6.0 7.0 1.0 3.0 10.0 4.0 5.0 6.0 10.0 1.0 7.0 6.0 1.0 9.0 8.0 10.0 1.0 10.0 9.0 2.0 0.0
