55
1 0.0 9.0 3.0 9.0 10.0 9.0 3.0 10.0 10.0 10.0 8.0 1.0 8.0 7.0 8.0 9.0 1.0 8.0 5.0 9.0 8.0 10.0 9.0 5.0 5.0 1.0 10.0 9.0 2.0 7.0 5.0 4.0 7.0 7.0 7.0 10.0 10.0 1.0 1.0 9.0 6.0 2.0 9.0 8.0 8.0 9.0 10.0 7.0 3.0 9.0 7.0 10.0 5.0 8.0 10.0
2 9.0 0.0 9.0 3.0 6.0 4.0 3.0 6.0 4.0 8.0 9.0 6.0 6.0 6.0 1.0 7.0 6.0 1.0 2.0 10.0 5.0 4.0 8.0 1.0 3.0 9.0 1.0 9.0 4.0 6.0 4.0 4.0 9.0 10.0 5.0 1.0 5.0 8.0 2.0 10.0 8.0 5.0 8.0 1.0 2.0 6.0 5.0 3.0 7.0 10.0 6.0 6.0 7.0 2.0 5.0
3 3.0 9.0 0.0 9.0 10.0 2.0 8.0 2.0 2.0 9.0 4.0 6.0 5.0 10.0 8.0 4.0 1.0 10.0 8.0 3.0 2.0 7.0 1.0 2.0 9.0 10.0 2.0 7.0 3.0 9.0 2.0 9.0 5.0 2.0 7.0 5.0 2.0 8.0 1.0 3.0 4.0 6.0 10.0 5.0 4.0 8.0 1.0 2.0 8.0 6.0 9.0 2.0 3.0 5.0 9.0
4 9.0 3.0 9.0 0.0 6.0 1.0 8.0 2.0 5.0 7.0 3.0 7.0 8.0 3.0 10.0 10.0 6.0 5.0 1.0 5.0 5.0 8.0 4.0 2.0 3.0 6.0 3.0 8.0 9.0 5.0 7.0 5.0 8.0 7.0 9.0 10.0 9.0 7.0 10.0 2.0 4.0 9.0 8.0 8.0 3.0 7.0 5.0 7.0 7.0 6.0 8.0 5.0 2.0 9.0 10.0
5 10.0 6.0 10.0 6.0 0.0 8.0 1.0 1.0 8.0 7.0 10.0 5.0 2.0 3.0 5.0 1.0 7.0 7.0 4.0 9.0 5.0 2.0 5.0 6.0 4.0 8.0 9.0 3.0 2.0 6.0 3.0 4.0 1.0 3.0 3.0 10.0 5.0 8.0 1.0 2.0 7.0 10.0 10.0 4.0 8.0 3.0 3.0 6.0 3.0 6.0 8.0 5.0 5.0 1.0 1.0
6 9.0 4.0 2.0 1.0 8.0 0.0 9.0 5.0 2.0 7.0 9.0 1.0 4.0 1.0 9.0 5.0 3.0 7.0 10.0 1.0 9.0 8.0 10.0 9.0 4.0 3.0 5.0 5.0 9.0 5.0 8.0 5.0 6.0 6.0 3.0 7.0 10.0 5.0 3.0 7.0 5.0 3.0 3.0 2.0 4.0 10.0 7.0 5.0 2.0 9.0 2.0 1.0 10.0 5.0 6.0
7 3.0 3.0 8.0 8.0 1.0 9.0 0.0 3.0 1.0 9.0 4.0 6.0 1.0 2.0 3.0 8.0 10.0 6.0 7.0 3.0 1.0 2.0 3.0 5.0 3.0 3.0 1.0 7.0 5.0 9.0 2.0 3.0 9.0 1.0 7.0 2.0 10.0 9.0 2.0 2.0 4.0 3.0 2.0 7.0 1.0 7.0 9.0 2.0 5.0 1.0 10.0 10.0 4.0 9.0 7.0
8 10.0 6.0 2.0 2.0 1.0 5.0 3.0 0.0 5.0 10.0 9.0 2.0 5.0 7.0 1.0 1.0 8.0 3.0 8.0 8.0 1.0 4.0 5.0 1.0 5.0 1.0 6.0 3.0 8.0 1.0 10.0 8.0 4.0 3.0 10.0 6.0 1.0 5.0 2.0 2.0 9.0 10.0 9.0 10.0 8.0 8.0 4.0 5.0 6.0 3.0 1.0 9.0 1.0 8.0 4.0
9 10.0 4.0 2.0 5.0 8.0 2.0 1.0 5.0 0.0 8.0 9.0 4.0 3.0 1.0 3.0 4.0 3.0 10.0 6.0 9.0 7.0 1.0 7.0 9.0 4.0 4.0 5.0 5.0 9.0 2.0 7.0 2.0 1.0 1.0 1.0 8.0 10.0 7.0 8.0 8.0 8.0 7.0 9.0 4.0 2.0 3.0 10.0 9.0 1.0 3.0 8.0 6.0 9.0 7.0 8.0
10 10.0 8.0 9.0 7.0 7.0 7.0 9.0 10.0 8.0 0.0 9.0 3.0 9.0 10.0 10.0 4.0 3.0 3.0 9.0 9.0 3.0 3.0 9.0 7.0 3.0 10.0 9.0 6.0 10.0 1.0 4.0 3.0 9.0 10.0 9.0 6.0 2.0 8.0 9.0 8.0 8.0 4.0 3.0 3.0 5.0 3.0 2.0 8.0 10.0 6.0 7.0 2.0 9.0 6.0 2.0
11 8.0 9.0 4.0 3.0 10.0 9.0 4.0 9.0 9.0 9.0 0.0 7.0 6.0 10.0 1.0 5.0 10.0 9.0 8.0 4.0 5.0 7.0 3.0 2.0 6.0 9.0 2.0 2.0 4.0 4.0 8.0 6.0 1.0 6.0 1.0 10.0 9.0 9.0 4.0 5.0 3.0 6.0 2.0 3.0 8.0 8.0 3.0 3.0 7.0 4.0 2.0 10.0 7.0 3.0 9.0
12 1.0 6.0 6.0 7.0 5.0 1.0 6.0 2.0 4.0 3.0 7.0 0.0 3.0 8.0 3.0 5.0 3.0 7.0 9.0 3.0 5.0 7.0 8.0 6.0 8.0 2.0 1.0 7.0 8.0 1.0 2.0 1.0 6.0 1.0 3.0 3.0 8.0 2.0 8.0 3.0 9.0 3.0 5.0 2.0 6.0 1.0 3.0 9.0 1.0 2.0 3.0 8.0 4.0 7.0 6.0
13 8.0 6.0 5.0 8.0 2.0 4.0 1.0 5.0 3.0 9.0 6.0 3.0 0.0 2.0 9.0 4.0 8.0 3.0 4.0 5.0 6.0 7.0 6.0 2.0 7.0 6.0 1.0 9.0 3.0 6.0 3.0 10.0 4.0 1.0 5.0 9.0 8.0 7.0 8.0 6.0 6.0 1.0 7.0 7.0 2.0 1.0 6.0 4.0 1.0 6.0 5.0 6.0 1.0 9.0 10.0
14 7.0 6.0 10.0 3.0 3.0 1.0 2.0 7.0 1.0 10.0 10.0 8.0 2.0 0.0 5.0 4.0 3.0 3.0 1.0 1.0 7.0 3.0 8.0 10.0 6.0 2.0 2.0 8.0 10.0 10.0 7.0 9.0 8.0 9.0 2.0 9.0 5.0 6.0 8.0 8.0 8.0 1.0 9.0 9.0 6.0 8.0 4.0 3.0 10.0 3.0 9.0 1.0 1.0 8.0 6.0
15 8.0 1.0 8.0 10.0 5.0 9.0 3.0 1.0 3.0 10.0 1.0 3.0 9.0 5.0 0.0 1.0 10.0 9.0 8.0 8.0 10.0 3.0 8.0 7.0 2.0 10.0 4.0 10.0 6.0 1.0 7.0 8.0 7.0 3.0 2.0 8.0 10.0 2.0 8.0 6.0 2.0 9.0 5.0 9.0 1.0 3.0 4.0 7.0 4.0 2.0 8.0 3.0 9.0 2.0 4.0
16 9.0 7.0 4.0 10.0 1.0 5.0 8.0 1.0 4.0 4.0 5.0 5.0 4.0 4.0 1.0 0.0 6.0 9.0 10.0 4.0 1.0 5.0 4.0 4.0 8.0 9.0 9.0 10.0 5.0 6.0 2.0 5.0 7.0 3.0 10.0 10.0 1.0 5.0 5.0 6.0 2.0 8.0 8.0 6.0 6.0 10.0 7.0 3.0 3.0 1.0 8.0 4.0 8.0 3.0 10.0
17 1.0 6.0 1.0 6.0 7.0 3.0 10.0 8.0 3.0 3.0 10.0 3.0 8.0 3.0 10.0 6.0 0.0 10.0 10.0 8.0 6.0 4.0 2.0 10.0 1.0 7.0 4.0 6.0 10.0 7.0 1.0 8.0 2.0 3.0 10.0 4.0 5.0 3.0 1.0 8.0 7.0 8.0 7.0 3.0 5.0 10.0 7.0 5.0 8.0 9.0 8.0 9.0 6.0 2.0 8.0
18 8.0 1.0 10.0 5.0 7.0 7.0 6.0 3.0 10.0 3.0 9.0 7.0 3.0 3.0 9.0 9.0 10.0 0.0 8.0 6.0 3.0 1.0 3.0 8.0 10.0 5.0 9.0 4.0 3.0 5.0 7.0 5.0 6.0 3.0 2.0 1.0 3.0 3.0 9.0 8.0 1.0 6.0 9.0 1.0 7.0 6.0 8.0 5.0 5.0 2.0 4.0 5.0 3.0 7.0 6.0
19 5.0 2.0 8.0 1.0 4.0 10.0 7.0 8.0 6.0 9.0 8.0 9.0 4.0 1.0 8.0 10.0 10.0 8.0 0.0 4.0 1.0 1.0 5.0 2.0 3.0 9.0 1.0 10.0 10.0 6.0 4.0 10.0 9.0 6.0 7.0 1.0 3.0 2.0 6.0 2.0 5.0 5.0 8.0 3.0 7.0 1.0 5.0 6.0 2.0 1.0 6.0 8.0 7.0 2.0 6.0
20 9.0 10.0 3.0 5.0 9.0 1.0 3.0 8.0 9.0 9.0 4.0 3.0 5.0 1.0 8.0 4.0 8.0 6.0 4.0 0.0 10.0 10.0 5.0 9.0 1.0 2.0 1.0 10.0 3.0 2.0 8.0 3.0 5.0 2.0 2.0 10.0 2.0 5.0 2.0 7.0 9.0 7.0 2.0 7.0 8.0 7.0 7.0 5.0 2.0 9.0 7.0 5.0 9.0 5.0 10.0
21 8.0 5.0 2.0 5.0 5.0 9.0 1.0 1.0 7.0 3.0 5.0 5.0 6.0 7.0 10.0 1.0 6.0 3.0 1.0 10.0 0.0 6.0 1.0 6.0 1.0 5.0 4.0 6.0 3.0 1.0 8.0 6.0 6.0 7.0 3.0 9.0 7.0 5.0 6.0 4.0 5.0 9.0 5.0 1.0 5.0 3.0 8.0 2.0 1.0 4.0 6.0 2.0 4.0 3.0 7.0
22 10.0 4.0 7.0 8.0 2.0 8.0 2.0 4.0 1.0 3.0 7.0 7.0 7.0 3.0 3.0 5.0 4.0 1.0 1.0 10.0 6.0 0.0 4.0 2.0 8.0 3.0 3.0 3.0 3.0 6.0 3.0 6.0 4.0 5.0 2.0 2.0 10.0 5.0 7.0 8.0 3.0 5.0 9.0 3.0 6.0 2.0 6.0 9.0 4.0 9.0 10.0 5.0 2.0 8.0 2.0
23 9.0 8.0 1.0 4.0 5.0 10.0 3.0 5.0 7.0 9.0 3.0 8.0 6.0 8.0 8.0 4.0 2.0 3.0 5.0 5.0 1.0 4.0 0.0 9.0 8.0 10.0 6.0 2.0 8.0 5.0 10.0 9.0 9.0 9.0 8.0 5.0 9.0 4.0 6.0 7.0 5.0 7.0 8.0 10.0 2.0 6.0 3.0 9.0 4.0 3.0 7.0 4.0 3.0 3.0 1.0
24 5.0 1.0 2.0 2.0 6.0 9.0 5.0 1.0 9.0 7.0 2.0 6.0 2.0 10.0 7.0 4.0 10.0 8.0 2.0 9.0 6.0 2.0 9.0 0.0 10.0 3.0 2.0 6.0 6.0 4.0 5.0 1.0 7.0 1.0 4.0 10.0 8.0 8.0 7.0 8.0 8.0 10.0 9.0 8.0 7.0 10.0 7.0 6.0 3.0 1.0 9.0 4.0 8.0 5.0 10.0
25 5.0 3.0 9.0 3.0 4.0 4.0 3.0 5.0 4.0 3.0 6.0 8.0 7.0 6.0 2.0 8.0 1.0 10.0 3.0 1.0 1.0 8.0 8.0 10.0 0.0 3.0 8.0 6.0 4.0 9.0 6.0 7.0 6.0 10.0 6.0 8.0 9.0 8.0 9.0 7.0 2.0 3.0 6.0 8.0 2.0 4.0 7.0 10.0 9.0 6.0 4.0 10.0 6.0 1.0 9.0
26 1.0 9.0 10.0 6.0 8.0 3.0 3.0 1.0 4.0 10.0 9.0 2.0 6.0 2.0 10.0 9.0 7.0 5.0 9.0 2.0 5.0 3.0 10.0 3.0 3.0 0.0 2.0 8.0 4.0 1.0 9.0 5.0 7.0 2.0 2.0 8.0 6.0 9.0 5.0 10.0 8.0 3.0 10.0 6.0 3.0 8.0 2.0 3.0 3.0 7.0 9.0 9.0 4.0 2.0 6.0
27 10.0 1.0 2.0 3.0 9.0 5.0 1.0 6.0 5.0 9.0 2.0 1.0 1.0 2.0 4.0 9.0 4.0 9.0 1.0 1.0 4.0 3.0 6.0 2.0 8.0 2.0 0.0 9.0 4.0 8.0 9.0 7.0 7.0 6.0 5.0 2.0 3.0 7.0 7.0 9.0 5.0 7.0 10.0 2.0 7.0 4.0 4.0 8.0 2.0 7.0 2.0 9.0 4.0 7.0 7.0
28 9.0 9.0 7.0 8.0 3.0 5.0 7.0 3.0 5.0 6.0 2.0 7.0 9.0 8.0 10.0 10.0 6.0 4.0 10.0 10.0 6.0 3.0 2.0 6.0 6.0 8.0 9.0 0.0 5.0 8.0 7.0 8.0 4.0 6.0 10.0 8.0 9.0 8.0 6.0 3.0 6.0 1.0 10.0 8.0 7.0 6.0 9.0 4.0 3.0 8.0 4.0 1.0 9.0 2.0 3.0
29 2.0 4.0 3.0 9.0 2.0 9.0 5.0 8.0 9.0 10.0 4.0 8.0 3.0 10.0 6.0 5.0 10.0 3.0 10.0 3.0 3.0 3.0 8.0 6.0 4.0 4.0 4.0 5.0 0.0 10.0 7.0 2.0 5.0 6.0 4.0 6.0 5.0 9.0 6.0 4.0 9.0 8.0 6.0 9.0 1.0 1.0 8.0 9.0 7.0 3.0 7.0 8.0 8.0 10.0 1.0
30 7.0 6.0 9.0 5.0 6.0 5.0 9.0 1.0 2.0 1.0 4.0 1.0 6.0 10.0 1.0 6.0 7.0 5.0 6.0 2.0 1.0 6.0 5.0 4.0 9.0 1.0 8.0 8.0 10.0 0.0 1.0 3.0 2.0 4.0 4.0 7.0 9.0 6.0 8.0 5.0 5.0 7.0 3.0 10.0 6.0 3.0 9.0 10.0 4.0 6.0 6.0 4.0 8.0 5.0 6.0
31 5.0 4.0 2.0 7.0 3.0 8.0 2.0 10.0 7.0 4.0 8.0 2.0 3.0 7.0 7.0 2.0 1.0 7.0 4.0 8.0 8.0 3.0 10.0 5.0 6.0 9.0 9.0 7.0 7.0 1.0 0.0 2.0 1.0 1.0 8.0 4.0 7.0 6.0 3.0 4.0 6.0 9.0 6.0 2.0 3.0 4.0 8.0 10.0 1.0 3.0 4.0 5.0 9.0 10.0 10.0
32 4.0 4.0 9.0 5.0 4.0 5.0 3.0 8.0 2.0 3.0 6.0 1.0 10.0 9.0 8.0 5.0 8.0 5.0 10.0 3.0 6.0 6.0 9.0 1.0 7.0 5.0 7.0 8.0 2.0 3.0 2.0 0.0 6.0 7.0 1.0 1.0 4.0 3.0 1.0 3.0 6.0 8.0 9.0 6.0 6.0 8.0 8.0 8.0 5.0 9.0 9.0 1.0 1.0 3.0 10.0
33 7.0 9.0 5.0 8.0 1.0 6.0 9.0 4.0 1.0 9.0 1.0 6.0 4.0 8.0 7.0 7.0 2.0 6.0 9.0 5.0 6.0 4.0 9.0 7.0 6.0 7.0 7.0 4.0 5.0 2.0 1.0 6.0 0.0 4.0 5.0 4.0 3.0 4.0 6.0 1.0 4.0 1.0 2.0 7.0 4.0 3.0 4.0 9.0 4.0 6.0 8.0 10.0 8.0 1.0 5.0
34 7.0 10.0 2.0 7.0 3.0 6.0 1.0 3.0 1.0 10.0 6.0 1.0 1.0 9.0 3.0 3.0 3.0 3.0 6.0 2.0 7.0 5.0 9.0 1.0 10.0 2.0 6.0 6.0 6.0 4.0 1.0 7.0 4.0 0.0 2.0 9.0 1.0 8.0 1.0 9.0 3.0 9.0 7.0 8.0 5.0 6.0 2.0 3.0 9.0 3.0 10.0 3.0 2.0 1.0 5.0
35 7.0 5.0 7.0 9.0 3.0 3.0 7.0 10.0 1.0 9.0 1.0 3.0 5.0 2.0 2.0 10.0 10.0 2.0 7.0 2.0 3.0 2.0 8.0 4.0 6.0 2.0 5.0 10.0 4.0 4.0 8.0 1.0 5.0 2.0 0.0 7.0 9.0 5.0 7.0 5.0 4.0 9.0 6.0 3.0 2.0 8.0 3.0 4.0 8.0 2.0 5.0 9.0 4.0 1.0 7.0
36 10.0 1.0 5.0 10.0 10.0 7.0 2.0 6.0 8.0 6.0 10.0 3.0 9.0 9.0 8.0 10.0 4.0 1.0 1.0 10.0 9.0 2.0 5.0 10.0 8.0 8.0 2.0 8.0 6.0 7.0 4.0 1.0 4.0 9.0 7.0 0.0 4.0 2.0 3.0 5.0 6.0 6.0 4.0 1.0 5.0 9.0 4.0 6.0 8.0 9.0 9.0 3.0 6.0 5.0 8.0
37 10.0 5.0 2.0 9.0 5.0 10.0 10.0 1.0 10.0 2.0 9.0 8.0 8.0 5.0 10.0 1.0 5.0 3.0 3.0 2.0 7.0 10.0 9.0 8.0 9.0 6.0 3.0 9.0 5.0 9.0 7.0 4.0 3.0 1.0 9.0 4.0 0.0 4.0 10.0 3.0 2.0 9.0 6.0 4.0 1.0 8.0 6.0 2.0 5.0 8.0 7.0 4.0 5.0 3.0 8.0
38 1.0 8.0 8.0 7.0 8.0 5.0 9.0 5.0 7.0 8.0 9.0 2.0 7.0 6.0 2.0 5.0 3.0 3.0 2.0 5.0 5.0 5.0 4.0 8.0 8.0 9.0 7.0 8.0 9.0 6.0 6.0 3.0 4.0 8.0 5.0 2.0 4.0 0.0 8.0 1.0 4.0 8.0 2.0 5.0 4.0 1.0 4.0 1.0 8.0 10.0 4.0 5.0 3.0 10.0 9.0
39 1.0 2.0 1.0 10.0 1.0 3.0 2.0 2.0 8.0 9.0 4.0 8.0 8.0 8.0 8.0 5.0 1.0 9.0 6.0 2.0 6.0 7.0 6.0 7.0 9.0 5.0 7.0 6.0 6.0 8.0 3.0 1.0 6.0 1.0 7.0 3.0 10.0 8.0 0.0 2.0 8.0 9.0 9.0 8.0 10.0 7.0 3.0 8.0 6.0 10.0 5.0 1.0 4.0 10.0 5.0
40 9.0 10.0 3.0 2.0 2.0 7.0 2.0 2.0 8.0 8.0 5.0 3.0 6.0 8.0 6.0 6.0 8.0 8.0 2.0 7.0 4.0 8.0 7.0 8.0 7.0 10.0 9.0 3.0 4.0 5.0 4.0 3.0 1.0 9.0 5.0 5.0 3.0 1.0 2.0 0.0 8.0 6.0 10.0 3.0 8.0 5.0 2.0 3.0 1.0 1.0 5.0 6.0 1.0 2.0 2.0
41 6.0 8.0 4.0 4.0 7.0 5.0 4.0 9.0 8.0 8.0 3.0 9.0 6.0 8.0 2.0 2.0 7.0 1.0 5.0 9.0 5.0 3.0 5.0 8.0 2.0 8.0 5.0 6.0 9.0 5.0 6.0 6.0 4.0 3.0 4.0 6.0 2.0 4.0 8.0 8.0 0.0 2.0 2.0 1.0 3.0 6.0 4.0 5.0 1.0 1.0 9.0 1.0 6.0 6.0 6.0
42 2.0 5.0 6.0 9.0 10.0 3.0 3.0 10.0 7.0 4.0 6.0 3.0 1.0 1.0 9.0 8.0 8.0 6.0 5.0 7.0 9.0 5.0 7.0 10.0 3.0 3.0 7.0 1.0 8.0 7.0 9.0 8.0 1.0 9.0 9.0 6.0 9.0 8.0 9.0 6.0 2.0 0.0 2.0 9.0 10.0 4.0 2.0 7.0 7.0 8.0 8.0 5.0 9.0 3.0 5.0
43 9.0 8.0 10.0 8.0 10.0 3.0 2.0 9.0 9.0 3.0 2.0 5.0 7.0 9.0 5.0 8.0 7.0 9.0 8.0 2.0 5.0 9.0 8.0 9.0 6.0 10.0 10.0 10.0 6.0 3.0 6.0 9.0 2.0 7.0 6.0 4.0 6.0 2.0 9.0 10.0 2.0 2.0 0.0 4.0 10.0 7.0 4.0 5.0 9.0 5.0 10.0 5.0 6.0 3.0 4.0
44 8.0 1.0 5.0 8.0 4.0 2.0 7.0 10.0 4.0 3.0 3.0 2.0 7.0 9.0 9.0 6.0 3.0 1.0 3.0 7.0 1.0 3.0 10.0 8.0 8.0 6.0 2.0 8.0 9.0 10.0 2.0 6.0 7.0 8.0 3.0 1.0 4.0 5.0 8.0 3.0 1.0 9.0 4.0 0.0 4.0 2.0 6.0 7.0 7.0 9.0 8.0 9.0 3.0 8.0 8.0
45 8.0 2.0 4.0 3.0 8.0 4.0 1.0 8.0 2.0 5.0 8.0 6.0 2.0 6.0 1.0 6.0 5.0 7.0 7.0 8.0 5.0 6.0 2.0 7.0 2.0 3.0 7.0 7.0 1.0 6.0 3.0 6.0 4.0 5.0 2.0 5.0 1.0 4.0 10.0 8.0 3.0 10.0 10.0 4.0 0.0 6.0 9.0 8.0 2.0 2.0 2.0 7.0 4.0 2.0 1.0
46 9.0 6.0 8.0 7.0 3.0 10.0 7.0 8.0 3.0 3.0 8.0 1.0 1.0 8.0 3.0 10.0 10.0 6.0 1.0 7.0 3.0 2.0 6.0 10.0 4.0 8.0 4.0 6.0 1.0 3.0 4.0 8.0 3.0 6.0 8.0 9.0 8.0 1.0 7.0 5.0 6.0 4.0 7.0 2.0 6.0 0.0 7.0 3.0 6.0 1.0 2.0 3.0 1.0 10.0 8.0
47 10.0 5.0 1.0 5.0 3.0 7.0 9.0 4.0 10.0 2.0 3.0 3.0 6.0 4.0 4.0 7.0 7.0 8.0 5.0 7.0 8.0 6.0 3.0 7.0 7.0 2.0 4.0 9.0 8.0 9.0 8.0 8.0 4.0 2.0 3.0 4.0 6.0 4.0 3.0 2.0 4.0 2.0 4.0 6.0 9.0 7.0 0.0 10.0 7.0 6.0 10.0 10.0 5.0 5.0 7.0
48 7.0 3.0 2.0 7.0 6.0 5.0 2.0 5.0 9.0 8.0 3.0 9.0 4.0 3.0 7.0 3.0 5.0 5.0 6.0 5.0 2.0 9.0 9.0 6.0 10.0 3.0 8.0 4.0 9.0 10.0 10.0 8.0 9.0 3.0 4.0 6.0 2.0 1.0 8.0 3.0 5.0 7.0 5.0 7.0 8.0 3.0 10.0 0.0 10.0 9.0 1.0 10.0 5.0 9.0 2.0
49 3.0 7.0 8.0 7.0 3.0 2.0 5.0 6.0 1.0 10.0 7.0 1.0 1.0 10.0 4.0 3.0 8.0 5.0 2.0 2.0 1.0 4.0 4.0 3.0 9.0 3.0 2.0 3.0 7.0 4.0 1.0 5.0 4.0 9.0 8.0 8.0 5.0 8.0 6.0 1.0 1.0 7.0 9.0 7.0 2.0 6.0 7.0 10.0 0.0 1.0 6.0 3.0 7.0 6.0 7.0
50 9.0 10.0 6.0 6.0 6.0 9.0 1.0 3.0 3.0 6.0 4.0 2.0 6.0 3.0 2.0 1.0 9.0 2.0 1.0 9.0 4.0 9.0 3.0 1.0 6.0 7.0 7.0 8.0 3.0 6.0 3.0 9.0 6.0 3.0 2.0 9.0 8.0 10.0 10.0 1.0 1.0 8.0 5.0 9.0 2.0 1.0 6.0 9.0 1.0 0.0 2.0 9.0 1.0 7.0 7.0
51 7.0 6.0 9.0 8.0 8.0 2.0 10.0 1.0 8.0 7.0 2.0 3.0 5.0 9.0 8.0 8.0 8.0 4.0 6.0 7.0 6.0 10.0 7.0 9.0 4.0 9.0 2.0 4.0 7.0 6.0 4.0 9.0 8.0 10.0 5.0 9.0 7.0 4.0 5.0 5.0 9.0 8.0 10.0 8.0 2.0 2.0 10.0 1.0 6.0 2.0 0.0 3.0 7.0 7.0 6.0
52 10.0 6.0 2.0 5.0 5.0 1.0 10.0 9.0 6.0 2.0 10.0 8.0 6.0 1.0 3.0 4.0 9.0 5.0 8.0 5.0 2.0 5.0 4.0 4.0 10.0 9.0 9.0 1.0 8.0 4.0 5.0 1.0 10.0 3.0 9.0 3.0 4.0 5.0 1.0 6.0 1.0 5.0 5.0 9.0 7.0 3.0 10.0 10.0 3.0 9.0 3.0 0.0 9.0 7.0 5.0
53 5.0 7.0 3.0 2.0 5.0 10.0 4.0 1.0 9.0 9.0 7.0 4.0 1.0 1.0 9.0 8.0 6.0 3.0 7.0 9.0 4.0 2.0 3.0 8.0 6.0 4.0 4.0 9.0 8.0 8.0 9.0 1.0 8.0 2.0 4.0 6.0 5.0 3.0 4.0 1.0 6.0 9.0 6.0 3.0 4.0 1.0 5.0 5.0 7.0 1.0 7.0 9.0 0.0 1.0 6.0
54 8.0 2.0 5.0 9.0 1.0 5.0 9.0 8.0 7.0 6.0 3.0 7.0 9.0 8.0 2.0 3.0 2.0 7.0 2.0 5.0 3.0 8.0 3.0 5.0 1.0 2.0 7.0 2.0 10.0 5.0 10.0 3.0 1.0 1.0 1.0 5.0 3.0 10.0 10.0 2.0 6.0 3.0 3.0 8.0 2.0 10.0 5.0 9.0 6.0 7.0 7.0 7.0 1.0 0.0 1.0
55 10.0 5.0 9.0 10.0 1.0 6.0 7.0 4.0 8.0 2.0 9.0 6.0 10.0 6.0 4.0 10.0 8.0 6.0 6.0 10.0 7.0 2.0 1.0 10.0 9.0 6.0 7.0 3.0 1.0 6.0 10.0 10.0 5.0 5.0 7.0 8.0 8.0 9.0 5.0 2.0 6.0 5.0 4.0 8.0 1.0 8.0 7.0 2.0 7.0 7.0 6.0 5.0 6.0 1.0 0.0
