30
1 0.0 0.0483958746 0.0270935334 0.0279937288 0.0301165175 0.0428704321 0.0071669725 0.0259615233 0.029278308 0.0319568694 0.0265659683 0.0196245338 0.0430324668 0.0541002196 0.0553316975 0.0254509461 0.049931024 0.0621654241 0.0243026991 0.0073852957 0.0396345167 0.0302265543 0.0223094604 0.0140765688 0.0356329821 0.0234544897 0.0403061773 0.0584007572 0.0498908769 0.0473435819
2 0.0483958746 0.0 0.0231821342 0.0158983836 0.0361194948 0.0219166559 0.041867692 0.0561776082 0.0363186775 0.0125140838 0.0306823494 0.0385289967 0.0424186184 0.0531857781 0.0600206922 0.0161271047 0.0230334049 0.0344920938 0.0390468803 0.0419554873 0.0313854724 0.0331893973 0.0412542388 0.0313089697 0.0273517726 0.0685118777 0.0274535925 0.0252323591 0.0246325349 0.0177977746
3 0.0270935334 0.0231821342 0.0 0.030603111 0.0581051677 0.0521603432 0.051074092 0.0326067948 0.0229891427 0.0222129051 0.0385639821 0.0379039056 0.0366013438 0.0265049811 0.023094428 0.0188114013 0.0301551213 0.0081500216 0.0507606288 0.0468690099 0.0300708775 0.0252288225 0.0533190094 0.0411263602 0.0380353611 0.0450883752 0.0178989441 0.0507560213 0.0088285352 0.0522056461
4 0.0279937288 0.0158983836 0.030603111 0.0 0.0484468055 0.058880046 0.0403808208 0.0262642026 0.0322638657 0.0317561585 0.0372703769 0.0485762821 0.040293225 0.0295422843 0.0407296815 0.0383850884 0.0316160187 0.0533754017 0.0169040391 0.0274015038 0.0317612537 0.0133698905 0.0469523206 0.0266180543 0.0209605003 0.0330947585 0.0564666566 0.0225740961 0.0320689764 0.0395524687
5 0.0301165175 0.0361194948 0.0581051677 0.0484468055 0.0 0.0237513833 0.0179003514 0.0431225176 0.0245648007 0.0591019729 0.0509336717 0.0399946048 0.0433578212 0.0494432163 0.0270829311 0.0406655399 0.0288568809 0.0444563268 0.0375127605 0.0060000855 0.0296358899 0.0163100042 0.0245291444 0.0310238683 0.0318243612 0.022205124 0.0447955092 0.0338143058 0.0247006988 0.031628244
6 0.0428704321 0.0219166559 0.0521603432 0.058880046 0.0237513833 0.0 0.0367574106 0.014816516 0.03453069 0.0495836225 0.0459209018 0.0342870796 0.0126877795 0.0168835563 0.0530549812 0.0576167299 0.0173364952 0.0298029244 0.0117108827 0.0291742602 0.0407028336 0.0205192297 0.0449455555 0.0314641366 0.016740088 0.024733901 0.0502232902 0.0483719642 0.0318246013 0.0467317095
7 0.0071669725 0.041867692 0.051074092 0.0403808208 0.0179003514 0.0367574106 0.0 0.0455887014 0.0466132198 0.0367724639 0.0443175266 0.0067341928 0.0115100442 0.0412226386 0.0378935692 0.0243693768 0.0324064252 0.0277408837 0.0253011505 0.052265288 0.0348197141 0.0341714278 0.0324284543 0.0478580813 0.0263695615 0.0373246706 0.0140708612 0.047008884 0.0386403526 0.0594251728
8 0.0259615233 0.0561776082 0.0326067948 0.0262642026 0.0431225176 0.014816516 0.0455887014 0.0 0.0166814707 0.0332685105 0.064015083 0.0270247913 0.04549449 0.0503503068 0.0380168781 0.0293234795 0.0299671427 0.006772042 0.0448702371 0.0541285475 0.0082843514 0.0323589813 0.0246898914 0.0480358406 0.0193123048 0.0249803267 0.0353232139 0.0456465491 0.0408867885 0.0360309091
9 0.029278308 0.0363186775 0.0229891427 0.0322638657 0.0245648007 0.03453069 0.0466132198 0.0166814707 0.0 0.0190445998 0.0055111179 0.0415194569 0.0559085041 0.0323822207 0.0361920897 0.0395904426 0.0462181662 0.0256927239 0.0336533027 0.0634235395 0.0236158865 0.0253111896 0.0227046296 0.0480316266 0.0274226671 0.0436863568 0.057177947 0.0436588377 0.0321055233 0.033908997
10 0.0319568694 0.0125140838 0.0222129051 0.0317561585 0.0591019729 0.0495836225 0.0367724639 0.0332685105 0.0190445998 0.0 0.0364670303 0.025385639 0.0604186322 0.0334466648 0.008321042 0.0525425415 0.0609575422 0.0289378628 0.0057110437 0.0386602676 0.0574108116 0.027982794 0.0428432503 0.0273416177 0.0355747265 0.0075577875 0.0558231832 0.0409532321 0.0077013029 0.049751842
11 0.0265659683 0.0306823494 0.0385639821 0.0372703769 0.0509336717 0.0459209018 0.0443175266 0.064015083 0.0055111179 0.0364670303 0.0 0.0397415526 0.0112895457 0.023669312 0.0181932065 0.0322087856 0.0255157146 0.040902881 0.012793487 0.0506943381 0.0157785285 0.062463163 0.0593519224 0.033749665 0.0495231906 0.0351790048 0.0329360489 0.0289076465 0.0313268089 0.0155271905
12 0.0196245338 0.0385289967 0.0379039056 0.0485762821 0.0399946048 0.0342870796 0.0067341928 0.0270247913 0.0415194569 0.025385639 0.0397415526 0.0 0.0626670921 0.0032614884 0.0364147542 0.0324287811 0.0213600557 0.0217625426 0.030614121 0.0329459571 0.0317980567 0.0329625339 0.0596672659 0.01750402 0.057020711 0.0258739167 0.0333070632 0.036073212 0.0496234096 0.0553939839
13 0.0430324668 0.0424186184 0.0366013438 0.040293225 0.0433578212 0.0126877795 0.0115100442 0.04549449 0.0559085041 0.0604186322 0.0112895457 0.0626670921 0.0 0.037478066 0.0462679319 0.0350760358 0.044845606 0.0333466727 0.028207208 0.0137722845 0.0348280411 0.0508539197 0.0485501789 0.0362154577 0.0331535985 0.0145950126 0.008263458 0.0080243574 0.0385240727 0.0223185354
14 0.0541002196 0.0531857781 0.0265049811 0.0295422843 0.0494432163 0.0168835563 0.0412226386 0.0503503068 0.0323822207 0.0334466648 0.023669312 0.0032614884 0.037478066 0.0 0.0262229617 0.0531415769 0.0104925779 0.039688716 0.0309117872 0.0453118811 0.051789155 0.0518954131 0.0148333337 0.0496096432 0.0343478069 0.0432652101 0.0133819937 0.0061976006 0.0201796861 0.057259924
15 0.0553316975 0.0600206922 0.023094428 0.0407296815 0.0270829311 0.0530549812 0.0378935692 0.0380168781 0.0361920897 0.008321042 0.0181932065 0.0364147542 0.0462679319 0.0262229617 0.0 0.0479135246 0.0140132873 0.0345576971 0.0430136062 0.0350624572 0.0435132435 0.0357728821 0.0236353035 0.0541254385 0.0292199518 0.029460757 0.0293907803 0.0441361304 0.0174321319 0.011915964
16 0.0254509461 0.0161271047 0.0188114013 0.0383850884 0.0406655399 0.0576167299 0.0243693768 0.0293234795 0.0395904426 0.0525425415 0.0322087856 0.0324287811 0.0350760358 0.0531415769 0.0479135246 0.0 0.0439996757 0.0560526729 0.0414166689 0.0420004782 0.0308274853 0.0121950315 0.0354347191 0.0404489917 0.0309162742 0.030957337 0.02084139 0.0261430755 0.0341073035 0.0110075414
17 0.049931024 0.0230334049 0.0301551213 0.0316160187 0.0288568809 0.0173364952 0.0324064252 0.0299671427 0.0462181662 0.0609575422 0.0255157146 0.0213600557 0.044845606 0.0104925779 0.0140132873 0.0439996757 0.0 0.0352178806 0.0264840329 0.0288425348 0.0221344049 0.0571556459 0.051476268 0.047413848 0.0574929007 0.0284051136 0.02359349 0.0463288628 0.0322232413 0.0325266385
18 0.0621654241 0.0344920938 0.0081500216 0.0533754017 0.0444563268 0.0298029244 0.0277408837 0.006772042 0.0256927239 0.0289378628 0.040902881 0.0217625426 0.0333466727 0.039688716 0.0345576971 0.0560526729 0.0352178806 0.0 0.0083859517 0.0454105521 0.0408330881 0.0393501843 0.0408513156 0.0264803095 0.0297615696 0.0560679671 0.0280380361 0.0085671477 0.0565600391 0.0365790717
19 0.0243026991 0.0390468803 0.0507606288 0.0169040391 0.0375127605 0.0117108827 0.0253011505 0.0448702371 0.0336533027 0.0057110437 0.012793487 0.030614121 0.028207208 0.0309117872 0.0430136062 0.0414166689 0.0264840329 0.0083859517 0.0 0.0363040443 0.0566391979 0.0457362925 0.041708402 0.0694833336 0.0548882462 0.0485410969 0.0333924399 0.0300043277 0.0511527602 0.0205493716
20 0.0073852957 0.0419554873 0.0468690099 0.0274015038 0.0060000855 0.0291742602 0.052265288 0.0541285475 0.0634235395 0.0386602676 0.0506943381 0.0329459571 0.0137722845 0.0453118811 0.0350624572 0.0420004782 0.0288425348 0.0454105521 0.0363040443 0.0 0.0288994127 0.0194685142 0.0109263006 0.0585189957 0.0160093431 0.0521708423 0.021759761 0.033945397 0.028637325 0.0320562956
21 0.0396345167 0.0313854724 0.0300708775 0.0317612537 0.0296358899 0.0407028336 0.0348197141 0.0082843514 0.0236158865 0.0574108116 0.0157785285 0.0317980567 0.0348280411 0.051789155 0.0435132435 0.0308274853 0.0221344049 0.0408330881 0.0566391979 0.0288994127 0.0 0.0352896108 0.035392535 0.034838438 0.0268893336 0.0429996961 0.0299937692 0.0414179043 0.0385668286 0.0302496633
22 0.0302265543 0.0331893973 0.0252288225 0.0133698905 0.0163100042 0.0205192297 0.0341714278 0.0323589813 0.0253111896 0.027982794 0.062463163 0.0329625339 0.0508539197 0.0518954131 0.0357728821 0.0121950315 0.0571556459 0.0393501843 0.0457362925 0.0194685142 0.0352896108 0.0 0.0137175797 0.0137360612 0.0411299423 0.0555288285 0.0418388802 0.0429752164 0.0556561717 0.0336058376
23 0.0223094604 0.0412542388 0.0533190094 0.0469523206 0.0245291444 0.0449455555 0.0324284543 0.0246898914 0.0227046296 0.0428432503 0.0593519224 0.0596672659 0.0485501789 0.0148333337 0.0236353035 0.0354347191 0.051476268 0.0408513156 0.041708402 0.0109263006 0.035392535 0.0137175797 0.0 0.0135088348 0.0188256375 0.0334672797 0.0409266055 0.0170958877 0.0528093363 0.0318453393
24 0.0140765688 0.0313089697 0.0411263602 0.0266180543 0.0310238683 0.0314641366 0.0478580813 0.0480358406 0.0480316266 0.0273416177 0.033749665 0.01750402 0.0362154577 0.0496096432 0.0541254385 0.0404489917 0.047413848 0.0264803095 0.0694833336 0.0585189957 0.034838438 0.0137360612 0.0135088348 0.0 0.0611177346 0.0136853818 0.0296389598 0.0201283898 0.0175633741 0.0153479989
25 0.0356329821 0.0273517726 0.0380353611 0.0209605003 0.0318243612 0.016740088 0.0263695615 0.0193123048 0.0274226671 0.0355747265 0.0495231906 0.057020711 0.0331535985 0.0343478069 0.0292199518 0.0309162742 0.0574929007 0.0297615696 0.0548882462 0.0160093431 0.0268893336 0.0411299423 0.0188256375 0.0611177346 0.0 0.0256264067 0.0531166409 0.0191357707 0.0427240453 0.0398765705
26 0.0234544897 0.0685118777 0.0450883752 0.0330947585 0.022205124 0.024733901 0.0373246706 0.0249803267 0.0436863568 0.0075577875 0.0351790048 0.0258739167 0.0145950126 0.0432652101 0.029460757 0.030957337 0.0284051136 0.0560679671 0.0485410969 0.0521708423 0.0429996961 0.0555288285 0.0334672797 0.0136853818 0.0256264067 0.0 0.0371327289 0.0343392432 0.0253689508 0.0366975585
27 0.0403061773 0.0274535925 0.0178989441 0.0564666566 0.0447955092 0.0502232902 0.0140708612 0.0353232139 0.057177947 0.0558231832 0.0329360489 0.0333070632 0.008263458 0.0133819937 0.0293907803 0.02084139 0.02359349 0.0280380361 0.0333924399 0.021759761 0.0299937692 0.0418388802 0.0409266055 0.0296389598 0.0531166409 0.0371327289 0.0 0.0594538032 0.0374393036 0.0260154721
28 0.0584007572 0.0252323591 0.0507560213 0.0225740961 0.0338143058 0.0483719642 0.047008884 0.0456465491 0.0436588377 0.0409532321 0.0289076465 0.036073212 0.0080243574 0.0061976006 0.0441361304 0.0261430755 0.0463288628 0.0085671477 0.0300043277 0.033945397 0.0414179043 0.0429752164 0.0170958877 0.0201283898 0.0191357707 0.0343392432 0.0594538032 0.0 0.0413416721 0.0393673486
29 0.0498908769 0.0246325349 0.0088285352 0.0320689764 0.0247006988 0.0318246013 0.0386403526 0.0408867885 0.0321055233 0.0077013029 0.0313268089 0.0496234096 0.0385240727 0.0201796861 0.0174321319 0.0341073035 0.0322232413 0.0565600391 0.0511527602 0.028637325 0.0385668286 0.0556561717 0.0528093363 0.0175633741 0.0427240453 0.0253689508 0.0374393036 0.0413416721 0.0 0.0374833487
30 0.0473435819 0.0177977746 0.0522056461 0.0395524687 0.031628244 0.0467317095 0.0594251728 0.0360309091 0.033908997 0.049751842 0.0155271905 0.0553939839 0.0223185354 0.057259924 0.011915964 0.0110075414 0.0325266385 0.0365790717 0.0205493716 0.0320562956 0.0302496633 0.0336058376 0.0318453393 0.0153479989 0.0398765705 0.0366975585 0.0260154721 0.0393673486 0.0374833487 0.0
