32
1 0.0331222943 0.0394861196 0.040159886 0.0414565721 0.0184751707 0.0605951412 0.0236689016 0.0468955271 0.0325985111 0.0229952635 0.019758747 0.0192527169 0.032708714 0.0290427808 0.0402955499 0.0076532567 0.0417859278 0.0569432126 0.0174038598 0.0529931093 0.018805344 0.0254238085 0.0164036366 0.0510071981 0.007727454 0.0408423074 0.0539883396 0.0084382757 0.0121955423 0.0415183758 0.002295938 0.0440625181 
2 0.0394861196 0.0417357718 0.0604383569 0.0105560257 0.0180874427 0.0377582117 0.0391772465 0.0249758249 0.0575131533 0.0241963685 0.041423928 0.0443498352 0.0483081713 0.042910634 0.0261099214 0.0292157854 0.0348192755 0.0009950168 0.0308518541 0.0304174203 0.0226193977 0.0171055831 0.0280196047 0.0532814938 0.0140710771 0.0319060263 0.0434395209 0.0183902261 0.0029166575 0.0318685685 0.0292927474 0.0237627331 
3 0.040159886 0.0604383569 0.0470640454 0.0364033814 0.0297752934 0.0267212833 0.0466784405 0.0116485727 0.0365199271 0.0347276805 0.0603666396 0.0245278564 0.0028432927 0.0295338686 0.0097181078 0.0363829991 0.0347655546 0.0254124623 0.0359338484 0.0374619289 0.0164731631 0.0295076534 0.0351973528 0.0308494403 0.0273055939 0.0223099495 0.047151396 0.0352053471 0.0187379339 0.0180215034 0.0081375302 0.0440197109 
4 0.0414565721 0.0105560257 0.0364033814 0.0416638016 0.0301058669 0.0213137809 0.0314090011 0.0370055922 0.0436382318 0.0372823021 0.0334697414 0.0329993523 0.0436920318 0.0353466799 0.0262379459 0.0494794507 0.0187982067 0.0125231432 0.0456757529 0.0254382857 0.0270909091 0.0204629804 0.0421902525 0.0000752544000000000 0.0261268279 0.0005711356 0.0185833867 0.0308160946 0.0438166454 0.0436277589 0.0325113968 0.0596322112 
5 0.0184751707 0.0180874427 0.0297752934 0.0301058669 0.014951936 0.0433454517 0.0489562358 0.0308262865 0.020086087 0.013922735 0.0565895078 0.0355210077 0.0409593157 0.0157435218 0.0655963682 0.0316637007 0.0558130104 0.0096235768 0.023701243 0.0365436444 0.0475373428 0.0241245509 0.0150877968 0.0452870812 0.0197656229 0.0258134834 0.0402327475 0.0137940776 0.0359823845 0.0389507491 0.0102255324 0.0429112289 
6 0.0605951412 0.0377582117 0.0267212833 0.0213137809 0.0433454517 0.0138228832 0.0327641673 0.0162205942 0.0331397787 0.0446167212 0.022436119 0.0506655685 0.0245881116 0.0258205762 0.02271128 0.013592064 0.0399381356 0.0169572133 0.0630486066 0.0265327994 0.0223190044 0.0382708269 0.0513876766 0.0327135566 0.0459513299 0.0283774892 0.0096124733 0.0138093543 0.0297213471 0.0330284427 0.0300242051 0.0281958064 
7 0.0236689016 0.0391772465 0.0466784405 0.0314090011 0.0489562358 0.0327641673 0.0215770401 0.0199820415 0.0411593756 0.0245667794 0.0269082986 0.0276114017 0.043435924 0.0242455165 0.0427065687 0.0193905166 0.0200432703 0.0246701025 0.0271990401 0.0280171561 0.0368648956 0.0201442643 0.0400477101 0.0223651091 0.0202229177 0.0419060175 0.0269492434 0.0507199068 0.0438177972 0.0389246772 0.0313909695 0.0124794671 
8 0.0468955271 0.0249758249 0.0116485727 0.0370055922 0.0308262865 0.0162205942 0.0199820415 0.0522390036 0.0217957133 0.017343158 0.0539798878 0.0370086701 0.0485257798 0.0166085344 0.0289706526 0.0266242741 0.0242488891 0.051271351 0.0352565112 0.048052095 0.0409268137 0.0340485531 0.0545970372 0.0470756064 0.0374927625 0.0140399353 0.0140829523 0.0299480832 0.0215429192 0.0196982137 0.0254515844 0.0116165801 
9 0.0325985111 0.0575131533 0.0365199271 0.0436382318 0.020086087 0.0331397787 0.0411593756 0.0217957133 0.0136186194 0.0647448173 0.030637183 0.0242109793 0.0277332154 0.0406349343 0.0250380346 0.0371149393 0.0262075044 0.0253575567 0.0280360208 0.0301050073 0.010599626 0.0145146918 0.025092788 0.0180101347 0.0360881723 0.0331502594 0.0577434004 0.0325984721 0.0349778519 0.0117371918 0.044873447 0.0207243749 
10 0.0229952635 0.0241963685 0.0347276805 0.0372823021 0.013922735 0.0446167212 0.0245667794 0.017343158 0.0647448173 0.0426360106 0.0310441208 0.0401458068 0.0313165687 0.0175638214 0.0331319718 0.0271144744 0.0228781003 0.0193671589 0.0226156162 0.0454103082 0.0227934266 0.0217969684 0.0299093339 0.0343320643 0.0165908897 0.0345781888 0.0189249708 0.0593761776 0.0170592027 0.0348402543 0.0389826517 0.0531960876 
11 0.019758747 0.041423928 0.0603666396 0.0334697414 0.0565895078 0.022436119 0.0269082986 0.0539798878 0.030637183 0.0310441208 0.0472561826 0.0236598833 0.0195208591 0.0192037108 0.0188773964 0.0199219214 0.0191147547 0.0160476591 0.0371045714 0.0363589894 0.0121492919 0.041096624 0.0208435496 0.0255085265 0.0366336741 0.0280921987 0.0328113026 0.0179899434 0.0371971384 0.0473139892 0.0431110991 0.0235725612 
12 0.0192527169 0.0443498352 0.0245278564 0.0329993523 0.0355210077 0.0506655685 0.0276114017 0.0370086701 0.0242109793 0.0401458068 0.0236598833 0.0102176375 0.0172833674 0.047642218 0.0358875207 0.0307219106 0.0355738272 0.0173261291 0.0282898137 0.0152674467 0.0381824263 0.0243643905 0.0441890345 0.0242819035 0.0237204432 0.0241834612 0.0399740044 0.0411791193 0.0529807988 0.0481771707 0.0321448717 0.0084594266 
13 0.032708714 0.0483081713 0.0028432927 0.0436920318 0.0409593157 0.0245881116 0.043435924 0.0485257798 0.0277332154 0.0313165687 0.0195208591 0.0172833674 0.0497524394 0.0302950403 0.0506689829 0.0412930843 0.0298273877 0.0483716883 0.027583815 0.0301768463 0.0261626689 0.0297611826 0.0184388369 0.0298334253 0.0324184514 0.0097795367 0.0489927114 0.0144006382 0.0236746885 0.0129877502 0.0290268746 0.0356385999 
14 0.0290427808 0.042910634 0.0295338686 0.0353466799 0.0157435218 0.0258205762 0.0242455165 0.0166085344 0.0406349343 0.0175638214 0.0192037108 0.047642218 0.0302950403 0.0176006565 0.0581803831 0.029151267 0.0364289314 0.0451907884 0.032432957 0.0445882006 0.0263592015 0.0271748493 0.0262071614 0.0220055427 0.025302749 0.0367113525 0.0249800332 0.0221655674 0.0379234557 0.0596804443 0.0263376343 0.0269869877 
15 0.0402955499 0.0261099214 0.0097181078 0.0262379459 0.0655963682 0.02271128 0.0427065687 0.0289706526 0.0250380346 0.0331319718 0.0188773964 0.0358875207 0.0506689829 0.0581803831 0.0283236284 0.0341992219 0.0178598018 0.0265569186 0.0354811056 0.0217115472 0.0289173025 0.0355534732 0.0465787348 0.0398574584 0.0298260685 0.0098381244 0.022109398 0.0326576012 0.0592650351 0.0233392538 0.0129195365 0.0108751063 
16 0.0076532567 0.0292157854 0.0363829991 0.0494794507 0.0316637007 0.013592064 0.0193905166 0.0266242741 0.0371149393 0.0271144744 0.0199219214 0.0307219106 0.0412930843 0.029151267 0.0341992219 0.0843554124 0.0071210724 0.0227332574 0.0112084254 0.0343927183 0.0317586379 0.0757043659 0.0576106737 0.0211872963 0.0272979367 0.0308170215 0.0229548202 0.0272830399 0.0308507749 0.0204325066 0.0439050755 0.0168680986 
17 0.0417859278 0.0348192755 0.0347655546 0.0187982067 0.0558130104 0.0399381356 0.0200432703 0.0242488891 0.0262075044 0.0228781003 0.0191147547 0.0355738272 0.0298273877 0.0364289314 0.0178598018 0.0071210724 0.0315758887 0.035800691 0.033384793 0.037802722 0.0225130451 0.049644177 0.0124155669 0.0699915403 0.0043753814 0.0300128642 0.0416009307 0.0510384699 0.0162406302 0.0286570863 0.0246195392 0.0451030241 
18 0.0569432126 0.0009950168 0.0254124623 0.0125231432 0.0096235768 0.0169572133 0.0246701025 0.051271351 0.0253575567 0.0193671589 0.0160476591 0.0173261291 0.0483716883 0.0451907884 0.0265569186 0.0227332574 0.035800691 0.0882818786 0.0226195447 0.0068586417 0.0248560035 0.0649397356 0.0373850241 0.031453268 0.0355475004 0.0305224282 0.0279283149 0.0295612066 0.0158627687 0.0299488315 0.0433588268 0.0557281008 
19 0.0174038598 0.0308518541 0.0359338484 0.0456757529 0.023701243 0.0630486066 0.0271990401 0.0352565112 0.0280360208 0.0226156162 0.0371045714 0.0282898137 0.027583815 0.032432957 0.0354811056 0.0112084254 0.033384793 0.0226195447 0.0765690925 0.0174145215 0.0212651115 0.0088593226 0.0047939265 0.0391288737 0.0347860383 0.0191691196 0.0193869325 0.0521082052 0.0295676485 0.0468232971 0.0466131984 0.0256873328 
20 0.0529931093 0.0304174203 0.0374619289 0.0254382857 0.0365436444 0.0265327994 0.0280171561 0.048052095 0.0301050073 0.0454103082 0.0363589894 0.0152674467 0.0301768463 0.0445882006 0.0217115472 0.0343927183 0.037802722 0.0068586417 0.0174145215 0.0483641965 0.0203406572 0.0208454281 0.0576933081 0.007839465 0.0309376651 0.0458058235 0.0360272308 0.0144622612 0.0120309312 0.0413850473 0.0250121116 0.033712486 
21 0.018805344 0.0226193977 0.0164731631 0.0270909091 0.0475373428 0.0223190044 0.0368648956 0.0409268137 0.010599626 0.0227934266 0.0121492919 0.0381824263 0.0261626689 0.0263592015 0.0289173025 0.0317586379 0.0225130451 0.0248560035 0.0212651115 0.0203406572 0.0430718569 0.0206430169 0.0390141305 0.0459558856 0.0356362927 0.0389470659 0.0384329642 0.0465903639 0.0349270004 0.0466917725 0.0605620298 0.0309933514 
22 0.0254238085 0.0171055831 0.0295076534 0.0204629804 0.0241245509 0.0382708269 0.0201442643 0.0340485531 0.0145146918 0.0217969684 0.041096624 0.0243643905 0.0297611826 0.0271748493 0.0355534732 0.0757043659 0.049644177 0.0649397356 0.0088593226 0.0208454281 0.0206430169 0.0608811466 0.0298032071 0.0287488933 0.0430973385 0.0393807467 0.0254212336 0.0243888312 0.0339677936 0.0235671854 0.0097611672 0.0369960105 
23 0.0164036366 0.0280196047 0.0351973528 0.0421902525 0.0150877968 0.0513876766 0.0400477101 0.0545970372 0.025092788 0.0299093339 0.0208435496 0.0441890345 0.0184388369 0.0262071614 0.0465787348 0.0576106737 0.0124155669 0.0373850241 0.0047939265 0.0576933081 0.0390141305 0.0298032071 0.0489943296 0.0263216204 0.0391051343 0.0110772585 0.0207153153 0.031706171 0.0149801484 0.0200235792 0.0268958054 0.0272742945 
24 0.0510071981 0.0532814938 0.0308494403 0.0000752544000000000 0.0452870812 0.0327135566 0.0223651091 0.0470756064 0.0180101347 0.0343320643 0.0255085265 0.0242819035 0.0298334253 0.0220055427 0.0398574584 0.0211872963 0.0699915403 0.031453268 0.0391288737 0.007839465 0.0459558856 0.0287488933 0.0263216204 0.0329665458 0.0101174137 0.0392526306 0.0252927872 0.0568642629 0.0144496633 0.0309155037 0.0279868953 0.0150436598 
25 0.007727454 0.0140710771 0.0273055939 0.0261268279 0.0197656229 0.0459513299 0.0202229177 0.0374927625 0.0360881723 0.0165908897 0.0366336741 0.0237204432 0.0324184514 0.025302749 0.0298260685 0.0272979367 0.0043753814 0.0355475004 0.0347860383 0.0309376651 0.0356362927 0.0430973385 0.0391051343 0.0101174137 0.0536676572 0.050242294 0.0462635516 0.0216681454 0.0508078832 0.018283036 0.0555789001 0.0433437975 
26 0.0408423074 0.0319060263 0.0223099495 0.0005711356 0.0258134834 0.0283774892 0.0419060175 0.0140399353 0.0331502594 0.0345781888 0.0280921987 0.0241834612 0.0097795367 0.0367113525 0.0098381244 0.0308170215 0.0300128642 0.0305224282 0.0191691196 0.0458058235 0.0389470659 0.0393807467 0.0110772585 0.0392526306 0.050242294 0.0302877468 0.0483742542 0.0429056364 0.0562698758 0.022374508 0.0446697298 0.0377915308 
27 0.0539883396 0.0434395209 0.047151396 0.0185833867 0.0402327475 0.0096124733 0.0269492434 0.0140829523 0.0577434004 0.0189249708 0.0328113026 0.0399740044 0.0489927114 0.0249800332 0.022109398 0.0229548202 0.0416009307 0.0279283149 0.0193869325 0.0360272308 0.0384329642 0.0254212336 0.0207153153 0.0252927872 0.0462635516 0.0483742542 0.0148168593 0.0373292419 0.0086390052 0.0301276761 0.0184712902 0.0386417116 
28 0.0084382757 0.0183902261 0.0352053471 0.0308160946 0.0137940776 0.0138093543 0.0507199068 0.0299480832 0.0325984721 0.0593761776 0.0179899434 0.0411791193 0.0144006382 0.0221655674 0.0326576012 0.0272830399 0.0510384699 0.0295612066 0.0521082052 0.0144622612 0.0465903639 0.0243888312 0.031706171 0.0568642629 0.0216681454 0.0429056364 0.0373292419 0.0214673217 0.0364523492 0.0269609301 0.0420013149 0.0157233639 
29 0.0121955423 0.0029166575 0.0187379339 0.0438166454 0.0359823845 0.0297213471 0.0438177972 0.0215429192 0.0349778519 0.0170592027 0.0371971384 0.0529807988 0.0236746885 0.0379234557 0.0592650351 0.0308507749 0.0162406302 0.0158627687 0.0295676485 0.0120309312 0.0349270004 0.0339677936 0.0149801484 0.0144496633 0.0508078832 0.0562698758 0.0086390052 0.0364523492 0.086758638 0.0207810063 0.036390646 0.0292138391 
30 0.0415183758 0.0318685685 0.0180215034 0.0436277589 0.0389507491 0.0330284427 0.0389246772 0.0196982137 0.0117371918 0.0348402543 0.0473139892 0.0481771707 0.0129877502 0.0596804443 0.0233392538 0.0204325066 0.0286570863 0.0299488315 0.0468232971 0.0413850473 0.0466917725 0.0235671854 0.0200235792 0.0309155037 0.018283036 0.022374508 0.0301276761 0.0269609301 0.0207810063 0.0053485767 0.0500490968 0.033916017 
31 0.002295938 0.0292927474 0.0081375302 0.0325113968 0.0102255324 0.0300242051 0.0313909695 0.0254515844 0.044873447 0.0389826517 0.0431110991 0.0321448717 0.0290268746 0.0263376343 0.0129195365 0.0439050755 0.0246195392 0.0433588268 0.0466131984 0.0250121116 0.0605620298 0.0097611672 0.0268958054 0.0279868953 0.0555789001 0.0446697298 0.0184712902 0.0420013149 0.036390646 0.0500490968 0.0172899306 0.0301084236 
32 0.0440625181 0.0237627331 0.0440197109 0.0596322112 0.0429112289 0.0281958064 0.0124794671 0.0116165801 0.0207243749 0.0531960876 0.0235725612 0.0084594266 0.0356385999 0.0269869877 0.0108751063 0.0168680986 0.0451030241 0.0557281008 0.0256873328 0.033712486 0.0309933514 0.0369960105 0.0272742945 0.0150436598 0.0433437975 0.0377915308 0.0386417116 0.0157233639 0.0292138391 0.033916017 0.0301084236 0.0377215578 
