32
1 0.0530315501 0.0323978182 0.063219885 0.0260948703 0.0167067178 0.0247641021 0.0221618401 0.0058575824 0.029903747 0.0424069959 0.0194789018 0.0320660472 0.0165876422 0.0283975278 0.0344317956 0.0290064483 0.0450247344 0.0440367141 0.0313178381 0.0263318496 0.011202923 0.0260930297 0.0328292921 0.0343802648 0.0483269037 0.0550346467 0.0273065025 0.0270359318 0.0398542721 0.0160456324 0.043402172 0.0152638212 
2 0.0323978182 0.0368676699 0.0534327565 0.0070110076 0.0195630854 0.033207072 0.0510048278 0.0258707718 0.0348475457 0.0358305709 0.0124627472 0.0228948122 0.013275015 0.0369049592 0.0283901779 0.0469862371 0.0459079464 0.0359015401 0.0211961849 0.0394108216 0.04486935 0.0237539847 0.0262192714 0.0175954559 0.0441363162 0.0262411423 0.0275949871 0.0377927377 0.0455951541 0.0357229652 0.0116422283 0.0254728398 
3 0.063219885 0.0534327565 0.0140274216 0.020330424 0.0320848367 0.0386723186 0.0312660032 0.0245977244 0.0174568341 0.0192207098 0.0597177787 0.0390948039 0.0454302983 0.0133251345 0.0123929789 0.0187691102 0.0346698565 0.0530636726 0.0245448359 0.0120406361 0.0155825753 0.0105528189 0.0327803154 0.0125849842 0.0407659616 0.0361143755 0.0228737702 0.0572331923 0.0426822195 0.0188325723 0.035752488 0.0468867072 
4 0.0260948703 0.0070110076 0.020330424 0.0127278473 0.0377855399 0.0537593818 0.0375191971 0.0094172516 0.0438630442 0.0155390524 0.0240922397 0.0376539226 0.0224255379 0.0385160739 0.0369166151 0.0198493604 0.053339138 0.0237223956 0.0181293999 0.0378805231 0.0289882866 0.026902609 0.0175874384 0.0466848868 0.0521910148 0.0393649286 0.0417146018 0.0272375299 0.0409076461 0.0307732362 0.0477931073 0.0232818921 
5 0.0167067178 0.0195630854 0.0320848367 0.0377855399 0.05231103 0.0207476838 0.0270177423 0.0723754468 0.0409794747 0.0322404174 0.0329147316 0.0419356826 0.0462871612 0.0277015286 0.0388388915 0.0238367554 0.0137009967 0.0174653535 0.0255433167 0.0003516247 0.0235569534 0.0195179292 0.0483485848 0.0364972711 0.0350491929 0.0638690343 0.0336353485 0.0320961834 0.0148893248 0.038693388 0.020132676 0.0133260964 
6 0.0247641021 0.033207072 0.0386723186 0.0537593818 0.0207476838 0.0727256125 0.0207557217 0.0220972091 0.045629788 0.0232145251 0.0336311242 0.0127490855 0.0555505307 0.0231744622 0.0265114823 0.0147485025 0.0125755856 0.0598928502 0.0308213123 0.0200257145 0.0093308332 0.039296339 0.0261720243 0.0216856688 0.0358343998 0.0291714382 0.0267236144 0.0237377174 0.0436178461 0.0456609946 0.0270841034 0.026430956 
7 0.0221618401 0.0510048278 0.0312660032 0.0375191971 0.0270177423 0.0207557217 0.0441554069 0.0155053368 0.0170531495 0.0299119742 0.018516258 0.0509431012 0.0218813827 0.0183804621 0.0314390333 0.0487937288 0.0419335167 0.0391086462 0.0237552527 0.0267603478 0.0561322028 0.0248651586 0.0199826719 0.026501955 0.0325299001 0.007186284 0.0175929829 0.0473479398 0.047298108 0.0311820229 0.0326774433 0.0388404017 
8 0.0058575824 0.0258707718 0.0245977244 0.0094172516 0.0723754468 0.0220972091 0.0155053368 0.0500261843 0.0452262144 0.0114767274 0.0297866174 0.0768611678 0.0478008844 0.0450991061 0.0247744739 0.0228276074 0.0283924728 0.03359993 0.0145282626 0.0246184786 0.054506255 0.0351834991 0.0506750064 0.0285480327 0.0232443129 0.0274746788 0.0422375771 0.0109840095 0.0119352603 0.0278807246 0.0270490083 0.0295421854 
9 0.029903747 0.0348475457 0.0174568341 0.0438630442 0.0409794747 0.045629788 0.0170531495 0.0452262144 0.0 0.0205110001 0.0292899598 0.0135054595 0.0385362756 0.0469675846 0.0252285949 0.0367511596 0.0161659533 0.01168657 0.0196637567 0.0386099253 0.0514925234 0.0478236154 0.0173029188 0.0510599568 0.0275353065 0.0285991156 0.0263502873 0.0377860381 0.0292504725 0.0380303628 0.0427807313 0.0301126344 
10 0.0424069959 0.0358305709 0.0192207098 0.0155390524 0.0322404174 0.0232145251 0.0299119742 0.0114767274 0.0205110001 0.0410040619 0.0380541927 0.026993567 0.0263777332 0.0125635416 0.0347041775 0.0498994647 0.0326771063 0.0086627937 0.0298284137 0.0406542948 0.038156796 0.0449015892 0.0246274591 0.0354103359 0.0540430211 0.0391882908 0.0117474756 0.0619453538 0.0247701272 0.0196157981 0.0310367316 0.0427857012 
11 0.0194789018 0.0124627472 0.0597177787 0.0240922397 0.0329147316 0.0336311242 0.018516258 0.0297866174 0.0292899598 0.0380541927 0.0839442233 0.0385529618 0.0215341825 0.0480107791 0.0332312397 0.0238635075 0.0121408511 0.0176474255 0.0246166876 0.0536369245 0.0289843122 0.0301852949 0.0291952122 0.0526778588 0.0299965203 0.0279967898 0.0343042346 0.0358741297 0.0270442908 0.0 0.0020497533 0.04656827 
12 0.0320660472 0.0228948122 0.0390948039 0.0376539226 0.0419356826 0.0127490855 0.0509431012 0.0768611678 0.0135054595 0.026993567 0.0385529618 0.0516067154 0.0229811593 0.0077237769 0.0924567056 0.0321963447 0.0219118332 0.0206476865 0.0194496059 0.0156346829 0.009398163 0.0338323746 0.0344194826 0.047300745 0.0343201734 0.0351272362 0.0201227892 0.0156586445 0.0220820022 0.0167651626 0.0410344689 0.0120796362 
13 0.0165876422 0.013275015 0.0454302983 0.0224255379 0.0462871612 0.0555505307 0.0218813827 0.0478008844 0.0385362756 0.0263777332 0.0215341825 0.0229811593 0.0623306301 0.0245853678 0.056266468 0.0080892247 0.0404370534 0.0236282168 0.0319340399 0.0391354708 0.0171211058 0.0390149614 0.0134783836 0.0178311567 0.0208961617 0.0420708434 0.0266333128 0.0458922359 0.0308608861 0.0313247453 0.0108552227 0.03894671 
14 0.0283975278 0.0369049592 0.0133251345 0.0385160739 0.0277015286 0.0231744622 0.0183804621 0.0450991061 0.0469675846 0.0125635416 0.0480107791 0.0077237769 0.0245853678 0.0680829397 0.0315364388 0.028089358 0.0255884538 0.0297967267 0.033153772 0.0411237408 0.0245131793 0.0486899919 0.0766703823 0.0257337849 0.0402877527 0.0279448453 0.0224735996 0.0195068268 0.0104110245 0.0250934396 0.0334739389 0.0164794999 
15 0.0344317956 0.0283901779 0.0123929789 0.0369166151 0.0388388915 0.0265114823 0.0314390333 0.0247744739 0.0252285949 0.0347041775 0.0332312397 0.0924567056 0.056266468 0.0315364388 0.0229303185 0.0350557634 0.0244896623 0.0381897894 0.0402556103 0.0501980795 0.0129898647 0.0279209314 0.0220379806 0.0132508596 0.0021840201 0.0307078346 0.0215227523 0.0265157583 0.0324634036 0.020290891 0.0241499838 0.0477274235 
16 0.0290064483 0.0469862371 0.0187691102 0.0198493604 0.0238367554 0.0147485025 0.0487937288 0.0228276074 0.0367511596 0.0498994647 0.0238635075 0.0321963447 0.0080892247 0.028089358 0.0350557634 0.0797915617 0.0308020549 0.0253021297 0.02927445 0.0146768377 0.0303539991 0.0432898714 0.0168991289 0.0283481133 0.0538326669 0.0106547601 0.0383812514 0.0421856257 0.0302908043 0.0414351091 0.0160858827 0.0296331803 
17 0.0450247344 0.0459079464 0.0346698565 0.053339138 0.0137009967 0.0125755856 0.0419335167 0.0283924728 0.0161659533 0.0326771063 0.0121408511 0.0219118332 0.0404370534 0.0255884538 0.0244896623 0.0308020549 0.0226936343 0.0195523232 0.0187869422 0.0663708528 0.0239048491 0.0287159211 0.0411079879 0.0247236879 0.0270865599 0.0471891633 0.0311328388 0.0209702406 0.0377080065 0.0406722965 0.0348567764 0.0347707044 
18 0.0440367141 0.0359015401 0.0530636726 0.0237223956 0.0174653535 0.0598928502 0.0391086462 0.03359993 0.01168657 0.0086627937 0.0176474255 0.0206476865 0.0236282168 0.0297967267 0.0381897894 0.0253021297 0.0195523232 0.0739663597 0.0561016333 0.0255458294 0.0603399205 0.0221958646 0.0313389976 0.038735961 0.0505154581 0.0218873862 0.0292208884 0.0205463753 0.0159692026 0.0223270785 0.0105066866 0.0188975945 
19 0.0313178381 0.0211961849 0.0245448359 0.0181293999 0.0255433167 0.0308213123 0.0237552527 0.0145282626 0.0196637567 0.0298284137 0.0246166876 0.0194496059 0.0319340399 0.033153772 0.0402556103 0.02927445 0.0187869422 0.0561016333 0.081903456 0.0315054829 0.0317432283 0.0217631298 0.0764332836 0.0341576181 0.012327515 0.0175117716 0.0334937375 0.021922532 0.0280264951 0.0562280824 0.0146924845 0.0453898685 
20 0.0263318496 0.0394108216 0.0120406361 0.0378805231 0.0003516247 0.0200257145 0.0267603478 0.0246184786 0.0386099253 0.0406542948 0.0536369245 0.0156346829 0.0391354708 0.0411237408 0.0501980795 0.0146768377 0.0663708528 0.0255458294 0.0315054829 0.0 0.0293565072 0.0117510201 0.0215887875 0.0628162124 0.0319822988 0.0423246399 0.0398772704 0.0417035017 0.0515314094 0.0330187455 0.0177848882 0.0117526018 
21 0.011202923 0.04486935 0.0155825753 0.0289882866 0.0235569534 0.0093308332 0.0561322028 0.054506255 0.0514925234 0.038156796 0.0289843122 0.009398163 0.0171211058 0.0245131793 0.0129898647 0.0303539991 0.0239048491 0.0603399205 0.0317432283 0.0293565072 0.0315285237 0.0289451676 0.0605700006 0.045347768 0.0194871985 0.0359521472 0.0188017582 0.0271654479 0.0013774398 0.0570561271 0.0520972398 0.019147354 
22 0.0260930297 0.0237539847 0.0105528189 0.026902609 0.0195179292 0.039296339 0.0248651586 0.0351834991 0.0478236154 0.0449015892 0.0301852949 0.0338323746 0.0390149614 0.0486899919 0.0279209314 0.0432898714 0.0287159211 0.0221958646 0.0217631298 0.0117510201 0.0289451676 0.0269541947 0.0170833824 0.0335875121 0.0568341075 0.0385118861 0.0225300826 0.0333880981 0.0251156205 0.0457985138 0.0257738357 0.0392276651 
23 0.0328292921 0.0262192714 0.0327803154 0.0175874384 0.0483485848 0.0261720243 0.0199826719 0.0506750064 0.0173029188 0.0246274591 0.0291952122 0.0344194826 0.0134783836 0.0766703823 0.0220379806 0.0168991289 0.0411079879 0.0313389976 0.0764332836 0.0215887875 0.0605700006 0.0170833824 0.0329521223 0.0081443607 0.0089646832 0.0192222338 0.0546965415 0.0269179466 0.0510577439 0.0075312816 0.0180133012 0.0351517929 
24 0.0343802648 0.0175954559 0.0125849842 0.0466848868 0.0364972711 0.0216856688 0.026501955 0.0285480327 0.0510599568 0.0354103359 0.0526778588 0.047300745 0.0178311567 0.0257337849 0.0132508596 0.0283481133 0.0247236879 0.038735961 0.0341576181 0.0628162124 0.045347768 0.0335875121 0.0081443607 0.0316340336 0.0260782681 0.0259671268 0.0350988431 0.0380187446 0.0192791979 0.0107561967 0.0553478016 0.0142153373 
25 0.0483269037 0.0441363162 0.0407659616 0.0521910148 0.0350491929 0.0358343998 0.0325299001 0.0232443129 0.0275353065 0.0540430211 0.0299965203 0.0343201734 0.0208961617 0.0402877527 0.0021840201 0.0538326669 0.0270865599 0.0505154581 0.012327515 0.0319822988 0.0194871985 0.0568341075 0.0089646832 0.0260782681 0.0274696276 0.0100379909 0.0361362022 0.0177762581 0.0033707306 0.0231879302 0.0338691838 0.0397023627 
26 0.0550346467 0.0262411423 0.0361143755 0.0393649286 0.0638690343 0.0291714382 0.007186284 0.0274746788 0.0285991156 0.0391882908 0.0279967898 0.0351272362 0.0420708434 0.0279448453 0.0307078346 0.0106547601 0.0471891633 0.0218873862 0.0175117716 0.0423246399 0.0359521472 0.0385118861 0.0192222338 0.0259671268 0.0100379909 0.0 0.0176840387 0.0264301944 0.046536013 0.0387069987 0.0414900915 0.0438020738 
27 0.0273065025 0.0275949871 0.0228737702 0.0417146018 0.0336353485 0.0267236144 0.0175929829 0.0422375771 0.0263502873 0.0117474756 0.0343042346 0.0201227892 0.0266333128 0.0224735996 0.0215227523 0.0383812514 0.0311328388 0.0292208884 0.0334937375 0.0398772704 0.0188017582 0.0225300826 0.0546965415 0.0350988431 0.0361362022 0.0176840387 0.0410110316 0.031595695 0.0454810773 0.0338390207 0.04608481 0.0421010767 
28 0.0270359318 0.0377927377 0.0572331923 0.0272375299 0.0320961834 0.0237377174 0.0473479398 0.0109840095 0.0377860381 0.0619453538 0.0358741297 0.0156586445 0.0458922359 0.0195068268 0.0265157583 0.0421856257 0.0209702406 0.0205463753 0.021922532 0.0417035017 0.0271654479 0.0333880981 0.0269179466 0.0380187446 0.0177762581 0.0264301944 0.031595695 0.0046383346 0.038755972 0.0445567576 0.0181809454 0.0386031012 
29 0.0398542721 0.0455951541 0.0426822195 0.0409076461 0.0148893248 0.0436178461 0.047298108 0.0119352603 0.0292504725 0.0247701272 0.0270442908 0.0220820022 0.0308608861 0.0104110245 0.0324634036 0.0302908043 0.0377080065 0.0159692026 0.0280264951 0.0515314094 0.0013774398 0.0251156205 0.0510577439 0.0192791979 0.0033707306 0.046536013 0.0454810773 0.038755972 0.026225222 0.0539173196 0.0318690965 0.0298266111 
30 0.0160456324 0.0357229652 0.0188325723 0.0307732362 0.038693388 0.0456609946 0.0311820229 0.0278807246 0.0380303628 0.0196157981 0.0 0.0167651626 0.0313247453 0.0250934396 0.020290891 0.0414351091 0.0406722965 0.0223270785 0.0562280824 0.0330187455 0.0570561271 0.0457985138 0.0075312816 0.0107561967 0.0231879302 0.0387069987 0.0338390207 0.0445567576 0.0539173196 0.0254591529 0.0329296545 0.0366677992 
31 0.043402172 0.0116422283 0.035752488 0.0477931073 0.020132676 0.0270841034 0.0326774433 0.0270490083 0.0427807313 0.0310367316 0.0020497533 0.0410344689 0.0108552227 0.0334739389 0.0241499838 0.0160858827 0.0348567764 0.0105066866 0.0146924845 0.0177848882 0.0520972398 0.0257738357 0.0180133012 0.0553478016 0.0338691838 0.0414900915 0.04608481 0.0181809454 0.0318690965 0.0329296545 0.0712827914 0.0482204734 
32 0.0152638212 0.0254728398 0.0468867072 0.0232818921 0.0133260964 0.026430956 0.0388404017 0.0295421854 0.0301126344 0.0427857012 0.04656827 0.0120796362 0.03894671 0.0164794999 0.0477274235 0.0296331803 0.0347707044 0.0188975945 0.0453898685 0.0117526018 0.019147354 0.0392276651 0.0351517929 0.0142153373 0.0397023627 0.0438020738 0.0421010767 0.0386031012 0.0298266111 0.0366677992 0.0482204734 0.019145628 
