45
1 0.0 1.0 2.0 7.0 4.0 5.0 3.0 6.0 7.0 8.0 4.0 5.0 5.0 9.0 3.0 1.0 3.0 4.0 1.0 4.0 9.0 8.0 5.0 4.0 7.0 7.0 7.0 6.0 8.0 8.0 3.0 10.0 1.0 4.0 8.0 10.0 9.0 2.0 9.0 6.0 8.0 2.0 6.0 5.0 8.0
2 1.0 0.0 5.0 7.0 4.0 3.0 10.0 3.0 10.0 6.0 7.0 5.0 8.0 1.0 10.0 7.0 8.0 3.0 9.0 1.0 10.0 2.0 4.0 4.0 5.0 9.0 9.0 4.0 10.0 4.0 3.0 1.0 8.0 4.0 8.0 4.0 7.0 10.0 6.0 1.0 7.0 2.0 1.0 7.0 8.0
3 2.0 5.0 0.0 9.0 1.0 9.0 1.0 9.0 1.0 9.0 8.0 5.0 1.0 10.0 2.0 2.0 2.0 10.0 3.0 7.0 4.0 4.0 6.0 4.0 9.0 3.0 7.0 4.0 8.0 5.0 4.0 10.0 5.0 8.0 1.0 6.0 6.0 8.0 3.0 7.0 7.0 3.0 6.0 4.0 7.0
4 7.0 7.0 9.0 0.0 1.0 9.0 9.0 7.0 10.0 3.0 9.0 7.0 9.0 3.0 8.0 8.0 10.0 4.0 4.0 1.0 10.0 7.0 7.0 7.0 6.0 7.0 8.0 8.0 1.0 6.0 7.0 3.0 4.0 4.0 4.0 3.0 8.0 9.0 4.0 10.0 8.0 9.0 7.0 7.0 3.0
5 4.0 4.0 1.0 1.0 0.0 4.0 3.0 9.0 8.0 8.0 2.0 6.0 5.0 10.0 7.0 9.0 1.0 9.0 3.0 6.0 2.0 4.0 3.0 4.0 3.0 7.0 7.0 6.0 4.0 4.0 2.0 6.0 8.0 7.0 5.0 4.0 6.0 5.0 6.0 7.0 2.0 10.0 2.0 4.0 3.0
6 5.0 3.0 9.0 9.0 4.0 0.0 8.0 6.0 2.0 7.0 1.0 8.0 9.0 9.0 1.0 1.0 7.0 8.0 1.0 6.0 5.0 8.0 2.0 10.0 1.0 1.0 1.0 10.0 1.0 6.0 7.0 4.0 4.0 10.0 1.0 8.0 1.0 8.0 6.0 1.0 8.0 4.0 2.0 8.0 7.0
7 3.0 10.0 1.0 9.0 3.0 8.0 0.0 1.0 5.0 5.0 8.0 4.0 7.0 8.0 7.0 6.0 8.0 2.0 2.0 9.0 1.0 2.0 2.0 2.0 7.0 9.0 7.0 9.0 1.0 6.0 4.0 10.0 9.0 5.0 10.0 2.0 3.0 8.0 9.0 9.0 4.0 4.0 7.0 7.0 3.0
8 6.0 3.0 9.0 7.0 9.0 6.0 1.0 0.0 2.0 2.0 6.0 10.0 5.0 5.0 4.0 6.0 1.0 10.0 5.0 6.0 5.0 9.0 9.0 3.0 7.0 7.0 9.0 1.0 3.0 9.0 3.0 9.0 6.0 7.0 8.0 8.0 8.0 1.0 6.0 8.0 6.0 6.0 6.0 5.0 4.0
9 7.0 10.0 1.0 10.0 8.0 2.0 5.0 2.0 0.0 2.0 10.0 3.0 2.0 5.0 6.0 1.0 2.0 6.0 10.0 6.0 2.0 3.0 5.0 5.0 10.0 6.0 1.0 9.0 8.0 10.0 10.0 10.0 7.0 1.0 6.0 9.0 6.0 5.0 8.0 7.0 7.0 7.0 3.0 9.0 9.0
10 8.0 6.0 9.0 3.0 8.0 7.0 5.0 2.0 2.0 0.0 3.0 7.0 7.0 8.0 9.0 2.0 10.0 5.0 1.0 6.0 3.0 2.0 8.0 5.0 8.0 2.0 8.0 10.0 9.0 1.0 3.0 6.0 2.0 1.0 4.0 9.0 4.0 1.0 1.0 4.0 8.0 3.0 8.0 2.0 3.0
11 4.0 7.0 8.0 9.0 2.0 1.0 8.0 6.0 10.0 3.0 0.0 2.0 7.0 6.0 3.0 5.0 9.0 6.0 1.0 10.0 8.0 5.0 10.0 6.0 1.0 6.0 7.0 3.0 5.0 1.0 1.0 2.0 7.0 10.0 3.0 5.0 7.0 8.0 10.0 8.0 4.0 5.0 7.0 9.0 2.0
12 5.0 5.0 5.0 7.0 6.0 8.0 4.0 10.0 3.0 7.0 2.0 0.0 4.0 3.0 9.0 3.0 7.0 5.0 1.0 3.0 10.0 5.0 4.0 8.0 3.0 7.0 7.0 3.0 1.0 9.0 1.0 6.0 7.0 3.0 9.0 2.0 10.0 9.0 9.0 1.0 5.0 7.0 5.0 4.0 8.0
13 5.0 8.0 1.0 9.0 5.0 9.0 7.0 5.0 2.0 7.0 7.0 4.0 0.0 3.0 6.0 8.0 5.0 4.0 4.0 6.0 6.0 8.0 4.0 9.0 4.0 4.0 5.0 9.0 6.0 8.0 10.0 7.0 10.0 1.0 6.0 6.0 7.0 10.0 1.0 1.0 8.0 1.0 9.0 7.0 5.0
14 9.0 1.0 10.0 3.0 10.0 9.0 8.0 5.0 5.0 8.0 6.0 3.0 3.0 0.0 6.0 2.0 2.0 5.0 8.0 5.0 2.0 2.0 5.0 5.0 6.0 6.0 6.0 10.0 4.0 10.0 4.0 9.0 10.0 1.0 3.0 1.0 5.0 6.0 8.0 9.0 1.0 1.0 7.0 4.0 7.0
15 3.0 10.0 2.0 8.0 7.0 1.0 7.0 4.0 6.0 9.0 3.0 9.0 6.0 6.0 0.0 6.0 3.0 3.0 1.0 4.0 3.0 10.0 3.0 5.0 6.0 6.0 2.0 5.0 3.0 6.0 2.0 4.0 4.0 9.0 8.0 8.0 10.0 10.0 8.0 10.0 3.0 4.0 6.0 4.0 2.0
16 1.0 7.0 2.0 8.0 9.0 1.0 6.0 6.0 1.0 2.0 5.0 3.0 8.0 2.0 6.0 0.0 4.0 6.0 4.0 1.0 4.0 8.0 3.0 6.0 8.0 7.0 6.0 4.0 7.0 7.0 4.0 8.0 9.0 10.0 9.0 8.0 3.0 10.0 3.0 9.0 5.0 9.0 8.0 5.0 10.0
17 3.0 8.0 2.0 10.0 1.0 7.0 8.0 1.0 2.0 10.0 9.0 7.0 5.0 2.0 3.0 4.0 0.0 9.0 2.0 6.0 2.0 10.0 9.0 5.0 7.0 1.0 6.0 9.0 4.0 8.0 2.0 7.0 7.0 5.0 3.0 7.0 8.0 10.0 9.0 2.0 8.0 5.0 10.0 5.0 4.0
18 4.0 3.0 10.0 4.0 9.0 8.0 2.0 10.0 6.0 5.0 6.0 5.0 4.0 5.0 3.0 6.0 9.0 0.0 7.0 5.0 3.0 2.0 2.0 2.0 6.0 9.0 10.0 6.0 1.0 7.0 10.0 3.0 1.0 6.0 4.0 7.0 4.0 7.0 4.0 5.0 10.0 6.0 10.0 10.0 10.0
19 1.0 9.0 3.0 4.0 3.0 1.0 2.0 5.0 10.0 1.0 1.0 1.0 4.0 8.0 1.0 4.0 2.0 7.0 0.0 10.0 2.0 9.0 4.0 6.0 3.0 9.0 3.0 8.0 4.0 5.0 8.0 9.0 2.0 6.0 1.0 2.0 9.0 6.0 7.0 5.0 1.0 1.0 2.0 5.0 2.0
20 4.0 1.0 7.0 1.0 6.0 6.0 9.0 6.0 6.0 6.0 10.0 3.0 6.0 5.0 4.0 1.0 6.0 5.0 10.0 0.0 2.0 10.0 4.0 7.0 5.0 8.0 1.0 2.0 9.0 5.0 3.0 4.0 1.0 2.0 6.0 2.0 5.0 7.0 10.0 4.0 9.0 6.0 8.0 2.0 3.0
21 9.0 10.0 4.0 10.0 2.0 5.0 1.0 5.0 2.0 3.0 8.0 10.0 6.0 2.0 3.0 4.0 2.0 3.0 2.0 2.0 0.0 3.0 2.0 9.0 3.0 4.0 10.0 7.0 7.0 5.0 10.0 6.0 1.0 7.0 5.0 6.0 8.0 10.0 6.0 1.0 8.0 6.0 2.0 7.0 4.0
22 8.0 2.0 4.0 7.0 4.0 8.0 2.0 9.0 3.0 2.0 5.0 5.0 8.0 2.0 10.0 8.0 10.0 2.0 9.0 10.0 3.0 0.0 5.0 9.0 10.0 6.0 7.0 5.0 8.0 7.0 3.0 1.0 8.0 9.0 9.0 1.0 1.0 10.0 6.0 1.0 1.0 4.0 8.0 5.0 7.0
23 5.0 4.0 6.0 7.0 3.0 2.0 2.0 9.0 5.0 8.0 10.0 4.0 4.0 5.0 3.0 3.0 9.0 2.0 4.0 4.0 2.0 5.0 0.0 6.0 3.0 8.0 2.0 7.0 1.0 1.0 4.0 1.0 9.0 5.0 9.0 10.0 4.0 8.0 6.0 7.0 5.0 3.0 1.0 3.0 1.0
24 4.0 4.0 4.0 7.0 4.0 10.0 2.0 3.0 5.0 5.0 6.0 8.0 9.0 5.0 5.0 6.0 5.0 2.0 6.0 7.0 9.0 9.0 6.0 0.0 9.0 3.0 6.0 8.0 10.0 7.0 8.0 9.0 1.0 7.0 10.0 5.0 8.0 7.0 3.0 6.0 7.0 3.0 10.0 6.0 1.0
25 7.0 5.0 9.0 6.0 3.0 1.0 7.0 7.0 10.0 8.0 1.0 3.0 4.0 6.0 6.0 8.0 7.0 6.0 3.0 5.0 3.0 10.0 3.0 9.0 0.0 4.0 7.0 6.0 2.0 2.0 6.0 7.0 3.0 5.0 1.0 10.0 9.0 2.0 6.0 5.0 3.0 9.0 6.0 7.0 10.0
26 7.0 9.0 3.0 7.0 7.0 1.0 9.0 7.0 6.0 2.0 6.0 7.0 4.0 6.0 6.0 7.0 1.0 9.0 9.0 8.0 4.0 6.0 8.0 3.0 4.0 0.0 7.0 4.0 7.0 10.0 5.0 3.0 7.0 1.0 2.0 10.0 9.0 4.0 7.0 1.0 2.0 8.0 5.0 9.0 8.0
27 7.0 9.0 7.0 8.0 7.0 1.0 7.0 9.0 1.0 8.0 7.0 7.0 5.0 6.0 2.0 6.0 6.0 10.0 3.0 1.0 10.0 7.0 2.0 6.0 7.0 7.0 0.0 10.0 8.0 8.0 7.0 9.0 6.0 9.0 5.0 8.0 9.0 2.0 1.0 9.0 10.0 1.0 10.0 8.0 6.0
28 6.0 4.0 4.0 8.0 6.0 10.0 9.0 1.0 9.0 10.0 3.0 3.0 9.0 10.0 5.0 4.0 9.0 6.0 8.0 2.0 7.0 5.0 7.0 8.0 6.0 4.0 10.0 0.0 10.0 8.0 5.0 8.0 8.0 4.0 4.0 4.0 6.0 10.0 7.0 7.0 7.0 7.0 5.0 4.0 3.0
29 8.0 10.0 8.0 1.0 4.0 1.0 1.0 3.0 8.0 9.0 5.0 1.0 6.0 4.0 3.0 7.0 4.0 1.0 4.0 9.0 7.0 8.0 1.0 10.0 2.0 7.0 8.0 10.0 0.0 7.0 10.0 1.0 2.0 6.0 4.0 3.0 3.0 1.0 9.0 5.0 6.0 1.0 10.0 6.0 4.0
30 8.0 4.0 5.0 6.0 4.0 6.0 6.0 9.0 10.0 1.0 1.0 9.0 8.0 10.0 6.0 7.0 8.0 7.0 5.0 5.0 5.0 7.0 1.0 7.0 2.0 10.0 8.0 8.0 7.0 0.0 5.0 9.0 9.0 10.0 4.0 1.0 7.0 6.0 9.0 3.0 5.0 6.0 6.0 7.0 1.0
31 3.0 3.0 4.0 7.0 2.0 7.0 4.0 3.0 10.0 3.0 1.0 1.0 10.0 4.0 2.0 4.0 2.0 10.0 8.0 3.0 10.0 3.0 4.0 8.0 6.0 5.0 7.0 5.0 10.0 5.0 0.0 1.0 5.0 8.0 6.0 5.0 1.0 10.0 9.0 9.0 2.0 2.0 5.0 3.0 2.0
32 10.0 1.0 10.0 3.0 6.0 4.0 10.0 9.0 10.0 6.0 2.0 6.0 7.0 9.0 4.0 8.0 7.0 3.0 9.0 4.0 6.0 1.0 1.0 9.0 7.0 3.0 9.0 8.0 1.0 9.0 1.0 0.0 6.0 10.0 7.0 5.0 3.0 6.0 3.0 6.0 4.0 3.0 10.0 4.0 3.0
33 1.0 8.0 5.0 4.0 8.0 4.0 9.0 6.0 7.0 2.0 7.0 7.0 10.0 10.0 4.0 9.0 7.0 1.0 2.0 1.0 1.0 8.0 9.0 1.0 3.0 7.0 6.0 8.0 2.0 9.0 5.0 6.0 0.0 6.0 10.0 5.0 1.0 7.0 8.0 8.0 3.0 8.0 4.0 3.0 1.0
34 4.0 4.0 8.0 4.0 7.0 10.0 5.0 7.0 1.0 1.0 10.0 3.0 1.0 1.0 9.0 10.0 5.0 6.0 6.0 2.0 7.0 9.0 5.0 7.0 5.0 1.0 9.0 4.0 6.0 10.0 8.0 10.0 6.0 0.0 3.0 6.0 10.0 2.0 3.0 3.0 4.0 1.0 4.0 7.0 9.0
35 8.0 8.0 1.0 4.0 5.0 1.0 10.0 8.0 6.0 4.0 3.0 9.0 6.0 3.0 8.0 9.0 3.0 4.0 1.0 6.0 5.0 9.0 9.0 10.0 1.0 2.0 5.0 4.0 4.0 4.0 6.0 7.0 10.0 3.0 0.0 9.0 6.0 1.0 3.0 4.0 6.0 3.0 10.0 5.0 4.0
36 10.0 4.0 6.0 3.0 4.0 8.0 2.0 8.0 9.0 9.0 5.0 2.0 6.0 1.0 8.0 8.0 7.0 7.0 2.0 2.0 6.0 1.0 10.0 5.0 10.0 10.0 8.0 4.0 3.0 1.0 5.0 5.0 5.0 6.0 9.0 0.0 9.0 10.0 2.0 10.0 4.0 4.0 9.0 5.0 10.0
37 9.0 7.0 6.0 8.0 6.0 1.0 3.0 8.0 6.0 4.0 7.0 10.0 7.0 5.0 10.0 3.0 8.0 4.0 9.0 5.0 8.0 1.0 4.0 8.0 9.0 9.0 9.0 6.0 3.0 7.0 1.0 3.0 1.0 10.0 6.0 9.0 0.0 5.0 9.0 3.0 3.0 6.0 3.0 7.0 10.0
38 2.0 10.0 8.0 9.0 5.0 8.0 8.0 1.0 5.0 1.0 8.0 9.0 10.0 6.0 10.0 10.0 10.0 7.0 6.0 7.0 10.0 10.0 8.0 7.0 2.0 4.0 2.0 10.0 1.0 6.0 10.0 6.0 7.0 2.0 1.0 10.0 5.0 0.0 2.0 2.0 5.0 2.0 3.0 4.0 2.0
39 9.0 6.0 3.0 4.0 6.0 6.0 9.0 6.0 8.0 1.0 10.0 9.0 1.0 8.0 8.0 3.0 9.0 4.0 7.0 10.0 6.0 6.0 6.0 3.0 6.0 7.0 1.0 7.0 9.0 9.0 9.0 3.0 8.0 3.0 3.0 2.0 9.0 2.0 0.0 10.0 10.0 3.0 5.0 7.0 5.0
40 6.0 1.0 7.0 10.0 7.0 1.0 9.0 8.0 7.0 4.0 8.0 1.0 1.0 9.0 10.0 9.0 2.0 5.0 5.0 4.0 1.0 1.0 7.0 6.0 5.0 1.0 9.0 7.0 5.0 3.0 9.0 6.0 8.0 3.0 4.0 10.0 3.0 2.0 10.0 0.0 8.0 1.0 3.0 2.0 9.0
41 8.0 7.0 7.0 8.0 2.0 8.0 4.0 6.0 7.0 8.0 4.0 5.0 8.0 1.0 3.0 5.0 8.0 10.0 1.0 9.0 8.0 1.0 5.0 7.0 3.0 2.0 10.0 7.0 6.0 5.0 2.0 4.0 3.0 4.0 6.0 4.0 3.0 5.0 10.0 8.0 0.0 4.0 1.0 10.0 7.0
42 2.0 2.0 3.0 9.0 10.0 4.0 4.0 6.0 7.0 3.0 5.0 7.0 1.0 1.0 4.0 9.0 5.0 6.0 1.0 6.0 6.0 4.0 3.0 3.0 9.0 8.0 1.0 7.0 1.0 6.0 2.0 3.0 8.0 1.0 3.0 4.0 6.0 2.0 3.0 1.0 4.0 0.0 8.0 7.0 8.0
43 6.0 1.0 6.0 7.0 2.0 2.0 7.0 6.0 3.0 8.0 7.0 5.0 9.0 7.0 6.0 8.0 10.0 10.0 2.0 8.0 2.0 8.0 1.0 10.0 6.0 5.0 10.0 5.0 10.0 6.0 5.0 10.0 4.0 4.0 10.0 9.0 3.0 3.0 5.0 3.0 1.0 8.0 0.0 10.0 7.0
44 5.0 7.0 4.0 7.0 4.0 8.0 7.0 5.0 9.0 2.0 9.0 4.0 7.0 4.0 4.0 5.0 5.0 10.0 5.0 2.0 7.0 5.0 3.0 6.0 7.0 9.0 8.0 4.0 6.0 7.0 3.0 4.0 3.0 7.0 5.0 5.0 7.0 4.0 7.0 2.0 10.0 7.0 10.0 0.0 3.0
45 8.0 8.0 7.0 3.0 3.0 7.0 3.0 4.0 9.0 3.0 2.0 8.0 5.0 7.0 2.0 10.0 4.0 10.0 2.0 3.0 4.0 7.0 1.0 1.0 10.0 8.0 6.0 3.0 4.0 1.0 2.0 3.0 1.0 9.0 4.0 10.0 10.0 2.0 5.0 9.0 7.0 8.0 7.0 3.0 0.0
