60
1 0.0 5.0 10.0 7.0 10.0 3.0 3.0 4.0 2.0 9.0 10.0 10.0 2.0 7.0 10.0 6.0 10.0 10.0 9.0 6.0 6.0 4.0 6.0 4.0 10.0 4.0 6.0 4.0 6.0 2.0 3.0 6.0 4.0 8.0 4.0 5.0 10.0 9.0 6.0 2.0 3.0 9.0 4.0 9.0 4.0 4.0 8.0 6.0 6.0 4.0 9.0 10.0 8.0 10.0 5.0 9.0 4.0 8.0 9.0 4.0
2 5.0 0.0 1.0 4.0 4.0 5.0 5.0 5.0 10.0 3.0 7.0 9.0 6.0 9.0 9.0 10.0 3.0 4.0 2.0 10.0 5.0 1.0 10.0 8.0 7.0 2.0 8.0 1.0 10.0 9.0 3.0 2.0 7.0 10.0 5.0 4.0 6.0 2.0 10.0 3.0 8.0 2.0 6.0 8.0 10.0 4.0 2.0 3.0 9.0 2.0 2.0 7.0 2.0 2.0 3.0 2.0 7.0 8.0 7.0 7.0
3 10.0 1.0 0.0 8.0 6.0 2.0 10.0 5.0 6.0 1.0 5.0 2.0 7.0 2.0 2.0 7.0 4.0 4.0 6.0 5.0 4.0 1.0 3.0 6.0 4.0 9.0 8.0 6.0 2.0 3.0 4.0 6.0 2.0 8.0 2.0 6.0 5.0 4.0 5.0 7.0 5.0 6.0 2.0 10.0 3.0 3.0 7.0 5.0 4.0 7.0 10.0 9.0 10.0 4.0 4.0 4.0 6.0 1.0 10.0 9.0
4 7.0 4.0 8.0 0.0 4.0 4.0 6.0 5.0 2.0 6.0 5.0 3.0 10.0 10.0 4.0 3.0 8.0 10.0 7.0 1.0 9.0 8.0 6.0 4.0 9.0 3.0 6.0 10.0 7.0 4.0 9.0 4.0 4.0 3.0 5.0 10.0 2.0 2.0 8.0 5.0 8.0 8.0 2.0 8.0 7.0 2.0 4.0 9.0 3.0 10.0 5.0 4.0 8.0 10.0 6.0 6.0 9.0 8.0 2.0 2.0
5 10.0 4.0 6.0 4.0 0.0 8.0 1.0 7.0 10.0 5.0 7.0 3.0 4.0 5.0 9.0 5.0 7.0 10.0 3.0 9.0 6.0 3.0 10.0 7.0 5.0 2.0 5.0 3.0 5.0 2.0 10.0 8.0 5.0 4.0 5.0 5.0 8.0 4.0 1.0 8.0 6.0 9.0 1.0 9.0 9.0 9.0 8.0 8.0 8.0 2.0 2.0 1.0 7.0 8.0 9.0 4.0 4.0 6.0 5.0 4.0
6 3.0 5.0 2.0 4.0 8.0 0.0 1.0 10.0 8.0 3.0 1.0 10.0 9.0 5.0 1.0 4.0 5.0 6.0 9.0 7.0 3.0 8.0 1.0 9.0 5.0 9.0 10.0 7.0 9.0 7.0 1.0 6.0 7.0 6.0 4.0 4.0 10.0 9.0 9.0 6.0 8.0 2.0 6.0 10.0 5.0 7.0 2.0 3.0 1.0 9.0 2.0 4.0 8.0 6.0 3.0 9.0 1.0 7.0 8.0 1.0
7 3.0 5.0 10.0 6.0 1.0 1.0 0.0 6.0 7.0 5.0 3.0 8.0 8.0 5.0 4.0 6.0 6.0 3.0 2.0 8.0 7.0 5.0 2.0 5.0 1.0 8.0 2.0 3.0 3.0 6.0 2.0 3.0 8.0 2.0 8.0 7.0 6.0 8.0 6.0 6.0 3.0 5.0 10.0 6.0 2.0 9.0 8.0 5.0 2.0 6.0 6.0 7.0 7.0 1.0 1.0 4.0 8.0 1.0 10.0 10.0
8 4.0 5.0 5.0 5.0 7.0 10.0 6.0 0.0 1.0 9.0 10.0 1.0 4.0 8.0 6.0 1.0 10.0 1.0 5.0 7.0 5.0 3.0 8.0 3.0 4.0 3.0 5.0 9.0 2.0 9.0 7.0 1.0 10.0 2.0 4.0 7.0 4.0 6.0 4.0 5.0 7.0 6.0 8.0 7.0 8.0 3.0 9.0 7.0 6.0 5.0 6.0 3.0 3.0 3.0 5.0 6.0 2.0 1.0 7.0 3.0
9 2.0 10.0 6.0 2.0 10.0 8.0 7.0 1.0 0.0 5.0 2.0 5.0 1.0 6.0 9.0 8.0 1.0 10.0 4.0 4.0 7.0 2.0 4.0 10.0 5.0 4.0 10.0 1.0 10.0 10.0 5.0 1.0 1.0 1.0 2.0 7.0 1.0 2.0 4.0 1.0 7.0 5.0 4.0 2.0 1.0 3.0 2.0 5.0 9.0 1.0 5.0 1.0 10.0 2.0 2.0 7.0 5.0 10.0 1.0 5.0
10 9.0 3.0 1.0 6.0 5.0 3.0 5.0 9.0 5.0 0.0 5.0 8.0 1.0 2.0 9.0 7.0 8.0 6.0 9.0 4.0 4.0 2.0 6.0 2.0 4.0 4.0 1.0 9.0 1.0 1.0 2.0 10.0 5.0 9.0 7.0 2.0 10.0 6.0 7.0 1.0 5.0 10.0 5.0 2.0 3.0 3.0 5.0 9.0 4.0 3.0 5.0 2.0 2.0 10.0 5.0 6.0 10.0 7.0 6.0 5.0
11 10.0 7.0 5.0 5.0 7.0 1.0 3.0 10.0 2.0 5.0 0.0 5.0 4.0 2.0 5.0 9.0 5.0 7.0 6.0 8.0 6.0 10.0 2.0 8.0 1.0 4.0 7.0 10.0 5.0 10.0 4.0 5.0 4.0 6.0 2.0 10.0 3.0 2.0 3.0 8.0 8.0 7.0 4.0 1.0 2.0 10.0 4.0 6.0 9.0 9.0 3.0 10.0 8.0 6.0 7.0 6.0 9.0 7.0 3.0 5.0
12 10.0 9.0 2.0 3.0 3.0 10.0 8.0 1.0 5.0 8.0 5.0 0.0 4.0 9.0 1.0 6.0 6.0 2.0 10.0 2.0 2.0 7.0 7.0 9.0 9.0 7.0 6.0 7.0 1.0 8.0 4.0 7.0 8.0 5.0 8.0 10.0 9.0 6.0 5.0 3.0 10.0 9.0 3.0 4.0 3.0 6.0 1.0 10.0 3.0 5.0 9.0 10.0 5.0 3.0 7.0 5.0 10.0 4.0 6.0 6.0
13 2.0 6.0 7.0 10.0 4.0 9.0 8.0 4.0 1.0 1.0 4.0 4.0 0.0 2.0 5.0 10.0 6.0 5.0 6.0 8.0 7.0 9.0 7.0 3.0 9.0 9.0 2.0 9.0 7.0 5.0 9.0 5.0 7.0 9.0 10.0 4.0 8.0 10.0 3.0 4.0 1.0 3.0 1.0 2.0 4.0 1.0 3.0 10.0 9.0 7.0 8.0 2.0 3.0 4.0 7.0 3.0 9.0 1.0 8.0 8.0
14 7.0 9.0 2.0 10.0 5.0 5.0 5.0 8.0 6.0 2.0 2.0 9.0 2.0 0.0 7.0 8.0 7.0 7.0 8.0 4.0 10.0 4.0 6.0 6.0 7.0 9.0 6.0 6.0 6.0 3.0 1.0 5.0 8.0 7.0 5.0 7.0 4.0 1.0 2.0 2.0 10.0 6.0 6.0 6.0 9.0 7.0 4.0 3.0 9.0 3.0 3.0 10.0 1.0 6.0 5.0 7.0 10.0 4.0 3.0 2.0
15 10.0 9.0 2.0 4.0 9.0 1.0 4.0 6.0 9.0 9.0 5.0 1.0 5.0 7.0 0.0 8.0 3.0 3.0 4.0 4.0 5.0 4.0 6.0 7.0 9.0 9.0 5.0 10.0 3.0 5.0 1.0 8.0 8.0 1.0 5.0 8.0 6.0 8.0 9.0 2.0 2.0 4.0 2.0 5.0 5.0 1.0 6.0 3.0 5.0 8.0 6.0 5.0 6.0 7.0 8.0 6.0 8.0 1.0 6.0 3.0
16 6.0 10.0 7.0 3.0 5.0 4.0 6.0 1.0 8.0 7.0 9.0 6.0 10.0 8.0 8.0 0.0 9.0 3.0 4.0 5.0 4.0 4.0 4.0 2.0 8.0 2.0 8.0 9.0 8.0 1.0 5.0 2.0 1.0 5.0 8.0 3.0 5.0 9.0 3.0 9.0 4.0 9.0 5.0 7.0 6.0 4.0 9.0 6.0 2.0 2.0 6.0 7.0 1.0 8.0 9.0 2.0 4.0 5.0 9.0 9.0
17 10.0 3.0 4.0 8.0 7.0 5.0 6.0 10.0 1.0 8.0 5.0 6.0 6.0 7.0 3.0 9.0 0.0 10.0 2.0 7.0 6.0 10.0 5.0 7.0 4.0 8.0 3.0 3.0 9.0 4.0 3.0 10.0 10.0 2.0 8.0 3.0 1.0 6.0 10.0 2.0 4.0 5.0 6.0 6.0 1.0 10.0 10.0 1.0 9.0 3.0 4.0 4.0 4.0 4.0 4.0 5.0 2.0 2.0 5.0 9.0
18 10.0 4.0 4.0 10.0 10.0 6.0 3.0 1.0 10.0 6.0 7.0 2.0 5.0 7.0 3.0 3.0 10.0 0.0 9.0 8.0 7.0 2.0 1.0 5.0 2.0 5.0 2.0 2.0 8.0 7.0 5.0 9.0 2.0 7.0 5.0 4.0 2.0 1.0 1.0 1.0 10.0 8.0 3.0 6.0 1.0 1.0 5.0 6.0 2.0 10.0 3.0 5.0 8.0 9.0 6.0 10.0 6.0 10.0 10.0 5.0
19 9.0 2.0 6.0 7.0 3.0 9.0 2.0 5.0 4.0 9.0 6.0 10.0 6.0 8.0 4.0 4.0 2.0 9.0 0.0 8.0 10.0 2.0 3.0 5.0 10.0 2.0 3.0 2.0 10.0 8.0 6.0 6.0 10.0 7.0 9.0 4.0 7.0 5.0 2.0 3.0 3.0 9.0 9.0 10.0 7.0 6.0 7.0 1.0 6.0 7.0 4.0 2.0 5.0 8.0 9.0 2.0 1.0 6.0 4.0 4.0
20 6.0 10.0 5.0 1.0 9.0 7.0 8.0 7.0 4.0 4.0 8.0 2.0 8.0 4.0 4.0 5.0 7.0 8.0 8.0 0.0 7.0 7.0 8.0 5.0 4.0 6.0 1.0 4.0 2.0 10.0 3.0 10.0 7.0 8.0 1.0 6.0 5.0 6.0 2.0 6.0 10.0 5.0 3.0 6.0 2.0 10.0 7.0 1.0 9.0 9.0 5.0 3.0 10.0 1.0 10.0 2.0 7.0 4.0 6.0 9.0
21 6.0 5.0 4.0 9.0 6.0 3.0 7.0 5.0 7.0 4.0 6.0 2.0 7.0 10.0 5.0 4.0 6.0 7.0 10.0 7.0 0.0 5.0 5.0 6.0 1.0 2.0 3.0 6.0 2.0 1.0 7.0 10.0 3.0 6.0 7.0 4.0 8.0 5.0 1.0 9.0 8.0 9.0 2.0 6.0 3.0 4.0 4.0 3.0 8.0 10.0 1.0 10.0 5.0 10.0 5.0 9.0 5.0 5.0 8.0 2.0
22 4.0 1.0 1.0 8.0 3.0 8.0 5.0 3.0 2.0 2.0 10.0 7.0 9.0 4.0 4.0 4.0 10.0 2.0 2.0 7.0 5.0 0.0 7.0 1.0 5.0 9.0 1.0 6.0 7.0 7.0 7.0 9.0 9.0 3.0 2.0 9.0 5.0 3.0 1.0 2.0 7.0 7.0 5.0 8.0 4.0 6.0 1.0 5.0 7.0 5.0 6.0 1.0 5.0 2.0 4.0 2.0 6.0 8.0 10.0 10.0
23 6.0 10.0 3.0 6.0 10.0 1.0 2.0 8.0 4.0 6.0 2.0 7.0 7.0 6.0 6.0 4.0 5.0 1.0 3.0 8.0 5.0 7.0 0.0 2.0 7.0 2.0 4.0 10.0 4.0 5.0 4.0 6.0 5.0 8.0 5.0 6.0 6.0 5.0 7.0 1.0 4.0 4.0 8.0 6.0 4.0 1.0 5.0 8.0 6.0 6.0 3.0 7.0 9.0 5.0 10.0 5.0 5.0 7.0 2.0 7.0
24 4.0 8.0 6.0 4.0 7.0 9.0 5.0 3.0 10.0 2.0 8.0 9.0 3.0 6.0 7.0 2.0 7.0 5.0 5.0 5.0 6.0 1.0 2.0 0.0 7.0 2.0 2.0 6.0 4.0 3.0 8.0 5.0 5.0 5.0 3.0 10.0 4.0 10.0 6.0 4.0 2.0 9.0 4.0 1.0 5.0 3.0 2.0 1.0 7.0 7.0 2.0 5.0 8.0 10.0 4.0 7.0 8.0 8.0 10.0 2.0
25 10.0 7.0 4.0 9.0 5.0 5.0 1.0 4.0 5.0 4.0 1.0 9.0 9.0 7.0 9.0 8.0 4.0 2.0 10.0 4.0 1.0 5.0 7.0 7.0 0.0 4.0 4.0 7.0 3.0 4.0 4.0 4.0 7.0 1.0 7.0 6.0 2.0 9.0 8.0 8.0 2.0 9.0 1.0 1.0 4.0 7.0 4.0 3.0 4.0 1.0 9.0 9.0 8.0 6.0 8.0 5.0 2.0 10.0 9.0 7.0
26 4.0 2.0 9.0 3.0 2.0 9.0 8.0 3.0 4.0 4.0 4.0 7.0 9.0 9.0 9.0 2.0 8.0 5.0 2.0 6.0 2.0 9.0 2.0 2.0 4.0 0.0 6.0 7.0 10.0 1.0 5.0 6.0 4.0 9.0 6.0 2.0 5.0 7.0 1.0 5.0 8.0 7.0 4.0 3.0 3.0 10.0 7.0 2.0 2.0 5.0 1.0 10.0 2.0 5.0 2.0 3.0 5.0 9.0 7.0 9.0
27 6.0 8.0 8.0 6.0 5.0 10.0 2.0 5.0 10.0 1.0 7.0 6.0 2.0 6.0 5.0 8.0 3.0 2.0 3.0 1.0 3.0 1.0 4.0 2.0 4.0 6.0 0.0 3.0 7.0 5.0 7.0 8.0 1.0 1.0 7.0 9.0 8.0 6.0 8.0 6.0 9.0 2.0 8.0 6.0 9.0 8.0 4.0 8.0 8.0 8.0 7.0 7.0 6.0 9.0 3.0 8.0 6.0 5.0 4.0 1.0
28 4.0 1.0 6.0 10.0 3.0 7.0 3.0 9.0 1.0 9.0 10.0 7.0 9.0 6.0 10.0 9.0 3.0 2.0 2.0 4.0 6.0 6.0 10.0 6.0 7.0 7.0 3.0 0.0 3.0 1.0 7.0 6.0 5.0 8.0 10.0 1.0 2.0 8.0 8.0 2.0 9.0 8.0 2.0 5.0 8.0 7.0 10.0 1.0 1.0 6.0 5.0 4.0 6.0 1.0 3.0 4.0 3.0 8.0 2.0 10.0
29 6.0 10.0 2.0 7.0 5.0 9.0 3.0 2.0 10.0 1.0 5.0 1.0 7.0 6.0 3.0 8.0 9.0 8.0 10.0 2.0 2.0 7.0 4.0 4.0 3.0 10.0 7.0 3.0 0.0 2.0 4.0 2.0 9.0 5.0 2.0 8.0 3.0 9.0 5.0 3.0 6.0 10.0 8.0 9.0 1.0 5.0 3.0 4.0 6.0 9.0 1.0 9.0 6.0 5.0 2.0 7.0 5.0 4.0 10.0 2.0
30 2.0 9.0 3.0 4.0 2.0 7.0 6.0 9.0 10.0 1.0 10.0 8.0 5.0 3.0 5.0 1.0 4.0 7.0 8.0 10.0 1.0 7.0 5.0 3.0 4.0 1.0 5.0 1.0 2.0 0.0 8.0 7.0 5.0 6.0 10.0 1.0 4.0 1.0 1.0 9.0 7.0 6.0 9.0 10.0 2.0 4.0 8.0 10.0 2.0 5.0 7.0 10.0 7.0 2.0 1.0 4.0 5.0 10.0 8.0 2.0
31 3.0 3.0 4.0 9.0 10.0 1.0 2.0 7.0 5.0 2.0 4.0 4.0 9.0 1.0 1.0 5.0 3.0 5.0 6.0 3.0 7.0 7.0 4.0 8.0 4.0 5.0 7.0 7.0 4.0 8.0 0.0 7.0 3.0 6.0 7.0 10.0 6.0 7.0 4.0 10.0 9.0 8.0 9.0 8.0 2.0 3.0 2.0 1.0 9.0 8.0 1.0 5.0 10.0 6.0 4.0 6.0 3.0 10.0 3.0 2.0
32 6.0 2.0 6.0 4.0 8.0 6.0 3.0 1.0 1.0 10.0 5.0 7.0 5.0 5.0 8.0 2.0 10.0 9.0 6.0 10.0 10.0 9.0 6.0 5.0 4.0 6.0 8.0 6.0 2.0 7.0 7.0 0.0 10.0 2.0 5.0 6.0 3.0 5.0 5.0 8.0 4.0 8.0 5.0 1.0 6.0 6.0 4.0 2.0 6.0 5.0 6.0 7.0 2.0 4.0 9.0 3.0 8.0 3.0 8.0 4.0
33 4.0 7.0 2.0 4.0 5.0 7.0 8.0 10.0 1.0 5.0 4.0 8.0 7.0 8.0 8.0 1.0 10.0 2.0 10.0 7.0 3.0 9.0 5.0 5.0 7.0 4.0 1.0 5.0 9.0 5.0 3.0 10.0 0.0 1.0 2.0 2.0 2.0 9.0 6.0 10.0 10.0 1.0 1.0 6.0 7.0 3.0 10.0 3.0 8.0 7.0 4.0 9.0 1.0 7.0 10.0 6.0 6.0 10.0 1.0 2.0
34 8.0 10.0 8.0 3.0 4.0 6.0 2.0 2.0 1.0 9.0 6.0 5.0 9.0 7.0 1.0 5.0 2.0 7.0 7.0 8.0 6.0 3.0 8.0 5.0 1.0 9.0 1.0 8.0 5.0 6.0 6.0 2.0 1.0 0.0 4.0 3.0 1.0 2.0 7.0 10.0 2.0 6.0 2.0 10.0 10.0 8.0 10.0 4.0 8.0 10.0 10.0 7.0 2.0 7.0 2.0 3.0 10.0 10.0 3.0 4.0
35 4.0 5.0 2.0 5.0 5.0 4.0 8.0 4.0 2.0 7.0 2.0 8.0 10.0 5.0 5.0 8.0 8.0 5.0 9.0 1.0 7.0 2.0 5.0 3.0 7.0 6.0 7.0 10.0 2.0 10.0 7.0 5.0 2.0 4.0 0.0 10.0 8.0 3.0 8.0 8.0 1.0 2.0 4.0 1.0 4.0 4.0 3.0 2.0 3.0 3.0 6.0 9.0 10.0 9.0 4.0 10.0 5.0 4.0 10.0 6.0
36 5.0 4.0 6.0 10.0 5.0 4.0 7.0 7.0 7.0 2.0 10.0 10.0 4.0 7.0 8.0 3.0 3.0 4.0 4.0 6.0 4.0 9.0 6.0 10.0 6.0 2.0 9.0 1.0 8.0 1.0 10.0 6.0 2.0 3.0 10.0 0.0 3.0 1.0 3.0 6.0 4.0 6.0 1.0 5.0 9.0 8.0 10.0 1.0 7.0 9.0 1.0 4.0 3.0 6.0 9.0 2.0 10.0 1.0 8.0 1.0
37 10.0 6.0 5.0 2.0 8.0 10.0 6.0 4.0 1.0 10.0 3.0 9.0 8.0 4.0 6.0 5.0 1.0 2.0 7.0 5.0 8.0 5.0 6.0 4.0 2.0 5.0 8.0 2.0 3.0 4.0 6.0 3.0 2.0 1.0 8.0 3.0 0.0 7.0 6.0 9.0 7.0 5.0 2.0 9.0 3.0 4.0 10.0 8.0 6.0 4.0 5.0 10.0 10.0 8.0 9.0 2.0 3.0 7.0 7.0 8.0
38 9.0 2.0 4.0 2.0 4.0 9.0 8.0 6.0 2.0 6.0 2.0 6.0 10.0 1.0 8.0 9.0 6.0 1.0 5.0 6.0 5.0 3.0 5.0 10.0 9.0 7.0 6.0 8.0 9.0 1.0 7.0 5.0 9.0 2.0 3.0 1.0 7.0 0.0 8.0 1.0 6.0 4.0 6.0 3.0 1.0 4.0 3.0 9.0 6.0 5.0 9.0 1.0 9.0 7.0 6.0 4.0 4.0 3.0 10.0 10.0
39 6.0 10.0 5.0 8.0 1.0 9.0 6.0 4.0 4.0 7.0 3.0 5.0 3.0 2.0 9.0 3.0 10.0 1.0 2.0 2.0 1.0 1.0 7.0 6.0 8.0 1.0 8.0 8.0 5.0 1.0 4.0 5.0 6.0 7.0 8.0 3.0 6.0 8.0 0.0 8.0 10.0 3.0 8.0 4.0 6.0 9.0 5.0 5.0 10.0 9.0 2.0 5.0 1.0 5.0 9.0 2.0 6.0 9.0 2.0 2.0
40 2.0 3.0 7.0 5.0 8.0 6.0 6.0 5.0 1.0 1.0 8.0 3.0 4.0 2.0 2.0 9.0 2.0 1.0 3.0 6.0 9.0 2.0 1.0 4.0 8.0 5.0 6.0 2.0 3.0 9.0 10.0 8.0 10.0 10.0 8.0 6.0 9.0 1.0 8.0 0.0 4.0 5.0 7.0 7.0 6.0 5.0 3.0 10.0 3.0 2.0 1.0 4.0 9.0 2.0 9.0 5.0 7.0 3.0 9.0 8.0
41 3.0 8.0 5.0 8.0 6.0 8.0 3.0 7.0 7.0 5.0 8.0 10.0 1.0 10.0 2.0 4.0 4.0 10.0 3.0 10.0 8.0 7.0 4.0 2.0 2.0 8.0 9.0 9.0 6.0 7.0 9.0 4.0 10.0 2.0 1.0 4.0 7.0 6.0 10.0 4.0 0.0 2.0 2.0 4.0 6.0 2.0 2.0 9.0 1.0 5.0 9.0 1.0 7.0 1.0 2.0 8.0 2.0 2.0 4.0 10.0
42 9.0 2.0 6.0 8.0 9.0 2.0 5.0 6.0 5.0 10.0 7.0 9.0 3.0 6.0 4.0 9.0 5.0 8.0 9.0 5.0 9.0 7.0 4.0 9.0 9.0 7.0 2.0 8.0 10.0 6.0 8.0 8.0 1.0 6.0 2.0 6.0 5.0 4.0 3.0 5.0 2.0 0.0 6.0 3.0 10.0 10.0 9.0 8.0 4.0 7.0 7.0 10.0 2.0 5.0 8.0 7.0 6.0 9.0 5.0 1.0
43 4.0 6.0 2.0 2.0 1.0 6.0 10.0 8.0 4.0 5.0 4.0 3.0 1.0 6.0 2.0 5.0 6.0 3.0 9.0 3.0 2.0 5.0 8.0 4.0 1.0 4.0 8.0 2.0 8.0 9.0 9.0 5.0 1.0 2.0 4.0 1.0 2.0 6.0 8.0 7.0 2.0 6.0 0.0 7.0 5.0 6.0 5.0 1.0 3.0 5.0 10.0 10.0 5.0 9.0 3.0 1.0 7.0 10.0 5.0 5.0
44 9.0 8.0 10.0 8.0 9.0 10.0 6.0 7.0 2.0 2.0 1.0 4.0 2.0 6.0 5.0 7.0 6.0 6.0 10.0 6.0 6.0 8.0 6.0 1.0 1.0 3.0 6.0 5.0 9.0 10.0 8.0 1.0 6.0 10.0 1.0 5.0 9.0 3.0 4.0 7.0 4.0 3.0 7.0 0.0 5.0 2.0 3.0 7.0 3.0 6.0 10.0 3.0 10.0 9.0 4.0 8.0 8.0 5.0 4.0 6.0
45 4.0 10.0 3.0 7.0 9.0 5.0 2.0 8.0 1.0 3.0 2.0 3.0 4.0 9.0 5.0 6.0 1.0 1.0 7.0 2.0 3.0 4.0 4.0 5.0 4.0 3.0 9.0 8.0 1.0 2.0 2.0 6.0 7.0 10.0 4.0 9.0 3.0 1.0 6.0 6.0 6.0 10.0 5.0 5.0 0.0 1.0 1.0 8.0 3.0 1.0 2.0 2.0 4.0 1.0 6.0 10.0 6.0 6.0 1.0 5.0
46 4.0 4.0 3.0 2.0 9.0 7.0 9.0 3.0 3.0 3.0 10.0 6.0 1.0 7.0 1.0 4.0 10.0 1.0 6.0 10.0 4.0 6.0 1.0 3.0 7.0 10.0 8.0 7.0 5.0 4.0 3.0 6.0 3.0 8.0 4.0 8.0 4.0 4.0 9.0 5.0 2.0 10.0 6.0 2.0 1.0 0.0 8.0 10.0 5.0 7.0 9.0 2.0 8.0 8.0 4.0 1.0 8.0 1.0 8.0 10.0
47 8.0 2.0 7.0 4.0 8.0 2.0 8.0 9.0 2.0 5.0 4.0 1.0 3.0 4.0 6.0 9.0 10.0 5.0 7.0 7.0 4.0 1.0 5.0 2.0 4.0 7.0 4.0 10.0 3.0 8.0 2.0 4.0 10.0 10.0 3.0 10.0 10.0 3.0 5.0 3.0 2.0 9.0 5.0 3.0 1.0 8.0 0.0 7.0 7.0 2.0 5.0 5.0 10.0 1.0 3.0 9.0 9.0 1.0 8.0 1.0
48 6.0 3.0 5.0 9.0 8.0 3.0 5.0 7.0 5.0 9.0 6.0 10.0 10.0 3.0 3.0 6.0 1.0 6.0 1.0 1.0 3.0 5.0 8.0 1.0 3.0 2.0 8.0 1.0 4.0 10.0 1.0 2.0 3.0 4.0 2.0 1.0 8.0 9.0 5.0 10.0 9.0 8.0 1.0 7.0 8.0 10.0 7.0 0.0 3.0 4.0 8.0 2.0 7.0 10.0 8.0 8.0 8.0 7.0 8.0 5.0
49 6.0 9.0 4.0 3.0 8.0 1.0 2.0 6.0 9.0 4.0 9.0 3.0 9.0 9.0 5.0 2.0 9.0 2.0 6.0 9.0 8.0 7.0 6.0 7.0 4.0 2.0 8.0 1.0 6.0 2.0 9.0 6.0 8.0 8.0 3.0 7.0 6.0 6.0 10.0 3.0 1.0 4.0 3.0 3.0 3.0 5.0 7.0 3.0 0.0 3.0 4.0 2.0 9.0 2.0 6.0 3.0 5.0 3.0 8.0 6.0
50 4.0 2.0 7.0 10.0 2.0 9.0 6.0 5.0 1.0 3.0 9.0 5.0 7.0 3.0 8.0 2.0 3.0 10.0 7.0 9.0 10.0 5.0 6.0 7.0 1.0 5.0 8.0 6.0 9.0 5.0 8.0 5.0 7.0 10.0 3.0 9.0 4.0 5.0 9.0 2.0 5.0 7.0 5.0 6.0 1.0 7.0 2.0 4.0 3.0 0.0 3.0 6.0 1.0 10.0 7.0 6.0 7.0 6.0 6.0 3.0
51 9.0 2.0 10.0 5.0 2.0 2.0 6.0 6.0 5.0 5.0 3.0 9.0 8.0 3.0 6.0 6.0 4.0 3.0 4.0 5.0 1.0 6.0 3.0 2.0 9.0 1.0 7.0 5.0 1.0 7.0 1.0 6.0 4.0 10.0 6.0 1.0 5.0 9.0 2.0 1.0 9.0 7.0 10.0 10.0 2.0 9.0 5.0 8.0 4.0 3.0 0.0 8.0 9.0 4.0 4.0 9.0 7.0 1.0 7.0 1.0
52 10.0 7.0 9.0 4.0 1.0 4.0 7.0 3.0 1.0 2.0 10.0 10.0 2.0 10.0 5.0 7.0 4.0 5.0 2.0 3.0 10.0 1.0 7.0 5.0 9.0 10.0 7.0 4.0 9.0 10.0 5.0 7.0 9.0 7.0 9.0 4.0 10.0 1.0 5.0 4.0 1.0 10.0 10.0 3.0 2.0 2.0 5.0 2.0 2.0 6.0 8.0 0.0 7.0 6.0 9.0 3.0 8.0 7.0 4.0 9.0
53 8.0 2.0 10.0 8.0 7.0 8.0 7.0 3.0 10.0 2.0 8.0 5.0 3.0 1.0 6.0 1.0 4.0 8.0 5.0 10.0 5.0 5.0 9.0 8.0 8.0 2.0 6.0 6.0 6.0 7.0 10.0 2.0 1.0 2.0 10.0 3.0 10.0 9.0 1.0 9.0 7.0 2.0 5.0 10.0 4.0 8.0 10.0 7.0 9.0 1.0 9.0 7.0 0.0 4.0 1.0 9.0 5.0 4.0 2.0 3.0
54 10.0 2.0 4.0 10.0 8.0 6.0 1.0 3.0 2.0 10.0 6.0 3.0 4.0 6.0 7.0 8.0 4.0 9.0 8.0 1.0 10.0 2.0 5.0 10.0 6.0 5.0 9.0 1.0 5.0 2.0 6.0 4.0 7.0 7.0 9.0 6.0 8.0 7.0 5.0 2.0 1.0 5.0 9.0 9.0 1.0 8.0 1.0 10.0 2.0 10.0 4.0 6.0 4.0 0.0 2.0 2.0 3.0 2.0 7.0 5.0
55 5.0 3.0 4.0 6.0 9.0 3.0 1.0 5.0 2.0 5.0 7.0 7.0 7.0 5.0 8.0 9.0 4.0 6.0 9.0 10.0 5.0 4.0 10.0 4.0 8.0 2.0 3.0 3.0 2.0 1.0 4.0 9.0 10.0 2.0 4.0 9.0 9.0 6.0 9.0 9.0 2.0 8.0 3.0 4.0 6.0 4.0 3.0 8.0 6.0 7.0 4.0 9.0 1.0 2.0 0.0 5.0 6.0 1.0 7.0 2.0
56 9.0 2.0 4.0 6.0 4.0 9.0 4.0 6.0 7.0 6.0 6.0 5.0 3.0 7.0 6.0 2.0 5.0 10.0 2.0 2.0 9.0 2.0 5.0 7.0 5.0 3.0 8.0 4.0 7.0 4.0 6.0 3.0 6.0 3.0 10.0 2.0 2.0 4.0 2.0 5.0 8.0 7.0 1.0 8.0 10.0 1.0 9.0 8.0 3.0 6.0 9.0 3.0 9.0 2.0 5.0 0.0 9.0 7.0 5.0 1.0
57 4.0 7.0 6.0 9.0 4.0 1.0 8.0 2.0 5.0 10.0 9.0 10.0 9.0 10.0 8.0 4.0 2.0 6.0 1.0 7.0 5.0 6.0 5.0 8.0 2.0 5.0 6.0 3.0 5.0 5.0 3.0 8.0 6.0 10.0 5.0 10.0 3.0 4.0 6.0 7.0 2.0 6.0 7.0 8.0 6.0 8.0 9.0 8.0 5.0 7.0 7.0 8.0 5.0 3.0 6.0 9.0 0.0 1.0 9.0 10.0
58 8.0 8.0 1.0 8.0 6.0 7.0 1.0 1.0 10.0 7.0 7.0 4.0 1.0 4.0 1.0 5.0 2.0 10.0 6.0 4.0 5.0 8.0 7.0 8.0 10.0 9.0 5.0 8.0 4.0 10.0 10.0 3.0 10.0 10.0 4.0 1.0 7.0 3.0 9.0 3.0 2.0 9.0 10.0 5.0 6.0 1.0 1.0 7.0 3.0 6.0 1.0 7.0 4.0 2.0 1.0 7.0 1.0 0.0 4.0 9.0
59 9.0 7.0 10.0 2.0 5.0 8.0 10.0 7.0 1.0 6.0 3.0 6.0 8.0 3.0 6.0 9.0 5.0 10.0 4.0 6.0 8.0 10.0 2.0 10.0 9.0 7.0 4.0 2.0 10.0 8.0 3.0 8.0 1.0 3.0 10.0 8.0 7.0 10.0 2.0 9.0 4.0 5.0 5.0 4.0 1.0 8.0 8.0 8.0 8.0 6.0 7.0 4.0 2.0 7.0 7.0 5.0 9.0 4.0 0.0 2.0
60 4.0 7.0 9.0 2.0 4.0 1.0 10.0 3.0 5.0 5.0 5.0 6.0 8.0 2.0 3.0 9.0 9.0 5.0 4.0 9.0 2.0 10.0 7.0 2.0 7.0 9.0 1.0 10.0 2.0 2.0 2.0 4.0 2.0 4.0 6.0 1.0 8.0 10.0 2.0 8.0 10.0 1.0 5.0 6.0 5.0 10.0 1.0 5.0 6.0 3.0 1.0 9.0 3.0 5.0 2.0 1.0 10.0 9.0 2.0 0.0
