55
1 0.0 3.0 10.0 5.0 9.0 9.0 2.0 4.0 4.0 6.0 8.0 7.0 7.0 10.0 1.0 5.0 1.0 9.0 1.0 7.0 3.0 1.0 7.0 4.0 2.0 4.0 7.0 6.0 8.0 8.0 6.0 2.0 9.0 2.0 7.0 2.0 3.0 8.0 9.0 2.0 6.0 4.0 5.0 3.0 7.0 9.0 8.0 2.0 4.0 9.0 7.0 5.0 2.0 6.0 5.0
2 3.0 0.0 8.0 10.0 8.0 5.0 9.0 8.0 5.0 7.0 2.0 8.0 10.0 9.0 9.0 6.0 6.0 6.0 5.0 7.0 7.0 1.0 10.0 5.0 6.0 7.0 3.0 9.0 5.0 7.0 8.0 2.0 1.0 1.0 8.0 4.0 8.0 3.0 8.0 6.0 2.0 1.0 10.0 1.0 5.0 2.0 9.0 10.0 9.0 2.0 10.0 3.0 6.0 5.0 3.0
3 10.0 8.0 0.0 10.0 2.0 9.0 6.0 8.0 9.0 2.0 5.0 9.0 3.0 7.0 2.0 3.0 10.0 5.0 4.0 10.0 2.0 3.0 6.0 4.0 3.0 7.0 9.0 4.0 4.0 4.0 8.0 8.0 6.0 4.0 3.0 6.0 8.0 10.0 4.0 5.0 1.0 1.0 2.0 5.0 1.0 9.0 8.0 8.0 1.0 1.0 6.0 4.0 10.0 1.0 5.0
4 5.0 10.0 10.0 0.0 4.0 1.0 8.0 4.0 7.0 9.0 8.0 3.0 5.0 3.0 4.0 10.0 4.0 9.0 8.0 10.0 5.0 8.0 5.0 10.0 3.0 8.0 4.0 1.0 4.0 6.0 6.0 8.0 2.0 7.0 4.0 6.0 6.0 4.0 3.0 9.0 9.0 8.0 8.0 7.0 6.0 1.0 6.0 10.0 5.0 2.0 6.0 10.0 2.0 9.0 2.0
5 9.0 8.0 2.0 4.0 0.0 3.0 9.0 2.0 4.0 6.0 5.0 3.0 10.0 7.0 3.0 2.0 4.0 10.0 4.0 8.0 4.0 9.0 1.0 6.0 9.0 5.0 9.0 1.0 7.0 3.0 6.0 10.0 6.0 2.0 5.0 3.0 6.0 7.0 7.0 1.0 3.0 4.0 9.0 7.0 8.0 4.0 5.0 1.0 2.0 10.0 6.0 6.0 2.0 8.0 6.0
6 9.0 5.0 9.0 1.0 3.0 0.0 3.0 2.0 8.0 5.0 8.0 4.0 4.0 7.0 2.0 5.0 5.0 9.0 2.0 3.0 3.0 2.0 2.0 6.0 2.0 3.0 3.0 6.0 2.0 7.0 7.0 6.0 5.0 10.0 3.0 7.0 9.0 3.0 4.0 5.0 5.0 3.0 2.0 4.0 10.0 5.0 9.0 7.0 1.0 4.0 2.0 6.0 8.0 7.0 2.0
7 2.0 9.0 6.0 8.0 9.0 3.0 0.0 1.0 4.0 2.0 3.0 1.0 9.0 8.0 4.0 10.0 2.0 2.0 10.0 2.0 10.0 9.0 3.0 8.0 6.0 3.0 3.0 7.0 5.0 1.0 1.0 6.0 8.0 7.0 1.0 6.0 5.0 4.0 3.0 3.0 9.0 9.0 5.0 5.0 10.0 3.0 9.0 7.0 4.0 7.0 4.0 2.0 4.0 10.0 8.0
8 4.0 8.0 8.0 4.0 2.0 2.0 1.0 0.0 4.0 6.0 3.0 2.0 7.0 7.0 2.0 10.0 1.0 4.0 1.0 9.0 2.0 2.0 10.0 6.0 7.0 7.0 3.0 6.0 2.0 9.0 1.0 4.0 7.0 6.0 3.0 6.0 4.0 10.0 6.0 6.0 10.0 3.0 9.0 10.0 2.0 7.0 8.0 5.0 3.0 9.0 3.0 6.0 4.0 7.0 2.0
9 4.0 5.0 9.0 7.0 4.0 8.0 4.0 4.0 0.0 6.0 2.0 9.0 7.0 5.0 3.0 4.0 8.0 2.0 2.0 4.0 6.0 10.0 3.0 1.0 8.0 9.0 9.0 4.0 1.0 4.0 10.0 1.0 1.0 9.0 4.0 10.0 8.0 4.0 5.0 6.0 4.0 8.0 6.0 3.0 4.0 1.0 7.0 5.0 10.0 7.0 1.0 5.0 7.0 5.0 2.0
10 6.0 7.0 2.0 9.0 6.0 5.0 2.0 6.0 6.0 0.0 6.0 10.0 8.0 1.0 5.0 1.0 7.0 6.0 1.0 7.0 3.0 3.0 4.0 4.0 9.0 4.0 7.0 8.0 6.0 10.0 6.0 6.0 10.0 7.0 3.0 10.0 7.0 1.0 1.0 3.0 2.0 6.0 6.0 3.0 7.0 8.0 3.0 6.0 10.0 8.0 7.0 8.0 5.0 2.0 9.0
11 8.0 2.0 5.0 8.0 5.0 8.0 3.0 3.0 2.0 6.0 0.0 10.0 10.0 4.0 6.0 2.0 8.0 3.0 2.0 5.0 4.0 1.0 9.0 8.0 6.0 3.0 1.0 1.0 7.0 9.0 5.0 9.0 4.0 1.0 1.0 6.0 8.0 5.0 3.0 5.0 7.0 5.0 9.0 8.0 9.0 8.0 10.0 8.0 4.0 3.0 10.0 5.0 5.0 7.0 7.0
12 7.0 8.0 9.0 3.0 3.0 4.0 1.0 2.0 9.0 10.0 10.0 0.0 7.0 8.0 10.0 6.0 6.0 4.0 3.0 5.0 10.0 7.0 10.0 2.0 10.0 1.0 8.0 3.0 4.0 6.0 7.0 3.0 4.0 6.0 1.0 8.0 6.0 6.0 4.0 5.0 9.0 3.0 5.0 4.0 5.0 6.0 3.0 10.0 8.0 5.0 10.0 5.0 6.0 6.0 3.0
13 7.0 10.0 3.0 5.0 10.0 4.0 9.0 7.0 7.0 8.0 10.0 7.0 0.0 10.0 2.0 7.0 8.0 4.0 5.0 7.0 8.0 5.0 3.0 9.0 10.0 5.0 4.0 5.0 9.0 9.0 7.0 4.0 1.0 3.0 4.0 3.0 9.0 6.0 9.0 9.0 8.0 5.0 8.0 8.0 6.0 1.0 7.0 10.0 8.0 3.0 7.0 1.0 9.0 1.0 9.0
14 10.0 9.0 7.0 3.0 7.0 7.0 8.0 7.0 5.0 1.0 4.0 8.0 10.0 0.0 5.0 7.0 1.0 7.0 2.0 7.0 6.0 2.0 8.0 2.0 2.0 2.0 7.0 5.0 1.0 1.0 4.0 5.0 2.0 3.0 10.0 2.0 4.0 10.0 3.0 9.0 9.0 1.0 5.0 4.0 6.0 4.0 1.0 4.0 6.0 3.0 2.0 7.0 9.0 8.0 2.0
15 1.0 9.0 2.0 4.0 3.0 2.0 4.0 2.0 3.0 5.0 6.0 10.0 2.0 5.0 0.0 10.0 10.0 1.0 7.0 9.0 1.0 3.0 4.0 2.0 6.0 10.0 4.0 1.0 10.0 10.0 9.0 10.0 2.0 9.0 2.0 1.0 7.0 1.0 9.0 5.0 3.0 3.0 1.0 6.0 1.0 6.0 4.0 6.0 10.0 8.0 9.0 5.0 6.0 7.0 3.0
16 5.0 6.0 3.0 10.0 2.0 5.0 10.0 10.0 4.0 1.0 2.0 6.0 7.0 7.0 10.0 0.0 2.0 6.0 9.0 4.0 6.0 1.0 9.0 7.0 7.0 1.0 6.0 2.0 5.0 7.0 4.0 9.0 4.0 1.0 10.0 5.0 1.0 1.0 1.0 5.0 5.0 7.0 2.0 9.0 9.0 6.0 6.0 2.0 5.0 9.0 7.0 9.0 9.0 10.0 5.0
17 1.0 6.0 10.0 4.0 4.0 5.0 2.0 1.0 8.0 7.0 8.0 6.0 8.0 1.0 10.0 2.0 0.0 10.0 4.0 1.0 1.0 2.0 10.0 6.0 1.0 4.0 1.0 8.0 2.0 2.0 3.0 6.0 1.0 9.0 5.0 8.0 6.0 5.0 1.0 10.0 5.0 2.0 7.0 9.0 2.0 8.0 5.0 4.0 8.0 3.0 1.0 6.0 5.0 5.0 9.0
18 9.0 6.0 5.0 9.0 10.0 9.0 2.0 4.0 2.0 6.0 3.0 4.0 4.0 7.0 1.0 6.0 10.0 0.0 2.0 4.0 2.0 1.0 4.0 6.0 4.0 8.0 3.0 2.0 6.0 2.0 7.0 4.0 1.0 4.0 1.0 8.0 6.0 4.0 7.0 2.0 6.0 1.0 5.0 6.0 4.0 6.0 2.0 3.0 8.0 8.0 10.0 8.0 2.0 2.0 3.0
19 1.0 5.0 4.0 8.0 4.0 2.0 10.0 1.0 2.0 1.0 2.0 3.0 5.0 2.0 7.0 9.0 4.0 2.0 0.0 2.0 1.0 9.0 2.0 6.0 1.0 7.0 9.0 8.0 7.0 10.0 6.0 2.0 5.0 7.0 1.0 9.0 10.0 4.0 3.0 10.0 9.0 10.0 8.0 8.0 5.0 8.0 7.0 7.0 3.0 4.0 9.0 6.0 7.0 10.0 7.0
20 7.0 7.0 10.0 10.0 8.0 3.0 2.0 9.0 4.0 7.0 5.0 5.0 7.0 7.0 9.0 4.0 1.0 4.0 2.0 0.0 8.0 7.0 9.0 6.0 5.0 10.0 7.0 3.0 5.0 10.0 3.0 4.0 4.0 2.0 6.0 5.0 5.0 3.0 2.0 6.0 9.0 1.0 6.0 10.0 7.0 4.0 4.0 6.0 6.0 4.0 1.0 6.0 10.0 5.0 8.0
21 3.0 7.0 2.0 5.0 4.0 3.0 10.0 2.0 6.0 3.0 4.0 10.0 8.0 6.0 1.0 6.0 1.0 2.0 1.0 8.0 0.0 2.0 9.0 9.0 7.0 7.0 7.0 4.0 3.0 5.0 4.0 9.0 8.0 9.0 2.0 9.0 8.0 2.0 1.0 6.0 4.0 4.0 10.0 3.0 5.0 10.0 3.0 9.0 5.0 5.0 9.0 8.0 9.0 6.0 6.0
22 1.0 1.0 3.0 8.0 9.0 2.0 9.0 2.0 10.0 3.0 1.0 7.0 5.0 2.0 3.0 1.0 2.0 1.0 9.0 7.0 2.0 0.0 7.0 9.0 8.0 7.0 8.0 5.0 6.0 1.0 5.0 9.0 1.0 8.0 2.0 6.0 2.0 4.0 4.0 7.0 8.0 5.0 6.0 10.0 2.0 5.0 7.0 10.0 5.0 6.0 8.0 4.0 10.0 10.0 8.0
23 7.0 10.0 6.0 5.0 1.0 2.0 3.0 10.0 3.0 4.0 9.0 10.0 3.0 8.0 4.0 9.0 10.0 4.0 2.0 9.0 9.0 7.0 0.0 2.0 1.0 9.0 10.0 2.0 2.0 8.0 9.0 2.0 8.0 7.0 3.0 5.0 9.0 5.0 9.0 9.0 9.0 2.0 6.0 10.0 3.0 10.0 6.0 8.0 5.0 10.0 5.0 2.0 8.0 8.0 4.0
24 4.0 5.0 4.0 10.0 6.0 6.0 8.0 6.0 1.0 4.0 8.0 2.0 9.0 2.0 2.0 7.0 6.0 6.0 6.0 6.0 9.0 9.0 2.0 0.0 3.0 6.0 10.0 9.0 5.0 6.0 3.0 2.0 4.0 9.0 1.0 2.0 3.0 4.0 9.0 5.0 6.0 2.0 10.0 1.0 4.0 1.0 9.0 3.0 4.0 4.0 7.0 1.0 2.0 8.0 5.0
25 2.0 6.0 3.0 3.0 9.0 2.0 6.0 7.0 8.0 9.0 6.0 10.0 10.0 2.0 6.0 7.0 1.0 4.0 1.0 5.0 7.0 8.0 1.0 3.0 0.0 3.0 5.0 7.0 5.0 1.0 1.0 10.0 3.0 3.0 2.0 5.0 3.0 2.0 1.0 8.0 5.0 3.0 1.0 9.0 3.0 2.0 9.0 1.0 6.0 2.0 3.0 10.0 7.0 1.0 1.0
26 4.0 7.0 7.0 8.0 5.0 3.0 3.0 7.0 9.0 4.0 3.0 1.0 5.0 2.0 10.0 1.0 4.0 8.0 7.0 10.0 7.0 7.0 9.0 6.0 3.0 0.0 8.0 8.0 4.0 4.0 2.0 10.0 3.0 9.0 8.0 4.0 2.0 8.0 6.0 6.0 1.0 2.0 2.0 2.0 9.0 2.0 10.0 5.0 4.0 8.0 7.0 6.0 7.0 10.0 5.0
27 7.0 3.0 9.0 4.0 9.0 3.0 3.0 3.0 9.0 7.0 1.0 8.0 4.0 7.0 4.0 6.0 1.0 3.0 9.0 7.0 7.0 8.0 10.0 10.0 5.0 8.0 0.0 10.0 10.0 4.0 1.0 4.0 2.0 5.0 9.0 2.0 4.0 7.0 5.0 9.0 1.0 10.0 10.0 10.0 6.0 8.0 9.0 3.0 6.0 5.0 1.0 3.0 9.0 5.0 5.0
28 6.0 9.0 4.0 1.0 1.0 6.0 7.0 6.0 4.0 8.0 1.0 3.0 5.0 5.0 1.0 2.0 8.0 2.0 8.0 3.0 4.0 5.0 2.0 9.0 7.0 8.0 10.0 0.0 4.0 2.0 8.0 3.0 9.0 8.0 6.0 9.0 7.0 3.0 1.0 2.0 7.0 1.0 2.0 3.0 2.0 1.0 4.0 10.0 3.0 5.0 8.0 3.0 5.0 9.0 4.0
29 8.0 5.0 4.0 4.0 7.0 2.0 5.0 2.0 1.0 6.0 7.0 4.0 9.0 1.0 10.0 5.0 2.0 6.0 7.0 5.0 3.0 6.0 2.0 5.0 5.0 4.0 10.0 4.0 0.0 10.0 8.0 1.0 6.0 6.0 6.0 5.0 7.0 4.0 7.0 3.0 9.0 10.0 7.0 5.0 2.0 2.0 8.0 6.0 10.0 7.0 4.0 1.0 4.0 10.0 7.0
30 8.0 7.0 4.0 6.0 3.0 7.0 1.0 9.0 4.0 10.0 9.0 6.0 9.0 1.0 10.0 7.0 2.0 2.0 10.0 10.0 5.0 1.0 8.0 6.0 1.0 4.0 4.0 2.0 10.0 0.0 8.0 3.0 6.0 4.0 8.0 4.0 8.0 4.0 4.0 1.0 1.0 5.0 1.0 5.0 3.0 7.0 7.0 2.0 8.0 7.0 7.0 7.0 10.0 10.0 7.0
31 6.0 8.0 8.0 6.0 6.0 7.0 1.0 1.0 10.0 6.0 5.0 7.0 7.0 4.0 9.0 4.0 3.0 7.0 6.0 3.0 4.0 5.0 9.0 3.0 1.0 2.0 1.0 8.0 8.0 8.0 0.0 3.0 1.0 3.0 8.0 6.0 2.0 5.0 6.0 10.0 8.0 10.0 9.0 5.0 7.0 5.0 5.0 10.0 3.0 1.0 2.0 7.0 3.0 7.0 3.0
32 2.0 2.0 8.0 8.0 10.0 6.0 6.0 4.0 1.0 6.0 9.0 3.0 4.0 5.0 10.0 9.0 6.0 4.0 2.0 4.0 9.0 9.0 2.0 2.0 10.0 10.0 4.0 3.0 1.0 3.0 3.0 0.0 6.0 10.0 1.0 1.0 7.0 3.0 4.0 5.0 2.0 4.0 7.0 5.0 8.0 9.0 4.0 7.0 9.0 9.0 10.0 7.0 8.0 9.0 4.0
33 9.0 1.0 6.0 2.0 6.0 5.0 8.0 7.0 1.0 10.0 4.0 4.0 1.0 2.0 2.0 4.0 1.0 1.0 5.0 4.0 8.0 1.0 8.0 4.0 3.0 3.0 2.0 9.0 6.0 6.0 1.0 6.0 0.0 6.0 3.0 5.0 6.0 5.0 3.0 3.0 1.0 3.0 7.0 10.0 4.0 4.0 2.0 7.0 9.0 4.0 5.0 4.0 1.0 6.0 5.0
34 2.0 1.0 4.0 7.0 2.0 10.0 7.0 6.0 9.0 7.0 1.0 6.0 3.0 3.0 9.0 1.0 9.0 4.0 7.0 2.0 9.0 8.0 7.0 9.0 3.0 9.0 5.0 8.0 6.0 4.0 3.0 10.0 6.0 0.0 10.0 9.0 4.0 6.0 2.0 10.0 8.0 1.0 10.0 7.0 4.0 3.0 4.0 1.0 1.0 10.0 10.0 10.0 5.0 6.0 7.0
35 7.0 8.0 3.0 4.0 5.0 3.0 1.0 3.0 4.0 3.0 1.0 1.0 4.0 10.0 2.0 10.0 5.0 1.0 1.0 6.0 2.0 2.0 3.0 1.0 2.0 8.0 9.0 6.0 6.0 8.0 8.0 1.0 3.0 10.0 0.0 7.0 3.0 5.0 9.0 4.0 4.0 9.0 3.0 1.0 6.0 2.0 1.0 1.0 4.0 4.0 4.0 8.0 5.0 5.0 2.0
36 2.0 4.0 6.0 6.0 3.0 7.0 6.0 6.0 10.0 10.0 6.0 8.0 3.0 2.0 1.0 5.0 8.0 8.0 9.0 5.0 9.0 6.0 5.0 2.0 5.0 4.0 2.0 9.0 5.0 4.0 6.0 1.0 5.0 9.0 7.0 0.0 3.0 7.0 4.0 10.0 8.0 5.0 3.0 10.0 10.0 10.0 6.0 3.0 2.0 8.0 2.0 2.0 1.0 5.0 5.0
37 3.0 8.0 8.0 6.0 6.0 9.0 5.0 4.0 8.0 7.0 8.0 6.0 9.0 4.0 7.0 1.0 6.0 6.0 10.0 5.0 8.0 2.0 9.0 3.0 3.0 2.0 4.0 7.0 7.0 8.0 2.0 7.0 6.0 4.0 3.0 3.0 0.0 4.0 5.0 10.0 3.0 9.0 4.0 4.0 10.0 10.0 7.0 9.0 2.0 1.0 8.0 7.0 8.0 9.0 2.0
38 8.0 3.0 10.0 4.0 7.0 3.0 4.0 10.0 4.0 1.0 5.0 6.0 6.0 10.0 1.0 1.0 5.0 4.0 4.0 3.0 2.0 4.0 5.0 4.0 2.0 8.0 7.0 3.0 4.0 4.0 5.0 3.0 5.0 6.0 5.0 7.0 4.0 0.0 5.0 8.0 1.0 6.0 2.0 5.0 2.0 3.0 1.0 10.0 1.0 7.0 5.0 6.0 3.0 3.0 2.0
39 9.0 8.0 4.0 3.0 7.0 4.0 3.0 6.0 5.0 1.0 3.0 4.0 9.0 3.0 9.0 1.0 1.0 7.0 3.0 2.0 1.0 4.0 9.0 9.0 1.0 6.0 5.0 1.0 7.0 4.0 6.0 4.0 3.0 2.0 9.0 4.0 5.0 5.0 0.0 7.0 6.0 3.0 6.0 8.0 1.0 10.0 10.0 6.0 1.0 9.0 7.0 4.0 2.0 4.0 10.0
40 2.0 6.0 5.0 9.0 1.0 5.0 3.0 6.0 6.0 3.0 5.0 5.0 9.0 9.0 5.0 5.0 10.0 2.0 10.0 6.0 6.0 7.0 9.0 5.0 8.0 6.0 9.0 2.0 3.0 1.0 10.0 5.0 3.0 10.0 4.0 10.0 10.0 8.0 7.0 0.0 3.0 8.0 2.0 3.0 10.0 6.0 8.0 5.0 7.0 6.0 10.0 6.0 5.0 9.0 6.0
41 6.0 2.0 1.0 9.0 3.0 5.0 9.0 10.0 4.0 2.0 7.0 9.0 8.0 9.0 3.0 5.0 5.0 6.0 9.0 9.0 4.0 8.0 9.0 6.0 5.0 1.0 1.0 7.0 9.0 1.0 8.0 2.0 1.0 8.0 4.0 8.0 3.0 1.0 6.0 3.0 0.0 4.0 6.0 7.0 4.0 9.0 2.0 10.0 5.0 9.0 8.0 8.0 2.0 8.0 9.0
42 4.0 1.0 1.0 8.0 4.0 3.0 9.0 3.0 8.0 6.0 5.0 3.0 5.0 1.0 3.0 7.0 2.0 1.0 10.0 1.0 4.0 5.0 2.0 2.0 3.0 2.0 10.0 1.0 10.0 5.0 10.0 4.0 3.0 1.0 9.0 5.0 9.0 6.0 3.0 8.0 4.0 0.0 4.0 4.0 8.0 10.0 6.0 7.0 6.0 9.0 10.0 5.0 9.0 5.0 8.0
43 5.0 10.0 2.0 8.0 9.0 2.0 5.0 9.0 6.0 6.0 9.0 5.0 8.0 5.0 1.0 2.0 7.0 5.0 8.0 6.0 10.0 6.0 6.0 10.0 1.0 2.0 10.0 2.0 7.0 1.0 9.0 7.0 7.0 10.0 3.0 3.0 4.0 2.0 6.0 2.0 6.0 4.0 0.0 7.0 2.0 2.0 1.0 7.0 8.0 3.0 6.0 6.0 4.0 2.0 1.0
44 3.0 1.0 5.0 7.0 7.0 4.0 5.0 10.0 3.0 3.0 8.0 4.0 8.0 4.0 6.0 9.0 9.0 6.0 8.0 10.0 3.0 10.0 10.0 1.0 9.0 2.0 10.0 3.0 5.0 5.0 5.0 5.0 10.0 7.0 1.0 10.0 4.0 5.0 8.0 3.0 7.0 4.0 7.0 0.0 9.0 8.0 3.0 2.0 2.0 1.0 8.0 9.0 5.0 8.0 9.0
45 7.0 5.0 1.0 6.0 8.0 10.0 10.0 2.0 4.0 7.0 9.0 5.0 6.0 6.0 1.0 9.0 2.0 4.0 5.0 7.0 5.0 2.0 3.0 4.0 3.0 9.0 6.0 2.0 2.0 3.0 7.0 8.0 4.0 4.0 6.0 10.0 10.0 2.0 1.0 10.0 4.0 8.0 2.0 9.0 0.0 8.0 8.0 5.0 7.0 8.0 4.0 3.0 10.0 1.0 7.0
46 9.0 2.0 9.0 1.0 4.0 5.0 3.0 7.0 1.0 8.0 8.0 6.0 1.0 4.0 6.0 6.0 8.0 6.0 8.0 4.0 10.0 5.0 10.0 1.0 2.0 2.0 8.0 1.0 2.0 7.0 5.0 9.0 4.0 3.0 2.0 10.0 10.0 3.0 10.0 6.0 9.0 10.0 2.0 8.0 8.0 0.0 3.0 7.0 2.0 6.0 3.0 8.0 7.0 5.0 2.0
47 8.0 9.0 8.0 6.0 5.0 9.0 9.0 8.0 7.0 3.0 10.0 3.0 7.0 1.0 4.0 6.0 5.0 2.0 7.0 4.0 3.0 7.0 6.0 9.0 9.0 10.0 9.0 4.0 8.0 7.0 5.0 4.0 2.0 4.0 1.0 6.0 7.0 1.0 10.0 8.0 2.0 6.0 1.0 3.0 8.0 3.0 0.0 5.0 8.0 7.0 2.0 9.0 7.0 9.0 9.0
48 2.0 10.0 8.0 10.0 1.0 7.0 7.0 5.0 5.0 6.0 8.0 10.0 10.0 4.0 6.0 2.0 4.0 3.0 7.0 6.0 9.0 10.0 8.0 3.0 1.0 5.0 3.0 10.0 6.0 2.0 10.0 7.0 7.0 1.0 1.0 3.0 9.0 10.0 6.0 5.0 10.0 7.0 7.0 2.0 5.0 7.0 5.0 0.0 4.0 1.0 4.0 1.0 10.0 1.0 8.0
49 4.0 9.0 1.0 5.0 2.0 1.0 4.0 3.0 10.0 10.0 4.0 8.0 8.0 6.0 10.0 5.0 8.0 8.0 3.0 6.0 5.0 5.0 5.0 4.0 6.0 4.0 6.0 3.0 10.0 8.0 3.0 9.0 9.0 1.0 4.0 2.0 2.0 1.0 1.0 7.0 5.0 6.0 8.0 2.0 7.0 2.0 8.0 4.0 0.0 9.0 8.0 8.0 4.0 4.0 7.0
50 9.0 2.0 1.0 2.0 10.0 4.0 7.0 9.0 7.0 8.0 3.0 5.0 3.0 3.0 8.0 9.0 3.0 8.0 4.0 4.0 5.0 6.0 10.0 4.0 2.0 8.0 5.0 5.0 7.0 7.0 1.0 9.0 4.0 10.0 4.0 8.0 1.0 7.0 9.0 6.0 9.0 9.0 3.0 1.0 8.0 6.0 7.0 1.0 9.0 0.0 5.0 7.0 8.0 2.0 10.0
51 7.0 10.0 6.0 6.0 6.0 2.0 4.0 3.0 1.0 7.0 10.0 10.0 7.0 2.0 9.0 7.0 1.0 10.0 9.0 1.0 9.0 8.0 5.0 7.0 3.0 7.0 1.0 8.0 4.0 7.0 2.0 10.0 5.0 10.0 4.0 2.0 8.0 5.0 7.0 10.0 8.0 10.0 6.0 8.0 4.0 3.0 2.0 4.0 8.0 5.0 0.0 9.0 10.0 4.0 7.0
52 5.0 3.0 4.0 10.0 6.0 6.0 2.0 6.0 5.0 8.0 5.0 5.0 1.0 7.0 5.0 9.0 6.0 8.0 6.0 6.0 8.0 4.0 2.0 1.0 10.0 6.0 3.0 3.0 1.0 7.0 7.0 7.0 4.0 10.0 8.0 2.0 7.0 6.0 4.0 6.0 8.0 5.0 6.0 9.0 3.0 8.0 9.0 1.0 8.0 7.0 9.0 0.0 1.0 10.0 1.0
53 2.0 6.0 10.0 2.0 2.0 8.0 4.0 4.0 7.0 5.0 5.0 6.0 9.0 9.0 6.0 9.0 5.0 2.0 7.0 10.0 9.0 10.0 8.0 2.0 7.0 7.0 9.0 5.0 4.0 10.0 3.0 8.0 1.0 5.0 5.0 1.0 8.0 3.0 2.0 5.0 2.0 9.0 4.0 5.0 10.0 7.0 7.0 10.0 4.0 8.0 10.0 1.0 0.0 3.0 9.0
54 6.0 5.0 1.0 9.0 8.0 7.0 10.0 7.0 5.0 2.0 7.0 6.0 1.0 8.0 7.0 10.0 5.0 2.0 10.0 5.0 6.0 10.0 8.0 8.0 1.0 10.0 5.0 9.0 10.0 10.0 7.0 9.0 6.0 6.0 5.0 5.0 9.0 3.0 4.0 9.0 8.0 5.0 2.0 8.0 1.0 5.0 9.0 1.0 4.0 2.0 4.0 10.0 3.0 0.0 10.0
55 5.0 3.0 5.0 2.0 6.0 2.0 8.0 2.0 2.0 9.0 7.0 3.0 9.0 2.0 3.0 5.0 9.0 3.0 7.0 8.0 6.0 8.0 4.0 5.0 1.0 5.0 5.0 4.0 7.0 7.0 3.0 4.0 5.0 7.0 2.0 5.0 2.0 2.0 10.0 6.0 9.0 8.0 1.0 9.0 7.0 2.0 9.0 8.0 7.0 10.0 7.0 1.0 9.0 10.0 0.0
