45
1 0.0 9.0 6.0 4.0 7.0 1.0 9.0 2.0 3.0 5.0 10.0 8.0 3.0 1.0 9.0 7.0 10.0 7.0 2.0 6.0 6.0 1.0 4.0 8.0 9.0 3.0 2.0 4.0 1.0 7.0 8.0 9.0 5.0 6.0 5.0 7.0 1.0 2.0 3.0 2.0 9.0 8.0 7.0 9.0 9.0
2 9.0 0.0 7.0 5.0 2.0 10.0 8.0 2.0 10.0 5.0 6.0 4.0 4.0 5.0 8.0 10.0 3.0 7.0 8.0 7.0 10.0 9.0 7.0 4.0 5.0 5.0 1.0 6.0 1.0 9.0 6.0 3.0 1.0 5.0 2.0 9.0 7.0 2.0 4.0 1.0 2.0 10.0 1.0 4.0 1.0
3 6.0 7.0 0.0 7.0 4.0 3.0 4.0 2.0 5.0 10.0 2.0 9.0 2.0 6.0 2.0 10.0 6.0 8.0 2.0 10.0 9.0 10.0 6.0 9.0 10.0 9.0 9.0 3.0 8.0 4.0 9.0 4.0 8.0 8.0 2.0 2.0 3.0 5.0 2.0 9.0 2.0 9.0 10.0 9.0 5.0
4 4.0 5.0 7.0 0.0 8.0 7.0 8.0 8.0 2.0 7.0 2.0 8.0 2.0 3.0 3.0 1.0 1.0 7.0 2.0 3.0 2.0 9.0 2.0 8.0 5.0 5.0 1.0 5.0 7.0 1.0 1.0 4.0 6.0 1.0 2.0 5.0 4.0 8.0 8.0 9.0 5.0 5.0 7.0 2.0 9.0
5 7.0 2.0 4.0 8.0 0.0 8.0 7.0 1.0 7.0 3.0 7.0 10.0 2.0 3.0 2.0 9.0 1.0 3.0 7.0 7.0 8.0 8.0 6.0 3.0 5.0 4.0 1.0 1.0 4.0 7.0 10.0 2.0 1.0 9.0 3.0 9.0 6.0 4.0 9.0 6.0 6.0 8.0 8.0 10.0 2.0
6 1.0 10.0 3.0 7.0 8.0 0.0 3.0 4.0 10.0 2.0 7.0 7.0 4.0 2.0 3.0 3.0 4.0 9.0 7.0 10.0 9.0 4.0 1.0 6.0 5.0 10.0 5.0 8.0 8.0 7.0 3.0 6.0 5.0 9.0 1.0 2.0 7.0 9.0 1.0 1.0 2.0 8.0 10.0 5.0 7.0
7 9.0 8.0 4.0 8.0 7.0 3.0 0.0 3.0 10.0 3.0 9.0 10.0 2.0 3.0 5.0 1.0 8.0 8.0 10.0 1.0 5.0 1.0 2.0 5.0 3.0 6.0 3.0 5.0 7.0 7.0 6.0 10.0 10.0 6.0 9.0 8.0 2.0 3.0 2.0 3.0 1.0 5.0 8.0 4.0 3.0
8 2.0 2.0 2.0 8.0 1.0 4.0 3.0 0.0 6.0 3.0 10.0 7.0 7.0 5.0 9.0 9.0 2.0 8.0 5.0 3.0 8.0 4.0 7.0 3.0 9.0 7.0 6.0 8.0 5.0 10.0 7.0 7.0 6.0 4.0 6.0 4.0 6.0 5.0 1.0 8.0 3.0 7.0 4.0 10.0 2.0
9 3.0 10.0 5.0 2.0 7.0 10.0 10.0 6.0 0.0 4.0 3.0 2.0 4.0 10.0 4.0 9.0 9.0 10.0 6.0 8.0 8.0 2.0 4.0 1.0 8.0 3.0 2.0 8.0 7.0 10.0 2.0 9.0 2.0 6.0 5.0 9.0 8.0 3.0 1.0 3.0 10.0 10.0 3.0 6.0 9.0
10 5.0 5.0 10.0 7.0 3.0 2.0 3.0 3.0 4.0 0.0 3.0 2.0 10.0 3.0 9.0 6.0 10.0 6.0 8.0 7.0 4.0 6.0 9.0 2.0 3.0 7.0 5.0 7.0 3.0 1.0 7.0 6.0 9.0 10.0 6.0 4.0 2.0 3.0 7.0 3.0 3.0 5.0 9.0 6.0 4.0
11 10.0 6.0 2.0 2.0 7.0 7.0 9.0 10.0 3.0 3.0 0.0 4.0 10.0 7.0 5.0 9.0 3.0 8.0 9.0 4.0 1.0 7.0 1.0 4.0 5.0 8.0 9.0 8.0 2.0 2.0 2.0 8.0 10.0 9.0 3.0 4.0 5.0 1.0 9.0 8.0 9.0 10.0 9.0 6.0 5.0
12 8.0 4.0 9.0 8.0 10.0 7.0 10.0 7.0 2.0 2.0 4.0 0.0 8.0 1.0 5.0 10.0 10.0 7.0 2.0 10.0 9.0 3.0 8.0 2.0 7.0 9.0 8.0 4.0 6.0 2.0 10.0 1.0 1.0 5.0 9.0 3.0 7.0 10.0 9.0 6.0 6.0 9.0 6.0 6.0 6.0
13 3.0 4.0 2.0 2.0 2.0 4.0 2.0 7.0 4.0 10.0 10.0 8.0 0.0 8.0 3.0 2.0 5.0 6.0 7.0 4.0 1.0 2.0 3.0 9.0 8.0 9.0 9.0 8.0 6.0 10.0 10.0 1.0 10.0 2.0 10.0 1.0 8.0 1.0 6.0 7.0 1.0 4.0 3.0 7.0 7.0
14 1.0 5.0 6.0 3.0 3.0 2.0 3.0 5.0 10.0 3.0 7.0 1.0 8.0 0.0 8.0 9.0 2.0 9.0 8.0 5.0 10.0 7.0 5.0 8.0 5.0 9.0 6.0 3.0 10.0 1.0 3.0 2.0 5.0 8.0 5.0 1.0 6.0 8.0 1.0 3.0 4.0 4.0 1.0 8.0 3.0
15 9.0 8.0 2.0 3.0 2.0 3.0 5.0 9.0 4.0 9.0 5.0 5.0 3.0 8.0 0.0 4.0 10.0 2.0 5.0 7.0 2.0 1.0 5.0 6.0 3.0 2.0 4.0 10.0 1.0 4.0 10.0 2.0 1.0 9.0 2.0 7.0 5.0 7.0 9.0 7.0 8.0 5.0 7.0 10.0 4.0
16 7.0 10.0 10.0 1.0 9.0 3.0 1.0 9.0 9.0 6.0 9.0 10.0 2.0 9.0 4.0 0.0 5.0 2.0 5.0 8.0 10.0 6.0 2.0 4.0 8.0 8.0 9.0 7.0 1.0 7.0 7.0 3.0 9.0 6.0 7.0 7.0 5.0 5.0 8.0 5.0 8.0 5.0 5.0 4.0 6.0
17 10.0 3.0 6.0 1.0 1.0 4.0 8.0 2.0 9.0 10.0 3.0 10.0 5.0 2.0 10.0 5.0 0.0 10.0 5.0 8.0 3.0 7.0 7.0 5.0 6.0 5.0 10.0 4.0 7.0 5.0 1.0 6.0 6.0 10.0 6.0 9.0 6.0 2.0 9.0 10.0 5.0 7.0 6.0 2.0 9.0
18 7.0 7.0 8.0 7.0 3.0 9.0 8.0 8.0 10.0 6.0 8.0 7.0 6.0 9.0 2.0 2.0 10.0 0.0 10.0 1.0 4.0 5.0 3.0 10.0 7.0 10.0 8.0 7.0 7.0 6.0 10.0 8.0 4.0 5.0 9.0 9.0 6.0 9.0 3.0 3.0 9.0 9.0 2.0 3.0 6.0
19 2.0 8.0 2.0 2.0 7.0 7.0 10.0 5.0 6.0 8.0 9.0 2.0 7.0 8.0 5.0 5.0 5.0 10.0 0.0 3.0 7.0 7.0 8.0 10.0 1.0 1.0 1.0 10.0 5.0 8.0 6.0 5.0 3.0 10.0 10.0 3.0 5.0 10.0 8.0 4.0 3.0 10.0 3.0 2.0 10.0
20 6.0 7.0 10.0 3.0 7.0 10.0 1.0 3.0 8.0 7.0 4.0 10.0 4.0 5.0 7.0 8.0 8.0 1.0 3.0 0.0 9.0 7.0 9.0 8.0 7.0 5.0 7.0 9.0 9.0 8.0 1.0 3.0 10.0 10.0 8.0 9.0 10.0 1.0 2.0 4.0 3.0 8.0 6.0 1.0 4.0
21 6.0 10.0 9.0 2.0 8.0 9.0 5.0 8.0 8.0 4.0 1.0 9.0 1.0 10.0 2.0 10.0 3.0 4.0 7.0 9.0 0.0 10.0 7.0 7.0 7.0 8.0 6.0 1.0 3.0 2.0 9.0 8.0 9.0 8.0 10.0 1.0 10.0 6.0 4.0 10.0 8.0 4.0 10.0 10.0 7.0
22 1.0 9.0 10.0 9.0 8.0 4.0 1.0 4.0 2.0 6.0 7.0 3.0 2.0 7.0 1.0 6.0 7.0 5.0 7.0 7.0 10.0 0.0 2.0 5.0 7.0 7.0 10.0 9.0 8.0 5.0 9.0 2.0 6.0 2.0 4.0 1.0 2.0 6.0 5.0 10.0 5.0 6.0 7.0 9.0 2.0
23 4.0 7.0 6.0 2.0 6.0 1.0 2.0 7.0 4.0 9.0 1.0 8.0 3.0 5.0 5.0 2.0 7.0 3.0 8.0 9.0 7.0 2.0 0.0 3.0 3.0 7.0 3.0 10.0 1.0 6.0 5.0 2.0 6.0 3.0 8.0 6.0 5.0 2.0 8.0 5.0 8.0 2.0 5.0 10.0 10.0
24 8.0 4.0 9.0 8.0 3.0 6.0 5.0 3.0 1.0 2.0 4.0 2.0 9.0 8.0 6.0 4.0 5.0 10.0 10.0 8.0 7.0 5.0 3.0 0.0 8.0 5.0 8.0 9.0 2.0 7.0 2.0 3.0 1.0 10.0 1.0 5.0 8.0 7.0 6.0 3.0 1.0 8.0 6.0 2.0 8.0
25 9.0 5.0 10.0 5.0 5.0 5.0 3.0 9.0 8.0 3.0 5.0 7.0 8.0 5.0 3.0 8.0 6.0 7.0 1.0 7.0 7.0 7.0 3.0 8.0 0.0 9.0 4.0 4.0 6.0 10.0 7.0 4.0 5.0 6.0 8.0 8.0 1.0 2.0 10.0 2.0 5.0 3.0 6.0 4.0 5.0
26 3.0 5.0 9.0 5.0 4.0 10.0 6.0 7.0 3.0 7.0 8.0 9.0 9.0 9.0 2.0 8.0 5.0 10.0 1.0 5.0 8.0 7.0 7.0 5.0 9.0 0.0 6.0 3.0 9.0 4.0 4.0 6.0 2.0 4.0 7.0 8.0 10.0 4.0 9.0 1.0 4.0 5.0 4.0 3.0 2.0
27 2.0 1.0 9.0 1.0 1.0 5.0 3.0 6.0 2.0 5.0 9.0 8.0 9.0 6.0 4.0 9.0 10.0 8.0 1.0 7.0 6.0 10.0 3.0 8.0 4.0 6.0 0.0 4.0 3.0 1.0 9.0 7.0 2.0 9.0 9.0 5.0 4.0 6.0 1.0 3.0 6.0 5.0 8.0 10.0 9.0
28 4.0 6.0 3.0 5.0 1.0 8.0 5.0 8.0 8.0 7.0 8.0 4.0 8.0 3.0 10.0 7.0 4.0 7.0 10.0 9.0 1.0 9.0 10.0 9.0 4.0 3.0 4.0 0.0 9.0 8.0 8.0 9.0 8.0 5.0 10.0 8.0 3.0 7.0 1.0 6.0 9.0 6.0 3.0 1.0 5.0
29 1.0 1.0 8.0 7.0 4.0 8.0 7.0 5.0 7.0 3.0 2.0 6.0 6.0 10.0 1.0 1.0 7.0 7.0 5.0 9.0 3.0 8.0 1.0 2.0 6.0 9.0 3.0 9.0 0.0 1.0 9.0 7.0 3.0 3.0 8.0 4.0 5.0 1.0 4.0 7.0 7.0 8.0 6.0 1.0 3.0
30 7.0 9.0 4.0 1.0 7.0 7.0 7.0 10.0 10.0 1.0 2.0 2.0 10.0 1.0 4.0 7.0 5.0 6.0 8.0 8.0 2.0 5.0 6.0 7.0 10.0 4.0 1.0 8.0 1.0 0.0 8.0 1.0 6.0 3.0 9.0 2.0 10.0 9.0 1.0 9.0 7.0 5.0 6.0 10.0 1.0
31 8.0 6.0 9.0 1.0 10.0 3.0 6.0 7.0 2.0 7.0 2.0 10.0 10.0 3.0 10.0 7.0 1.0 10.0 6.0 1.0 9.0 9.0 5.0 2.0 7.0 4.0 9.0 8.0 9.0 8.0 0.0 7.0 7.0 6.0 7.0 6.0 10.0 7.0 5.0 10.0 5.0 4.0 4.0 10.0 7.0
32 9.0 3.0 4.0 4.0 2.0 6.0 10.0 7.0 9.0 6.0 8.0 1.0 1.0 2.0 2.0 3.0 6.0 8.0 5.0 3.0 8.0 2.0 2.0 3.0 4.0 6.0 7.0 9.0 7.0 1.0 7.0 0.0 5.0 1.0 5.0 3.0 5.0 4.0 9.0 2.0 8.0 6.0 4.0 2.0 6.0
33 5.0 1.0 8.0 6.0 1.0 5.0 10.0 6.0 2.0 9.0 10.0 1.0 10.0 5.0 1.0 9.0 6.0 4.0 3.0 10.0 9.0 6.0 6.0 1.0 5.0 2.0 2.0 8.0 3.0 6.0 7.0 5.0 0.0 5.0 9.0 4.0 6.0 4.0 6.0 3.0 1.0 3.0 2.0 4.0 10.0
34 6.0 5.0 8.0 1.0 9.0 9.0 6.0 4.0 6.0 10.0 9.0 5.0 2.0 8.0 9.0 6.0 10.0 5.0 10.0 10.0 8.0 2.0 3.0 10.0 6.0 4.0 9.0 5.0 3.0 3.0 6.0 1.0 5.0 0.0 3.0 7.0 6.0 3.0 10.0 5.0 9.0 4.0 7.0 6.0 8.0
35 5.0 2.0 2.0 2.0 3.0 1.0 9.0 6.0 5.0 6.0 3.0 9.0 10.0 5.0 2.0 7.0 6.0 9.0 10.0 8.0 10.0 4.0 8.0 1.0 8.0 7.0 9.0 10.0 8.0 9.0 7.0 5.0 9.0 3.0 0.0 8.0 1.0 8.0 9.0 2.0 4.0 8.0 2.0 10.0 4.0
36 7.0 9.0 2.0 5.0 9.0 2.0 8.0 4.0 9.0 4.0 4.0 3.0 1.0 1.0 7.0 7.0 9.0 9.0 3.0 9.0 1.0 1.0 6.0 5.0 8.0 8.0 5.0 8.0 4.0 2.0 6.0 3.0 4.0 7.0 8.0 0.0 3.0 9.0 8.0 3.0 5.0 5.0 7.0 7.0 6.0
37 1.0 7.0 3.0 4.0 6.0 7.0 2.0 6.0 8.0 2.0 5.0 7.0 8.0 6.0 5.0 5.0 6.0 6.0 5.0 10.0 10.0 2.0 5.0 8.0 1.0 10.0 4.0 3.0 5.0 10.0 10.0 5.0 6.0 6.0 1.0 3.0 0.0 2.0 7.0 6.0 7.0 7.0 6.0 9.0 4.0
38 2.0 2.0 5.0 8.0 4.0 9.0 3.0 5.0 3.0 3.0 1.0 10.0 1.0 8.0 7.0 5.0 2.0 9.0 10.0 1.0 6.0 6.0 2.0 7.0 2.0 4.0 6.0 7.0 1.0 9.0 7.0 4.0 4.0 3.0 8.0 9.0 2.0 0.0 10.0 9.0 1.0 10.0 3.0 1.0 1.0
39 3.0 4.0 2.0 8.0 9.0 1.0 2.0 1.0 1.0 7.0 9.0 9.0 6.0 1.0 9.0 8.0 9.0 3.0 8.0 2.0 4.0 5.0 8.0 6.0 10.0 9.0 1.0 1.0 4.0 1.0 5.0 9.0 6.0 10.0 9.0 8.0 7.0 10.0 0.0 3.0 7.0 9.0 10.0 4.0 9.0
40 2.0 1.0 9.0 9.0 6.0 1.0 3.0 8.0 3.0 3.0 8.0 6.0 7.0 3.0 7.0 5.0 10.0 3.0 4.0 4.0 10.0 10.0 5.0 3.0 2.0 1.0 3.0 6.0 7.0 9.0 10.0 2.0 3.0 5.0 2.0 3.0 6.0 9.0 3.0 0.0 2.0 6.0 4.0 2.0 8.0
41 9.0 2.0 2.0 5.0 6.0 2.0 1.0 3.0 10.0 3.0 9.0 6.0 1.0 4.0 8.0 8.0 5.0 9.0 3.0 3.0 8.0 5.0 8.0 1.0 5.0 4.0 6.0 9.0 7.0 7.0 5.0 8.0 1.0 9.0 4.0 5.0 7.0 1.0 7.0 2.0 0.0 8.0 7.0 9.0 7.0
42 8.0 10.0 9.0 5.0 8.0 8.0 5.0 7.0 10.0 5.0 10.0 9.0 4.0 4.0 5.0 5.0 7.0 9.0 10.0 8.0 4.0 6.0 2.0 8.0 3.0 5.0 5.0 6.0 8.0 5.0 4.0 6.0 3.0 4.0 8.0 5.0 7.0 10.0 9.0 6.0 8.0 0.0 5.0 1.0 1.0
43 7.0 1.0 10.0 7.0 8.0 10.0 8.0 4.0 3.0 9.0 9.0 6.0 3.0 1.0 7.0 5.0 6.0 2.0 3.0 6.0 10.0 7.0 5.0 6.0 6.0 4.0 8.0 3.0 6.0 6.0 4.0 4.0 2.0 7.0 2.0 7.0 6.0 3.0 10.0 4.0 7.0 5.0 0.0 10.0 2.0
44 9.0 4.0 9.0 2.0 10.0 5.0 4.0 10.0 6.0 6.0 6.0 6.0 7.0 8.0 10.0 4.0 2.0 3.0 2.0 1.0 10.0 9.0 10.0 2.0 4.0 3.0 10.0 1.0 1.0 10.0 10.0 2.0 4.0 6.0 10.0 7.0 9.0 1.0 4.0 2.0 9.0 1.0 10.0 0.0 1.0
45 9.0 1.0 5.0 9.0 2.0 7.0 3.0 2.0 9.0 4.0 5.0 6.0 7.0 3.0 4.0 6.0 9.0 6.0 10.0 4.0 7.0 2.0 10.0 8.0 5.0 2.0 9.0 5.0 3.0 1.0 7.0 6.0 10.0 8.0 4.0 6.0 4.0 1.0 9.0 8.0 7.0 1.0 2.0 1.0 0.0
