15
1 0.0 0.0567831076 0.0526594187 0.0745412916 0.0968270876 0.0474677884 0.0355614101 0.0280221666 0.0609911537 0.1167230933 0.1311199669 0.0802692852 0.1173609942 0.0221968548 0.0794763812
2 0.0567831076 0.0 0.106019856 0.0616265201 0.0249925983 0.1126272935 0.1075270337 0.0519926509 0.0385011108 0.0512422662 0.0901556185 0.1085478319 0.0375667922 0.088628986 0.0637883346
3 0.0526594187 0.106019856 0.0 0.1101415958 0.0447341718 0.0785314933 0.076436593 0.0832373571 0.0665103257 0.0651457924 0.1033038141 0.0318706704 0.0342070267 0.0672539102 0.0799479747
4 0.0745412916 0.0616265201 0.1101415958 0.0 0.0622759631 0.0870722531 0.0340976037 0.0604821445 0.0286965712 0.0736070047 0.0577087721 0.1121145275 0.0958959459 0.065469143 0.0762706638
5 0.0968270876 0.0249925983 0.0447341718 0.0622759631 0.0 0.0346679919 0.086880234 0.0745289969 0.1158571167 0.0100724257 0.0415938308 0.068494546 0.1448980491 0.1348277912 0.0593491972
6 0.0474677884 0.1126272935 0.0785314933 0.0870722531 0.0346679919 0.0 0.0440382508 0.1284537961 0.1287881652 0.1131176071 0.0378169782 0.0264586287 0.0377790049 0.0517794875 0.071401261
7 0.0355614101 0.1075270337 0.076436593 0.0340976037 0.086880234 0.0440382508 0.0 0.0889395759 0.0435028618 0.1109284187 0.0609303736 0.0780214829 0.1096145771 0.0751322056 0.048389379
8 0.0280221666 0.0519926509 0.0832373571 0.0604821445 0.0745289969 0.1284537961 0.0889395759 0.0 0.1301984692 0.0661303589 0.0918740683 0.0455643094 0.0661674138 0.0431013059 0.0413073865
9 0.0609911537 0.0385011108 0.0665103257 0.0286965712 0.1158571167 0.1287881652 0.0435028618 0.1301984692 0.0 0.0933896223 0.0631183754 0.0252513049 0.0570942679 0.106628642 0.0414720132
10 0.1167230933 0.0512422662 0.0651457924 0.0736070047 0.0100724257 0.1131176071 0.1109284187 0.0661303589 0.0933896223 0.0 0.0714313561 0.0724785868 0.0384539813 0.0315295623 0.0857499246
11 0.1311199669 0.0901556185 0.1033038141 0.0577087721 0.0415938308 0.0378169782 0.0609303736 0.0918740683 0.0631183754 0.0714313561 0.0 0.080472954 0.064565495 0.0589567883 0.0469516089
12 0.0802692852 0.1085478319 0.0318706704 0.1121145275 0.068494546 0.0264586287 0.0780214829 0.0455643094 0.0252513049 0.0724785868 0.080472954 0.0 0.0721992037 0.0899628181 0.1082938502
13 0.1173609942 0.0375667922 0.0342070267 0.0958959459 0.1448980491 0.0377790049 0.1096145771 0.0661674138 0.0570942679 0.0384539813 0.064565495 0.0721992037 0.0 0.0455638639 0.0786333842
14 0.0221968548 0.088628986 0.0672539102 0.065469143 0.1348277912 0.0517794875 0.0751322056 0.0431013059 0.106628642 0.0315295623 0.0589567883 0.0899628181 0.0455638639 0.0 0.118968641
15 0.0794763812 0.0637883346 0.0799479747 0.0762706638 0.0593491972 0.071401261 0.048389379 0.0413073865 0.0414720132 0.0857499246 0.0469516089 0.1082938502 0.0786333842 0.118968641 0.0
