32
1 0.0494591333 0.0236214158 0.0219375487 0.0261515614 0.0280166462 0.0307449002 0.0234995781 0.0216483127 0.0231700044 0.0257739821 0.0523666593 0.0264790242 0.0301821589 0.0294442524 0.0279516129 0.0474878223 0.0347549387 0.0199043846 0.0641207183 0.0292782666 0.0217606068 0.0325077559 0.0461981277 0.015067813 0.0152812699 0.059470448 0.0253728148 0.0266451976 0.0256176915 0.0325952573 0.0116829463 0.05180715 
2 0.0236214158 0.0504881788 0.0336685282 0.0320613966 0.0401830327 0.019607925 0.0482837579 0.0375702597 0.0181794599 0.0262563293 0.0167735389 0.0383624636 0.0337498868 0.0557419315 0.0391558132 0.0112534298 0.0406784739 0.0407247512 0.0314552946 0.0401617341 0.0377130519 0.0436225037 0.0108526624 0.015288561 0.0264042925 0.0271730405 0.0145952409 0.0393133975 0.0178200063 0.0170898574 0.0457884219 0.0263613624 
3 0.0219375487 0.0336685282 0.0324181721 0.0237928687 0.0462830859 0.0456160768 0.0322777217 0.0349213287 0.021020036 0.03479853 0.0258546412 0.0214981502 0.0324957334 0.0259478225 0.0202498457 0.0490268678 0.017874222 0.0509721761 0.0245704687 0.024263896 0.034052985 0.0287215439 0.0104126788 0.0332204231 0.0244593323 0.0169790788 0.0204817852 0.0270018214 0.0464530595 0.0498625063 0.0457879303 0.0430791353 
4 0.0261515614 0.0320613966 0.0237928687 0.0405680409 0.0375176128 0.0290326521 0.0291332132 0.0421939815 0.0232635074 0.0397267997 0.0219154909 0.0391854113 0.0401926467 0.037548897 0.0339930307 0.0185229422 0.0427007045 0.0136405546 0.0516726058 0.0223805861 0.0172417133 0.0529419668 0.0115705202 0.0092718845 0.0358986552 0.0204125564 0.0487222393 0.029438811 0.0152700946 0.0372985386 0.0350358628 0.0417026533 
5 0.0280166462 0.0401830327 0.0462830859 0.0375176128 0.0291124767 0.0362806184 0.0134673756 0.0438708718 0.0453606843 0.0238668096 0.0301468236 0.0294668553 0.0158860706 0.01995691 0.0319338631 0.0147494133 0.0230059932 0.042476803 0.0132973348 0.0766975207 0.0307728143 0.034970715 0.0342997747 0.0239302529 0.0191058605 0.0392112256 0.0159317549 0.0191368934 0.0318841539 0.0617952337 0.0173932037 0.0299913155 
6 0.0307449002 0.019607925 0.0456160768 0.0290326521 0.0362806184 0.0348219407 0.0290939289 0.0366369888 0.0311555843 0.0288019743 0.0269301993 0.0338675567 0.0466245064 0.0344456616 0.0537719146 0.017675821 0.02815745 0.0231294155 0.0107769299 0.0352520573 0.0309281825 0.0176642424 0.0365609395 0.0356927512 0.04823462 0.0183700008 0.0165633204 0.0264132164 0.0310648748 0.0322579885 0.0440537062 0.0297720555 
7 0.0234995781 0.0482837579 0.0322777217 0.0291332132 0.0134673756 0.0290939289 0.0369730785 0.0300176412 0.0264838599 0.0127024475 0.0236300024 0.061938724 0.0451633608 0.0460123671 0.0580246612 0.0144273253 0.0323073335 0.0279711052 0.010535107 0.0197234709 0.0374750071 0.0521371656 0.0176126498 0.0146049619 0.0407356932 0.0328008353 0.0272487752 0.0291624686 0.0339348692 0.0252115998 0.0438266524 0.0235832618 
8 0.0216483127 0.0375702597 0.0349213287 0.0421939815 0.0438708718 0.0366369888 0.0300176412 0.0693129445 0.0378296745 0.016120454 0.020844863 0.0432774791 0.0160196029 0.0260740178 0.0210748 0.0277483242 0.013425936 0.0127072397 0.0343864174 0.0226583307 0.0395979389 0.0229096365 0.0340666432 0.0246755237 0.0525678615 0.037914294 0.0404950341 0.0142202697 0.006857813 0.0350614853 0.0460312034 0.0372628286 
9 0.0231700044 0.0181794599 0.021020036 0.0232635074 0.0453606843 0.0311555843 0.0264838599 0.0378296745 0.0110852124 0.0357701385 0.0300559685 0.027630709 0.0426767474 0.0345619731 0.0359394605 0.050835647 0.0113148354 0.0297328576 0.0246863252 0.0332398076 0.0228611115 0.0312476482 0.0219053272 0.0496924363 0.0507109152 0.026835207 0.0174201152 0.0353844056 0.0348045768 0.024390057 0.0523698627 0.0383858443 
10 0.0257739821 0.0262563293 0.03479853 0.0397267997 0.0238668096 0.0288019743 0.0127024475 0.016120454 0.0357701385 0.0276444793 0.0559328062 0.0331056564 0.0092837059 0.0201537857 0.0262034063 0.0290660374 0.0371101743 0.0348282605 0.0099925769 0.0264432104 0.0300461909 0.027958871 0.0386619347 0.0480022836 0.0601241785 0.0392099447 0.0275641611 0.0253099188 0.053131686 0.0217737557 0.0404758836 0.034159627 
11 0.0523666593 0.0167735389 0.0258546412 0.0219154909 0.0301468236 0.0269301993 0.0236300024 0.020844863 0.0300559685 0.0559328062 0.0423123039 0.0232330876 0.0108505353 0.0151319573 0.0269553566 0.0223981711 0.0229620422 0.0504527322 0.0277203254 0.0250514865 0.0490660409 0.0381189791 0.0249782296 0.0385350007 0.0112846897 0.064411354 0.035772999 0.0345104141 0.0374677937 0.029275855 0.0384202551 0.0266393977 
12 0.0264790242 0.0383624636 0.0214981502 0.0391854113 0.0294668553 0.0338675567 0.061938724 0.0432774791 0.027630709 0.0331056564 0.0232330876 0.0024220637 0.0155190066 0.0313324364 0.0159621327 0.0259124905 0.0377701997 0.0242731628 0.0263840329 0.0460199744 0.0424257452 0.0040215663 0.0435223733 0.0390446063 0.0103137294 0.0333875951 0.0362533403 0.0454029954 0.0315123284 0.0208866736 0.0380896078 0.0514988216 
13 0.0301821589 0.0337498868 0.0324957334 0.0401926467 0.0158860706 0.0466245064 0.0451633608 0.0160196029 0.0426767474 0.0092837059 0.0108505353 0.0155190066 0.0189266972 0.0265219561 0.0198661753 0.0629574035 0.0440560145 0.028868607 0.0136909511 0.0418431146 0.015276058 0.0539648444 0.0167743746 0.0273139916 0.0244294817 0.0286087561 0.0364382195 0.0162890857 0.0348947112 0.065510853 0.037954764 0.0471699791 
14 0.0294442524 0.0557419315 0.0259478225 0.037548897 0.01995691 0.0344456616 0.0460123671 0.0260740178 0.0345619731 0.0201537857 0.0151319573 0.0313324364 0.0265219561 0.0338207725 0.0410740869 0.0223112097 0.0631109544 0.0358967445 0.0184044406 0.0209973425 0.0170381477 0.041419929 0.01833111 0.0373465551 0.0600794123 0.0366777677 0.0235836532 0.0192968845 0.0220759351 0.0262474187 0.0234720215 0.0359416457 
15 0.0279516129 0.0391558132 0.0202498457 0.0339930307 0.0319338631 0.0537719146 0.0580246612 0.0210748 0.0359394605 0.0262034063 0.0269553566 0.0159621327 0.0198661753 0.0410740869 0.0261006816 0.0512180813 0.0275483574 0.0193921629 0.0365621347 0.0332470287 0.044290083 0.0106662706 0.0375533212 0.0425119782 0.0261798623 0.0158091518 0.0109921611 0.0699935221 0.0199679069 0.0402358531 0.021830446 0.0137448372 
16 0.0474878223 0.0112534298 0.0490268678 0.0185229422 0.0147494133 0.017675821 0.0144273253 0.0277483242 0.050835647 0.0290660374 0.0223981711 0.0259124905 0.0629574035 0.0223112097 0.0512180813 0.0580912447 0.0224342143 0.025150086 0.0410786373 0.0383911391 0.0204654767 0.0414500689 0.0464224038 0.0404832044 0.028305173 0.0435890255 0.0359675448 0.0196717095 0.0178676263 0.0132461548 0.0230358997 0.0187594047 
17 0.0347549387 0.0406784739 0.017874222 0.0427007045 0.0230059932 0.02815745 0.0323073335 0.013425936 0.0113148354 0.0371101743 0.0229620422 0.0377701997 0.0440560145 0.0631109544 0.0275483574 0.0224342143 0.0596978012 0.0306804087 0.0215819035 0.0315137603 0.0175371373 0.0153167593 0.0473597967 0.0315232912 0.020195408 0.0511242067 0.0387713553 0.0054098844 0.0636393019 0.0295005073 0.0236527009 0.0132839332 
18 0.0199043846 0.0407247512 0.0509721761 0.0136405546 0.042476803 0.0231294155 0.0279711052 0.0127072397 0.0297328576 0.0348282605 0.0504527322 0.0242731628 0.028868607 0.0358967445 0.0193921629 0.025150086 0.0306804087 0.004751248 0.0567094458 0.0224988239 0.0237828819 0.0385752264 0.0303362908 0.0239627765 0.0460411802 0.025363904 0.0610415869 0.0514308115 0.0328327456 0.0252259086 0.0286393516 0.0180063661 
19 0.0641207183 0.0314552946 0.0245704687 0.0516726058 0.0132973348 0.0107769299 0.010535107 0.0343864174 0.0246863252 0.0099925769 0.0277203254 0.0263840329 0.0136909511 0.0184044406 0.0365621347 0.0410786373 0.0215819035 0.0567094458 0.0167967467 0.0219126761 0.046038749 0.0542186074 0.0294752637 0.0483268925 0.0285727388 0.0383594433 0.0467824531 0.0197079162 0.0437390343 0.0474656808 0.0134634683 0.0275146797 
20 0.0292782666 0.0401617341 0.024263896 0.0223805861 0.0766975207 0.0352520573 0.0197234709 0.0226583307 0.0332398076 0.0264432104 0.0250514865 0.0460199744 0.0418431146 0.0209973425 0.0332470287 0.0383911391 0.0315137603 0.0224988239 0.0219126761 0.0 0.0418589343 0.0155514564 0.0135371788 0.0176231943 0.0167188984 0.0293586333 0.0482759497 0.0485704112 0.0308370092 0.0375495754 0.0531795469 0.0353649853 
21 0.0217606068 0.0377130519 0.034052985 0.0172417133 0.0307728143 0.0309281825 0.0374750071 0.0395979389 0.0228611115 0.0300461909 0.0490660409 0.0424257452 0.015276058 0.0170381477 0.044290083 0.0204654767 0.0175371373 0.0237828819 0.046038749 0.0418589343 0.0289164884 0.0295818268 0.0529177966 0.0347308877 0.0205443337 0.0244774099 0.0222469501 0.0540286453 0.0369271026 0.0228131423 0.0219574168 0.0306291437 
22 0.0325077559 0.0436225037 0.0287215439 0.0529419668 0.034970715 0.0176642424 0.0521371656 0.0229096365 0.0312476482 0.027958871 0.0381189791 0.0040215663 0.0539648444 0.041419929 0.0106662706 0.0414500689 0.0153167593 0.0385752264 0.0542186074 0.0155514564 0.0295818268 0.0573767903 0.0210244129 0.0208711519 0.027144817 0.0168030389 0.0392405076 0.0279818147 0.0398256093 0.0203277132 0.0276700404 0.0141665203 
23 0.0461981277 0.0108526624 0.0104126788 0.0115705202 0.0342997747 0.0365609395 0.0176126498 0.0340666432 0.0219053272 0.0386619347 0.0249782296 0.0435223733 0.0167743746 0.01833111 0.0375533212 0.0464224038 0.0473597967 0.0303362908 0.0294752637 0.0135371788 0.0529177966 0.0210244129 0.0080622909 0.0250716252 0.0309965693 0.0315547733 0.0419361664 0.0405938868 0.0614577775 0.0283994017 0.0393136627 0.048240036 
24 0.015067813 0.015288561 0.0332204231 0.0092718845 0.0239302529 0.0356927512 0.0146049619 0.0246755237 0.0496924363 0.0480022836 0.0385350007 0.0390446063 0.0273139916 0.0373465551 0.0425119782 0.0404832044 0.0315232912 0.0239627765 0.0483268925 0.0176231943 0.0347308877 0.0208711519 0.0250716252 0.0779324318 0.0363919446 0.022368438 0.0314755046 0.0377827867 0.0129438724 0.0382419477 0.0176580772 0.0284129501 
25 0.0152812699 0.0264042925 0.0244593323 0.0358986552 0.0191058605 0.04823462 0.0407356932 0.0525678615 0.0507109152 0.0601241785 0.0112846897 0.0103137294 0.0244294817 0.0600794123 0.0261798623 0.028305173 0.020195408 0.0460411802 0.0285727388 0.0167188984 0.0205443337 0.027144817 0.0309965693 0.0363919446 0.000776992 0.0147797901 0.0485083083 0.0465499641 0.0212975029 0.0428951006 0.0500336652 0.0144377596 
26 0.059470448 0.0271730405 0.0169790788 0.0204125564 0.0392112256 0.0183700008 0.0328008353 0.037914294 0.026835207 0.0392099447 0.064411354 0.0333875951 0.0286087561 0.0366777677 0.0158091518 0.0435890255 0.0511242067 0.025363904 0.0383594433 0.0293586333 0.0244774099 0.0168030389 0.0315547733 0.022368438 0.0147797901 0.0334589486 0.0326907386 0.0210507698 0.0079419329 0.0432272878 0.0237052713 0.0428751319 
27 0.0253728148 0.0145952409 0.0204817852 0.0487222393 0.0159317549 0.0165633204 0.0272487752 0.0404950341 0.0174201152 0.0275641611 0.035772999 0.0362533403 0.0364382195 0.0235836532 0.0109921611 0.0359675448 0.0387713553 0.0610415869 0.0467824531 0.0482759497 0.0222469501 0.0392405076 0.0419361664 0.0314755046 0.0485083083 0.0326907386 0.0090824244 0.0350541341 0.0319345379 0.0257516964 0.0237191783 0.030085349 
28 0.0266451976 0.0393133975 0.0270018214 0.029438811 0.0191368934 0.0264132164 0.0291624686 0.0142202697 0.0353844056 0.0253099188 0.0345104141 0.0454029954 0.0162890857 0.0192968845 0.0699935221 0.0196717095 0.0054098844 0.0514308115 0.0197079162 0.0485704112 0.0540286453 0.0279818147 0.0405938868 0.0377827867 0.0465499641 0.0210507698 0.0350541341 0.0139275923 0.0503819303 0.0265944635 0.015698879 0.0280450988 
29 0.0256176915 0.0178200063 0.0464530595 0.0152700946 0.0318841539 0.0310648748 0.0339348692 0.006857813 0.0348045768 0.053131686 0.0374677937 0.0315123284 0.0348947112 0.0220759351 0.0199679069 0.0178676263 0.0636393019 0.0328327456 0.0437390343 0.0308370092 0.0369271026 0.0398256093 0.0614577775 0.0129438724 0.0212975029 0.0079419329 0.0319345379 0.0503819303 0.0354975169 0.0128799717 0.0265350431 0.0307039844 
30 0.0325952573 0.0170898574 0.0498625063 0.0372985386 0.0617952337 0.0322579885 0.0252115998 0.0350614853 0.024390057 0.0217737557 0.029275855 0.0208866736 0.065510853 0.0262474187 0.0402358531 0.0132461548 0.0295005073 0.0252259086 0.0474656808 0.0375495754 0.0228131423 0.0203277132 0.0283994017 0.0382419477 0.0428951006 0.0432272878 0.0257516964 0.0265944635 0.0128799717 0.0163518396 0.013737247 0.0362994283 
31 0.0116829463 0.0457884219 0.0457879303 0.0350358628 0.0173932037 0.0440537062 0.0438266524 0.0460312034 0.0523698627 0.0404758836 0.0384202551 0.0380896078 0.037954764 0.0234720215 0.021830446 0.0230358997 0.0236527009 0.0286393516 0.0134634683 0.0531795469 0.0219574168 0.0276700404 0.0393136627 0.0176580772 0.0500336652 0.0237052713 0.0237191783 0.015698879 0.0265350431 0.013737247 0.044556312 0.0112314718 
32 0.05180715 0.0263613624 0.0430791353 0.0417026533 0.0299913155 0.0297720555 0.0235832618 0.0372628286 0.0383858443 0.034159627 0.0266393977 0.0514988216 0.0471699791 0.0359416457 0.0137448372 0.0187594047 0.0132839332 0.0180063661 0.0275146797 0.0353649853 0.0306291437 0.0141665203 0.048240036 0.0284129501 0.0144377596 0.0428751319 0.030085349 0.0280450988 0.0307039844 0.0362994283 0.0112314718 0.0408438421 
