40
1 0.0 4.0 1.0 4.0 5.0 2.0 8.0 5.0 7.0 2.0 1.0 1.0 7.0 5.0 4.0 9.0 5.0 2.0 4.0 2.0 6.0 10.0 6.0 3.0 8.0 7.0 9.0 9.0 8.0 10.0 7.0 4.0 7.0 6.0 2.0 6.0 9.0 3.0 6.0 5.0
2 4.0 0.0 5.0 5.0 4.0 7.0 2.0 4.0 9.0 3.0 10.0 4.0 8.0 1.0 9.0 1.0 1.0 9.0 3.0 10.0 9.0 7.0 1.0 9.0 5.0 9.0 10.0 6.0 7.0 10.0 4.0 6.0 6.0 7.0 1.0 2.0 8.0 2.0 7.0 7.0
3 1.0 5.0 0.0 3.0 7.0 10.0 5.0 7.0 9.0 9.0 7.0 8.0 5.0 7.0 5.0 2.0 3.0 8.0 9.0 5.0 8.0 3.0 3.0 10.0 3.0 3.0 2.0 8.0 3.0 7.0 10.0 1.0 1.0 9.0 7.0 10.0 5.0 5.0 10.0 3.0
4 4.0 5.0 3.0 0.0 2.0 5.0 9.0 1.0 5.0 9.0 1.0 8.0 6.0 6.0 9.0 2.0 2.0 8.0 9.0 9.0 2.0 6.0 8.0 10.0 2.0 6.0 7.0 5.0 9.0 10.0 4.0 6.0 1.0 2.0 3.0 8.0 1.0 8.0 1.0 2.0
5 5.0 4.0 7.0 2.0 0.0 6.0 5.0 4.0 2.0 2.0 6.0 6.0 9.0 6.0 7.0 10.0 1.0 1.0 7.0 9.0 5.0 3.0 8.0 6.0 9.0 8.0 8.0 10.0 8.0 8.0 7.0 6.0 6.0 5.0 5.0 2.0 3.0 7.0 8.0 9.0
6 2.0 7.0 10.0 5.0 6.0 0.0 8.0 1.0 1.0 4.0 3.0 1.0 4.0 2.0 1.0 10.0 6.0 6.0 2.0 3.0 9.0 2.0 6.0 10.0 1.0 8.0 2.0 7.0 7.0 9.0 5.0 2.0 2.0 4.0 3.0 6.0 7.0 6.0 1.0 10.0
7 8.0 2.0 5.0 9.0 5.0 8.0 0.0 8.0 3.0 8.0 4.0 10.0 1.0 7.0 6.0 7.0 2.0 7.0 10.0 4.0 3.0 8.0 2.0 9.0 10.0 3.0 9.0 1.0 7.0 8.0 1.0 9.0 7.0 1.0 3.0 2.0 3.0 4.0 9.0 9.0
8 5.0 4.0 7.0 1.0 4.0 1.0 8.0 0.0 3.0 2.0 8.0 4.0 7.0 10.0 9.0 5.0 5.0 5.0 5.0 7.0 1.0 8.0 6.0 4.0 7.0 4.0 8.0 3.0 2.0 4.0 4.0 8.0 1.0 10.0 8.0 1.0 5.0 10.0 3.0 8.0
9 7.0 9.0 9.0 5.0 2.0 1.0 3.0 3.0 0.0 2.0 8.0 5.0 5.0 5.0 7.0 2.0 5.0 10.0 10.0 6.0 6.0 7.0 3.0 5.0 6.0 10.0 5.0 9.0 6.0 5.0 6.0 8.0 8.0 5.0 8.0 7.0 2.0 10.0 6.0 1.0
10 2.0 3.0 9.0 9.0 2.0 4.0 8.0 2.0 2.0 0.0 3.0 8.0 5.0 1.0 2.0 10.0 5.0 1.0 1.0 1.0 10.0 1.0 1.0 4.0 3.0 9.0 10.0 6.0 5.0 5.0 6.0 10.0 8.0 10.0 3.0 9.0 9.0 7.0 5.0 6.0
11 1.0 10.0 7.0 1.0 6.0 3.0 4.0 8.0 8.0 3.0 0.0 2.0 9.0 3.0 4.0 7.0 1.0 9.0 3.0 1.0 9.0 10.0 4.0 9.0 7.0 1.0 3.0 6.0 3.0 2.0 5.0 10.0 4.0 1.0 7.0 5.0 9.0 8.0 9.0 4.0
12 1.0 4.0 8.0 8.0 6.0 1.0 10.0 4.0 5.0 8.0 2.0 0.0 3.0 10.0 8.0 5.0 9.0 8.0 6.0 4.0 6.0 1.0 9.0 8.0 5.0 9.0 3.0 3.0 3.0 9.0 4.0 5.0 7.0 4.0 9.0 6.0 3.0 8.0 8.0 7.0
13 7.0 8.0 5.0 6.0 9.0 4.0 1.0 7.0 5.0 5.0 9.0 3.0 0.0 7.0 1.0 9.0 6.0 3.0 9.0 8.0 10.0 8.0 3.0 5.0 7.0 3.0 2.0 3.0 2.0 6.0 9.0 4.0 1.0 8.0 7.0 6.0 7.0 8.0 5.0 7.0
14 5.0 1.0 7.0 6.0 6.0 2.0 7.0 10.0 5.0 1.0 3.0 10.0 7.0 0.0 7.0 1.0 5.0 8.0 10.0 2.0 1.0 5.0 2.0 3.0 6.0 4.0 2.0 9.0 4.0 9.0 4.0 2.0 9.0 5.0 7.0 5.0 4.0 9.0 2.0 5.0
15 4.0 9.0 5.0 9.0 7.0 1.0 6.0 9.0 7.0 2.0 4.0 8.0 1.0 7.0 0.0 9.0 3.0 1.0 2.0 10.0 9.0 5.0 4.0 3.0 2.0 5.0 1.0 5.0 10.0 5.0 2.0 8.0 1.0 4.0 9.0 1.0 9.0 3.0 4.0 3.0
16 9.0 1.0 2.0 2.0 10.0 10.0 7.0 5.0 2.0 10.0 7.0 5.0 9.0 1.0 9.0 0.0 7.0 2.0 6.0 8.0 6.0 6.0 2.0 8.0 2.0 2.0 7.0 4.0 9.0 2.0 4.0 2.0 9.0 7.0 10.0 5.0 5.0 10.0 5.0 6.0
17 5.0 1.0 3.0 2.0 1.0 6.0 2.0 5.0 5.0 5.0 1.0 9.0 6.0 5.0 3.0 7.0 0.0 9.0 2.0 1.0 1.0 7.0 6.0 8.0 10.0 1.0 1.0 8.0 5.0 4.0 1.0 4.0 1.0 7.0 7.0 2.0 9.0 1.0 9.0 1.0
18 2.0 9.0 8.0 8.0 1.0 6.0 7.0 5.0 10.0 1.0 9.0 8.0 3.0 8.0 1.0 2.0 9.0 0.0 4.0 8.0 9.0 2.0 8.0 7.0 1.0 2.0 6.0 5.0 8.0 10.0 1.0 6.0 1.0 8.0 7.0 6.0 10.0 1.0 8.0 1.0
19 4.0 3.0 9.0 9.0 7.0 2.0 10.0 5.0 10.0 1.0 3.0 6.0 9.0 10.0 2.0 6.0 2.0 4.0 0.0 6.0 8.0 1.0 2.0 2.0 1.0 2.0 3.0 1.0 6.0 6.0 2.0 9.0 7.0 9.0 2.0 2.0 10.0 10.0 9.0 10.0
20 2.0 10.0 5.0 9.0 9.0 3.0 4.0 7.0 6.0 1.0 1.0 4.0 8.0 2.0 10.0 8.0 1.0 8.0 6.0 0.0 2.0 6.0 4.0 8.0 10.0 1.0 9.0 3.0 1.0 6.0 1.0 5.0 10.0 1.0 6.0 1.0 3.0 8.0 3.0 10.0
21 6.0 9.0 8.0 2.0 5.0 9.0 3.0 1.0 6.0 10.0 9.0 6.0 10.0 1.0 9.0 6.0 1.0 9.0 8.0 2.0 0.0 9.0 8.0 5.0 5.0 5.0 8.0 4.0 1.0 4.0 2.0 5.0 6.0 2.0 2.0 1.0 4.0 7.0 4.0 3.0
22 10.0 7.0 3.0 6.0 3.0 2.0 8.0 8.0 7.0 1.0 10.0 1.0 8.0 5.0 5.0 6.0 7.0 2.0 1.0 6.0 9.0 0.0 8.0 10.0 7.0 4.0 2.0 7.0 8.0 9.0 6.0 4.0 7.0 4.0 9.0 4.0 3.0 9.0 1.0 7.0
23 6.0 1.0 3.0 8.0 8.0 6.0 2.0 6.0 3.0 1.0 4.0 9.0 3.0 2.0 4.0 2.0 6.0 8.0 2.0 4.0 8.0 8.0 0.0 10.0 2.0 8.0 10.0 5.0 9.0 3.0 2.0 6.0 7.0 3.0 1.0 6.0 9.0 9.0 7.0 3.0
24 3.0 9.0 10.0 10.0 6.0 10.0 9.0 4.0 5.0 4.0 9.0 8.0 5.0 3.0 3.0 8.0 8.0 7.0 2.0 8.0 5.0 10.0 10.0 0.0 5.0 6.0 5.0 4.0 3.0 8.0 10.0 3.0 5.0 3.0 9.0 4.0 1.0 2.0 9.0 9.0
25 8.0 5.0 3.0 2.0 9.0 1.0 10.0 7.0 6.0 3.0 7.0 5.0 7.0 6.0 2.0 2.0 10.0 1.0 1.0 10.0 5.0 7.0 2.0 5.0 0.0 8.0 6.0 5.0 2.0 8.0 3.0 9.0 4.0 9.0 7.0 10.0 3.0 9.0 1.0 1.0
26 7.0 9.0 3.0 6.0 8.0 8.0 3.0 4.0 10.0 9.0 1.0 9.0 3.0 4.0 5.0 2.0 1.0 2.0 2.0 1.0 5.0 4.0 8.0 6.0 8.0 0.0 1.0 4.0 5.0 10.0 7.0 8.0 3.0 10.0 9.0 2.0 6.0 9.0 8.0 9.0
27 9.0 10.0 2.0 7.0 8.0 2.0 9.0 8.0 5.0 10.0 3.0 3.0 2.0 2.0 1.0 7.0 1.0 6.0 3.0 9.0 8.0 2.0 10.0 5.0 6.0 1.0 0.0 7.0 2.0 7.0 10.0 5.0 7.0 4.0 5.0 8.0 10.0 6.0 2.0 6.0
28 9.0 6.0 8.0 5.0 10.0 7.0 1.0 3.0 9.0 6.0 6.0 3.0 3.0 9.0 5.0 4.0 8.0 5.0 1.0 3.0 4.0 7.0 5.0 4.0 5.0 4.0 7.0 0.0 1.0 10.0 3.0 6.0 1.0 3.0 8.0 7.0 9.0 10.0 3.0 3.0
29 8.0 7.0 3.0 9.0 8.0 7.0 7.0 2.0 6.0 5.0 3.0 3.0 2.0 4.0 10.0 9.0 5.0 8.0 6.0 1.0 1.0 8.0 9.0 3.0 2.0 5.0 2.0 1.0 0.0 4.0 3.0 5.0 8.0 4.0 7.0 9.0 8.0 6.0 9.0 6.0
30 10.0 10.0 7.0 10.0 8.0 9.0 8.0 4.0 5.0 5.0 2.0 9.0 6.0 9.0 5.0 2.0 4.0 10.0 6.0 6.0 4.0 9.0 3.0 8.0 8.0 10.0 7.0 10.0 4.0 0.0 7.0 3.0 1.0 5.0 1.0 10.0 2.0 2.0 3.0 9.0
31 7.0 4.0 10.0 4.0 7.0 5.0 1.0 4.0 6.0 6.0 5.0 4.0 9.0 4.0 2.0 4.0 1.0 1.0 2.0 1.0 2.0 6.0 2.0 10.0 3.0 7.0 10.0 3.0 3.0 7.0 0.0 6.0 8.0 5.0 7.0 2.0 2.0 8.0 9.0 5.0
32 4.0 6.0 1.0 6.0 6.0 2.0 9.0 8.0 8.0 10.0 10.0 5.0 4.0 2.0 8.0 2.0 4.0 6.0 9.0 5.0 5.0 4.0 6.0 3.0 9.0 8.0 5.0 6.0 5.0 3.0 6.0 0.0 9.0 4.0 10.0 10.0 5.0 7.0 9.0 6.0
33 7.0 6.0 1.0 1.0 6.0 2.0 7.0 1.0 8.0 8.0 4.0 7.0 1.0 9.0 1.0 9.0 1.0 1.0 7.0 10.0 6.0 7.0 7.0 5.0 4.0 3.0 7.0 1.0 8.0 1.0 8.0 9.0 0.0 4.0 7.0 3.0 5.0 7.0 10.0 6.0
34 6.0 7.0 9.0 2.0 5.0 4.0 1.0 10.0 5.0 10.0 1.0 4.0 8.0 5.0 4.0 7.0 7.0 8.0 9.0 1.0 2.0 4.0 3.0 3.0 9.0 10.0 4.0 3.0 4.0 5.0 5.0 4.0 4.0 0.0 9.0 10.0 7.0 2.0 1.0 9.0
35 2.0 1.0 7.0 3.0 5.0 3.0 3.0 8.0 8.0 3.0 7.0 9.0 7.0 7.0 9.0 10.0 7.0 7.0 2.0 6.0 2.0 9.0 1.0 9.0 7.0 9.0 5.0 8.0 7.0 1.0 7.0 10.0 7.0 9.0 0.0 1.0 7.0 5.0 10.0 8.0
36 6.0 2.0 10.0 8.0 2.0 6.0 2.0 1.0 7.0 9.0 5.0 6.0 6.0 5.0 1.0 5.0 2.0 6.0 2.0 1.0 1.0 4.0 6.0 4.0 10.0 2.0 8.0 7.0 9.0 10.0 2.0 10.0 3.0 10.0 1.0 0.0 4.0 3.0 4.0 2.0
37 9.0 8.0 5.0 1.0 3.0 7.0 3.0 5.0 2.0 9.0 9.0 3.0 7.0 4.0 9.0 5.0 9.0 10.0 10.0 3.0 4.0 3.0 9.0 1.0 3.0 6.0 10.0 9.0 8.0 2.0 2.0 5.0 5.0 7.0 7.0 4.0 0.0 1.0 6.0 9.0
38 3.0 2.0 5.0 8.0 7.0 6.0 4.0 10.0 10.0 7.0 8.0 8.0 8.0 9.0 3.0 10.0 1.0 1.0 10.0 8.0 7.0 9.0 9.0 2.0 9.0 9.0 6.0 10.0 6.0 2.0 8.0 7.0 7.0 2.0 5.0 3.0 1.0 0.0 7.0 2.0
39 6.0 7.0 10.0 1.0 8.0 1.0 9.0 3.0 6.0 5.0 9.0 8.0 5.0 2.0 4.0 5.0 9.0 8.0 9.0 3.0 4.0 1.0 7.0 9.0 1.0 8.0 2.0 3.0 9.0 3.0 9.0 9.0 10.0 1.0 10.0 4.0 6.0 7.0 0.0 3.0
40 5.0 7.0 3.0 2.0 9.0 10.0 9.0 8.0 1.0 6.0 4.0 7.0 7.0 5.0 3.0 6.0 1.0 1.0 10.0 10.0 3.0 7.0 3.0 9.0 1.0 9.0 6.0 3.0 6.0 9.0 5.0 6.0 6.0 9.0 8.0 2.0 9.0 2.0 3.0 0.0
