55
1 0.0 1.0 1.0 2.0 5.0 5.0 4.0 10.0 4.0 4.0 7.0 5.0 5.0 7.0 7.0 5.0 1.0 5.0 5.0 1.0 1.0 10.0 10.0 2.0 3.0 3.0 10.0 7.0 1.0 9.0 6.0 10.0 10.0 4.0 4.0 6.0 3.0 3.0 7.0 2.0 10.0 9.0 5.0 6.0 10.0 3.0 2.0 10.0 9.0 10.0 2.0 6.0 6.0 3.0 9.0
2 1.0 0.0 4.0 6.0 10.0 3.0 5.0 9.0 4.0 4.0 4.0 2.0 2.0 10.0 6.0 9.0 9.0 1.0 3.0 4.0 8.0 7.0 1.0 10.0 3.0 10.0 5.0 4.0 5.0 1.0 8.0 3.0 2.0 9.0 6.0 4.0 8.0 2.0 7.0 5.0 4.0 3.0 3.0 2.0 10.0 1.0 5.0 2.0 2.0 5.0 8.0 3.0 1.0 2.0 9.0
3 1.0 4.0 0.0 6.0 1.0 8.0 1.0 3.0 10.0 1.0 8.0 6.0 8.0 7.0 5.0 6.0 3.0 1.0 9.0 9.0 6.0 1.0 2.0 9.0 5.0 9.0 4.0 9.0 3.0 10.0 1.0 4.0 3.0 6.0 3.0 8.0 8.0 9.0 9.0 7.0 2.0 3.0 4.0 2.0 10.0 9.0 8.0 5.0 2.0 2.0 9.0 7.0 3.0 9.0 1.0
4 2.0 6.0 6.0 0.0 3.0 3.0 1.0 6.0 7.0 6.0 5.0 1.0 3.0 2.0 4.0 6.0 8.0 3.0 9.0 10.0 5.0 2.0 10.0 9.0 8.0 8.0 6.0 10.0 6.0 6.0 6.0 9.0 1.0 9.0 9.0 8.0 10.0 7.0 2.0 9.0 1.0 1.0 1.0 7.0 2.0 6.0 6.0 10.0 3.0 8.0 4.0 9.0 10.0 1.0 9.0
5 5.0 10.0 1.0 3.0 0.0 1.0 5.0 2.0 7.0 2.0 1.0 8.0 3.0 2.0 10.0 7.0 6.0 6.0 3.0 9.0 7.0 10.0 6.0 5.0 10.0 7.0 9.0 5.0 8.0 8.0 10.0 1.0 7.0 9.0 1.0 8.0 4.0 2.0 8.0 1.0 3.0 1.0 2.0 1.0 8.0 10.0 5.0 9.0 7.0 4.0 8.0 9.0 8.0 3.0 2.0
6 5.0 3.0 8.0 3.0 1.0 0.0 5.0 1.0 7.0 8.0 2.0 9.0 2.0 7.0 7.0 2.0 10.0 4.0 2.0 4.0 8.0 6.0 9.0 1.0 8.0 1.0 10.0 4.0 1.0 7.0 5.0 8.0 4.0 5.0 4.0 6.0 1.0 3.0 4.0 9.0 7.0 5.0 8.0 4.0 9.0 8.0 8.0 4.0 9.0 1.0 10.0 7.0 1.0 6.0 2.0
7 4.0 5.0 1.0 1.0 5.0 5.0 0.0 5.0 6.0 5.0 2.0 10.0 5.0 3.0 5.0 9.0 8.0 9.0 4.0 4.0 7.0 4.0 1.0 5.0 1.0 9.0 3.0 9.0 4.0 10.0 3.0 9.0 5.0 7.0 2.0 9.0 4.0 9.0 8.0 8.0 10.0 3.0 4.0 8.0 6.0 6.0 6.0 4.0 3.0 5.0 10.0 3.0 8.0 8.0 9.0
8 10.0 9.0 3.0 6.0 2.0 1.0 5.0 0.0 3.0 4.0 3.0 7.0 1.0 1.0 5.0 4.0 3.0 5.0 2.0 10.0 6.0 4.0 4.0 5.0 8.0 6.0 8.0 9.0 10.0 5.0 7.0 6.0 4.0 7.0 4.0 3.0 8.0 9.0 2.0 2.0 10.0 9.0 5.0 7.0 9.0 7.0 9.0 7.0 8.0 4.0 4.0 9.0 6.0 9.0 6.0
9 4.0 4.0 10.0 7.0 7.0 7.0 6.0 3.0 0.0 2.0 8.0 4.0 9.0 7.0 7.0 2.0 2.0 5.0 7.0 8.0 10.0 5.0 1.0 3.0 7.0 10.0 7.0 5.0 2.0 6.0 10.0 9.0 5.0 1.0 7.0 3.0 5.0 9.0 5.0 8.0 10.0 2.0 8.0 6.0 6.0 2.0 5.0 5.0 2.0 5.0 1.0 3.0 8.0 7.0 6.0
10 4.0 4.0 1.0 6.0 2.0 8.0 5.0 4.0 2.0 0.0 6.0 10.0 1.0 10.0 1.0 1.0 8.0 4.0 5.0 1.0 1.0 4.0 2.0 2.0 8.0 4.0 3.0 4.0 6.0 10.0 10.0 1.0 2.0 7.0 9.0 3.0 5.0 2.0 8.0 7.0 8.0 8.0 5.0 6.0 9.0 9.0 10.0 5.0 10.0 1.0 5.0 10.0 4.0 6.0 8.0
11 7.0 4.0 8.0 5.0 1.0 2.0 2.0 3.0 8.0 6.0 0.0 3.0 7.0 3.0 9.0 10.0 6.0 4.0 3.0 3.0 5.0 9.0 6.0 2.0 8.0 8.0 7.0 1.0 7.0 2.0 4.0 3.0 5.0 6.0 3.0 6.0 2.0 6.0 3.0 6.0 2.0 6.0 5.0 10.0 6.0 10.0 5.0 4.0 4.0 4.0 5.0 1.0 6.0 1.0 3.0
12 5.0 2.0 6.0 1.0 8.0 9.0 10.0 7.0 4.0 10.0 3.0 0.0 8.0 8.0 3.0 1.0 6.0 7.0 5.0 7.0 8.0 3.0 6.0 3.0 7.0 6.0 8.0 2.0 5.0 7.0 10.0 5.0 10.0 10.0 4.0 10.0 5.0 5.0 8.0 10.0 8.0 9.0 6.0 5.0 2.0 6.0 6.0 5.0 10.0 6.0 8.0 7.0 6.0 8.0 9.0
13 5.0 2.0 8.0 3.0 3.0 2.0 5.0 1.0 9.0 1.0 7.0 8.0 0.0 8.0 8.0 1.0 6.0 5.0 4.0 10.0 2.0 9.0 8.0 5.0 6.0 9.0 8.0 6.0 9.0 10.0 1.0 10.0 7.0 10.0 2.0 2.0 5.0 4.0 7.0 2.0 8.0 4.0 5.0 3.0 9.0 6.0 4.0 10.0 1.0 2.0 6.0 10.0 3.0 5.0 4.0
14 7.0 10.0 7.0 2.0 2.0 7.0 3.0 1.0 7.0 10.0 3.0 8.0 8.0 0.0 7.0 8.0 8.0 10.0 3.0 7.0 10.0 9.0 6.0 5.0 2.0 8.0 4.0 1.0 8.0 5.0 9.0 8.0 3.0 7.0 7.0 3.0 9.0 7.0 2.0 2.0 7.0 10.0 6.0 6.0 2.0 3.0 1.0 7.0 6.0 1.0 6.0 10.0 2.0 5.0 1.0
15 7.0 6.0 5.0 4.0 10.0 7.0 5.0 5.0 7.0 1.0 9.0 3.0 8.0 7.0 0.0 9.0 6.0 1.0 3.0 7.0 9.0 8.0 3.0 7.0 2.0 2.0 5.0 7.0 3.0 10.0 2.0 3.0 10.0 7.0 5.0 9.0 10.0 8.0 7.0 7.0 7.0 9.0 6.0 6.0 5.0 8.0 8.0 5.0 8.0 9.0 8.0 9.0 8.0 7.0 6.0
16 5.0 9.0 6.0 6.0 7.0 2.0 9.0 4.0 2.0 1.0 10.0 1.0 1.0 8.0 9.0 0.0 2.0 6.0 2.0 7.0 1.0 4.0 4.0 10.0 5.0 7.0 5.0 7.0 8.0 5.0 2.0 7.0 9.0 4.0 4.0 5.0 9.0 3.0 8.0 4.0 5.0 2.0 1.0 9.0 5.0 7.0 10.0 7.0 4.0 4.0 3.0 1.0 5.0 7.0 5.0
17 1.0 9.0 3.0 8.0 6.0 10.0 8.0 3.0 2.0 8.0 6.0 6.0 6.0 8.0 6.0 2.0 0.0 6.0 6.0 9.0 5.0 9.0 7.0 2.0 5.0 10.0 5.0 7.0 6.0 2.0 6.0 5.0 8.0 6.0 1.0 7.0 6.0 2.0 5.0 7.0 10.0 7.0 1.0 1.0 6.0 8.0 1.0 9.0 8.0 9.0 4.0 10.0 5.0 6.0 7.0
18 5.0 1.0 1.0 3.0 6.0 4.0 9.0 5.0 5.0 4.0 4.0 7.0 5.0 10.0 1.0 6.0 6.0 0.0 10.0 8.0 1.0 3.0 7.0 5.0 1.0 2.0 9.0 8.0 8.0 3.0 10.0 1.0 2.0 7.0 7.0 2.0 3.0 5.0 8.0 1.0 5.0 8.0 5.0 6.0 3.0 1.0 9.0 3.0 7.0 5.0 8.0 7.0 9.0 2.0 1.0
19 5.0 3.0 9.0 9.0 3.0 2.0 4.0 2.0 7.0 5.0 3.0 5.0 4.0 3.0 3.0 2.0 6.0 10.0 0.0 5.0 1.0 2.0 2.0 4.0 2.0 2.0 3.0 8.0 8.0 8.0 9.0 8.0 7.0 10.0 2.0 4.0 8.0 3.0 2.0 3.0 8.0 2.0 4.0 6.0 2.0 7.0 4.0 4.0 2.0 7.0 4.0 6.0 5.0 4.0 2.0
20 1.0 4.0 9.0 10.0 9.0 4.0 4.0 10.0 8.0 1.0 3.0 7.0 10.0 7.0 7.0 7.0 9.0 8.0 5.0 0.0 3.0 10.0 4.0 10.0 7.0 9.0 4.0 10.0 4.0 7.0 7.0 2.0 10.0 10.0 2.0 2.0 10.0 6.0 6.0 7.0 8.0 9.0 6.0 6.0 4.0 4.0 1.0 10.0 10.0 2.0 2.0 10.0 10.0 4.0 2.0
21 1.0 8.0 6.0 5.0 7.0 8.0 7.0 6.0 10.0 1.0 5.0 8.0 2.0 10.0 9.0 1.0 5.0 1.0 1.0 3.0 0.0 1.0 1.0 2.0 1.0 1.0 3.0 6.0 6.0 4.0 1.0 8.0 6.0 4.0 4.0 9.0 10.0 8.0 4.0 3.0 8.0 5.0 9.0 7.0 1.0 7.0 9.0 6.0 4.0 9.0 5.0 3.0 6.0 9.0 5.0
22 10.0 7.0 1.0 2.0 10.0 6.0 4.0 4.0 5.0 4.0 9.0 3.0 9.0 9.0 8.0 4.0 9.0 3.0 2.0 10.0 1.0 0.0 7.0 3.0 6.0 8.0 9.0 8.0 7.0 1.0 7.0 5.0 2.0 9.0 1.0 8.0 8.0 3.0 6.0 2.0 1.0 7.0 10.0 4.0 5.0 7.0 9.0 6.0 6.0 5.0 7.0 6.0 10.0 7.0 5.0
23 10.0 1.0 2.0 10.0 6.0 9.0 1.0 4.0 1.0 2.0 6.0 6.0 8.0 6.0 3.0 4.0 7.0 7.0 2.0 4.0 1.0 7.0 0.0 6.0 4.0 10.0 10.0 6.0 9.0 10.0 8.0 7.0 1.0 7.0 4.0 3.0 5.0 10.0 5.0 3.0 3.0 9.0 2.0 3.0 9.0 8.0 10.0 7.0 3.0 10.0 6.0 6.0 2.0 6.0 9.0
24 2.0 10.0 9.0 9.0 5.0 1.0 5.0 5.0 3.0 2.0 2.0 3.0 5.0 5.0 7.0 10.0 2.0 5.0 4.0 10.0 2.0 3.0 6.0 0.0 2.0 10.0 8.0 10.0 10.0 7.0 2.0 8.0 8.0 3.0 4.0 3.0 5.0 2.0 3.0 1.0 4.0 5.0 8.0 8.0 1.0 6.0 6.0 1.0 2.0 10.0 3.0 1.0 1.0 10.0 1.0
25 3.0 3.0 5.0 8.0 10.0 8.0 1.0 8.0 7.0 8.0 8.0 7.0 6.0 2.0 2.0 5.0 5.0 1.0 2.0 7.0 1.0 6.0 4.0 2.0 0.0 5.0 9.0 5.0 4.0 8.0 1.0 3.0 8.0 1.0 8.0 3.0 9.0 7.0 3.0 9.0 6.0 3.0 9.0 3.0 9.0 5.0 5.0 1.0 8.0 6.0 1.0 4.0 3.0 9.0 1.0
26 3.0 10.0 9.0 8.0 7.0 1.0 9.0 6.0 10.0 4.0 8.0 6.0 9.0 8.0 2.0 7.0 10.0 2.0 2.0 9.0 1.0 8.0 10.0 10.0 5.0 0.0 6.0 6.0 10.0 8.0 2.0 2.0 10.0 4.0 1.0 1.0 4.0 1.0 6.0 8.0 8.0 7.0 10.0 3.0 3.0 6.0 5.0 3.0 4.0 10.0 9.0 7.0 3.0 4.0 4.0
27 10.0 5.0 4.0 6.0 9.0 10.0 3.0 8.0 7.0 3.0 7.0 8.0 8.0 4.0 5.0 5.0 5.0 9.0 3.0 4.0 3.0 9.0 10.0 8.0 9.0 6.0 0.0 6.0 5.0 4.0 2.0 9.0 9.0 6.0 10.0 1.0 2.0 5.0 6.0 10.0 3.0 5.0 9.0 6.0 9.0 1.0 4.0 2.0 2.0 8.0 2.0 5.0 4.0 8.0 1.0
28 7.0 4.0 9.0 10.0 5.0 4.0 9.0 9.0 5.0 4.0 1.0 2.0 6.0 1.0 7.0 7.0 7.0 8.0 8.0 10.0 6.0 8.0 6.0 10.0 5.0 6.0 6.0 0.0 5.0 9.0 3.0 7.0 3.0 7.0 2.0 3.0 2.0 4.0 9.0 6.0 2.0 8.0 1.0 8.0 9.0 10.0 8.0 6.0 8.0 10.0 6.0 1.0 1.0 8.0 9.0
29 1.0 5.0 3.0 6.0 8.0 1.0 4.0 10.0 2.0 6.0 7.0 5.0 9.0 8.0 3.0 8.0 6.0 8.0 8.0 4.0 6.0 7.0 9.0 10.0 4.0 10.0 5.0 5.0 0.0 10.0 4.0 4.0 4.0 1.0 6.0 8.0 10.0 2.0 4.0 10.0 6.0 6.0 10.0 1.0 4.0 10.0 1.0 10.0 5.0 8.0 3.0 8.0 1.0 9.0 7.0
30 9.0 1.0 10.0 6.0 8.0 7.0 10.0 5.0 6.0 10.0 2.0 7.0 10.0 5.0 10.0 5.0 2.0 3.0 8.0 7.0 4.0 1.0 10.0 7.0 8.0 8.0 4.0 9.0 10.0 0.0 8.0 3.0 3.0 8.0 10.0 10.0 1.0 4.0 2.0 1.0 4.0 8.0 8.0 5.0 6.0 7.0 4.0 2.0 4.0 2.0 9.0 8.0 7.0 5.0 2.0
31 6.0 8.0 1.0 6.0 10.0 5.0 3.0 7.0 10.0 10.0 4.0 10.0 1.0 9.0 2.0 2.0 6.0 10.0 9.0 7.0 1.0 7.0 8.0 2.0 1.0 2.0 2.0 3.0 4.0 8.0 0.0 4.0 8.0 8.0 7.0 10.0 7.0 10.0 6.0 5.0 7.0 8.0 7.0 10.0 5.0 5.0 4.0 1.0 6.0 9.0 2.0 10.0 10.0 3.0 10.0
32 10.0 3.0 4.0 9.0 1.0 8.0 9.0 6.0 9.0 1.0 3.0 5.0 10.0 8.0 3.0 7.0 5.0 1.0 8.0 2.0 8.0 5.0 7.0 8.0 3.0 2.0 9.0 7.0 4.0 3.0 4.0 0.0 2.0 2.0 3.0 3.0 8.0 8.0 4.0 8.0 7.0 10.0 6.0 1.0 3.0 4.0 9.0 3.0 1.0 5.0 7.0 6.0 9.0 10.0 6.0
33 10.0 2.0 3.0 1.0 7.0 4.0 5.0 4.0 5.0 2.0 5.0 10.0 7.0 3.0 10.0 9.0 8.0 2.0 7.0 10.0 6.0 2.0 1.0 8.0 8.0 10.0 9.0 3.0 4.0 3.0 8.0 2.0 0.0 9.0 3.0 2.0 10.0 6.0 6.0 8.0 8.0 7.0 9.0 10.0 5.0 1.0 5.0 2.0 2.0 4.0 8.0 6.0 5.0 1.0 4.0
34 4.0 9.0 6.0 9.0 9.0 5.0 7.0 7.0 1.0 7.0 6.0 10.0 10.0 7.0 7.0 4.0 6.0 7.0 10.0 10.0 4.0 9.0 7.0 3.0 1.0 4.0 6.0 7.0 1.0 8.0 8.0 2.0 9.0 0.0 6.0 3.0 6.0 4.0 10.0 1.0 2.0 8.0 5.0 9.0 8.0 9.0 5.0 9.0 4.0 4.0 5.0 4.0 8.0 9.0 4.0
35 4.0 6.0 3.0 9.0 1.0 4.0 2.0 4.0 7.0 9.0 3.0 4.0 2.0 7.0 5.0 4.0 1.0 7.0 2.0 2.0 4.0 1.0 4.0 4.0 8.0 1.0 10.0 2.0 6.0 10.0 7.0 3.0 3.0 6.0 0.0 1.0 7.0 5.0 1.0 3.0 3.0 2.0 10.0 8.0 6.0 9.0 5.0 8.0 5.0 8.0 4.0 6.0 4.0 6.0 8.0
36 6.0 4.0 8.0 8.0 8.0 6.0 9.0 3.0 3.0 3.0 6.0 10.0 2.0 3.0 9.0 5.0 7.0 2.0 4.0 2.0 9.0 8.0 3.0 3.0 3.0 1.0 1.0 3.0 8.0 10.0 10.0 3.0 2.0 3.0 1.0 0.0 10.0 6.0 5.0 8.0 1.0 2.0 2.0 2.0 7.0 9.0 2.0 2.0 5.0 6.0 2.0 1.0 2.0 4.0 8.0
37 3.0 8.0 8.0 10.0 4.0 1.0 4.0 8.0 5.0 5.0 2.0 5.0 5.0 9.0 10.0 9.0 6.0 3.0 8.0 10.0 10.0 8.0 5.0 5.0 9.0 4.0 2.0 2.0 10.0 1.0 7.0 8.0 10.0 6.0 7.0 10.0 0.0 2.0 10.0 3.0 1.0 7.0 8.0 10.0 9.0 10.0 3.0 3.0 4.0 1.0 9.0 8.0 5.0 6.0 1.0
38 3.0 2.0 9.0 7.0 2.0 3.0 9.0 9.0 9.0 2.0 6.0 5.0 4.0 7.0 8.0 3.0 2.0 5.0 3.0 6.0 8.0 3.0 10.0 2.0 7.0 1.0 5.0 4.0 2.0 4.0 10.0 8.0 6.0 4.0 5.0 6.0 2.0 0.0 7.0 4.0 7.0 6.0 7.0 5.0 10.0 8.0 5.0 2.0 4.0 8.0 10.0 8.0 1.0 6.0 10.0
39 7.0 7.0 9.0 2.0 8.0 4.0 8.0 2.0 5.0 8.0 3.0 8.0 7.0 2.0 7.0 8.0 5.0 8.0 2.0 6.0 4.0 6.0 5.0 3.0 3.0 6.0 6.0 9.0 4.0 2.0 6.0 4.0 6.0 10.0 1.0 5.0 10.0 7.0 0.0 8.0 2.0 5.0 4.0 3.0 7.0 3.0 10.0 9.0 5.0 6.0 2.0 8.0 4.0 2.0 8.0
40 2.0 5.0 7.0 9.0 1.0 9.0 8.0 2.0 8.0 7.0 6.0 10.0 2.0 2.0 7.0 4.0 7.0 1.0 3.0 7.0 3.0 2.0 3.0 1.0 9.0 8.0 10.0 6.0 10.0 1.0 5.0 8.0 8.0 1.0 3.0 8.0 3.0 4.0 8.0 0.0 5.0 9.0 2.0 7.0 2.0 9.0 3.0 5.0 3.0 9.0 2.0 6.0 5.0 6.0 2.0
41 10.0 4.0 2.0 1.0 3.0 7.0 10.0 10.0 10.0 8.0 2.0 8.0 8.0 7.0 7.0 5.0 10.0 5.0 8.0 8.0 8.0 1.0 3.0 4.0 6.0 8.0 3.0 2.0 6.0 4.0 7.0 7.0 8.0 2.0 3.0 1.0 1.0 7.0 2.0 5.0 0.0 9.0 10.0 5.0 7.0 1.0 5.0 9.0 3.0 5.0 4.0 8.0 10.0 1.0 5.0
42 9.0 3.0 3.0 1.0 1.0 5.0 3.0 9.0 2.0 8.0 6.0 9.0 4.0 10.0 9.0 2.0 7.0 8.0 2.0 9.0 5.0 7.0 9.0 5.0 3.0 7.0 5.0 8.0 6.0 8.0 8.0 10.0 7.0 8.0 2.0 2.0 7.0 6.0 5.0 9.0 9.0 0.0 9.0 5.0 1.0 1.0 7.0 3.0 8.0 5.0 9.0 9.0 2.0 1.0 7.0
43 5.0 3.0 4.0 1.0 2.0 8.0 4.0 5.0 8.0 5.0 5.0 6.0 5.0 6.0 6.0 1.0 1.0 5.0 4.0 6.0 9.0 10.0 2.0 8.0 9.0 10.0 9.0 1.0 10.0 8.0 7.0 6.0 9.0 5.0 10.0 2.0 8.0 7.0 4.0 2.0 10.0 9.0 0.0 5.0 9.0 1.0 3.0 6.0 7.0 3.0 2.0 2.0 3.0 6.0 2.0
44 6.0 2.0 2.0 7.0 1.0 4.0 8.0 7.0 6.0 6.0 10.0 5.0 3.0 6.0 6.0 9.0 1.0 6.0 6.0 6.0 7.0 4.0 3.0 8.0 3.0 3.0 6.0 8.0 1.0 5.0 10.0 1.0 10.0 9.0 8.0 2.0 10.0 5.0 3.0 7.0 5.0 5.0 5.0 0.0 2.0 3.0 4.0 6.0 6.0 3.0 1.0 3.0 9.0 2.0 4.0
45 10.0 10.0 10.0 2.0 8.0 9.0 6.0 9.0 6.0 9.0 6.0 2.0 9.0 2.0 5.0 5.0 6.0 3.0 2.0 4.0 1.0 5.0 9.0 1.0 9.0 3.0 9.0 9.0 4.0 6.0 5.0 3.0 5.0 8.0 6.0 7.0 9.0 10.0 7.0 2.0 7.0 1.0 9.0 2.0 0.0 6.0 4.0 2.0 5.0 1.0 6.0 3.0 10.0 1.0 10.0
46 3.0 1.0 9.0 6.0 10.0 8.0 6.0 7.0 2.0 9.0 10.0 6.0 6.0 3.0 8.0 7.0 8.0 1.0 7.0 4.0 7.0 7.0 8.0 6.0 5.0 6.0 1.0 10.0 10.0 7.0 5.0 4.0 1.0 9.0 9.0 9.0 10.0 8.0 3.0 9.0 1.0 1.0 1.0 3.0 6.0 0.0 1.0 3.0 4.0 9.0 10.0 9.0 1.0 8.0 4.0
47 2.0 5.0 8.0 6.0 5.0 8.0 6.0 9.0 5.0 10.0 5.0 6.0 4.0 1.0 8.0 10.0 1.0 9.0 4.0 1.0 9.0 9.0 10.0 6.0 5.0 5.0 4.0 8.0 1.0 4.0 4.0 9.0 5.0 5.0 5.0 2.0 3.0 5.0 10.0 3.0 5.0 7.0 3.0 4.0 4.0 1.0 0.0 5.0 3.0 5.0 9.0 10.0 5.0 9.0 6.0
48 10.0 2.0 5.0 10.0 9.0 4.0 4.0 7.0 5.0 5.0 4.0 5.0 10.0 7.0 5.0 7.0 9.0 3.0 4.0 10.0 6.0 6.0 7.0 1.0 1.0 3.0 2.0 6.0 10.0 2.0 1.0 3.0 2.0 9.0 8.0 2.0 3.0 2.0 9.0 5.0 9.0 3.0 6.0 6.0 2.0 3.0 5.0 0.0 6.0 10.0 7.0 1.0 5.0 2.0 10.0
49 9.0 2.0 2.0 3.0 7.0 9.0 3.0 8.0 2.0 10.0 4.0 10.0 1.0 6.0 8.0 4.0 8.0 7.0 2.0 10.0 4.0 6.0 3.0 2.0 8.0 4.0 2.0 8.0 5.0 4.0 6.0 1.0 2.0 4.0 5.0 5.0 4.0 4.0 5.0 3.0 3.0 8.0 7.0 6.0 5.0 4.0 3.0 6.0 0.0 4.0 10.0 9.0 2.0 8.0 1.0
50 10.0 5.0 2.0 8.0 4.0 1.0 5.0 4.0 5.0 1.0 4.0 6.0 2.0 1.0 9.0 4.0 9.0 5.0 7.0 2.0 9.0 5.0 10.0 10.0 6.0 10.0 8.0 10.0 8.0 2.0 9.0 5.0 4.0 4.0 8.0 6.0 1.0 8.0 6.0 9.0 5.0 5.0 3.0 3.0 1.0 9.0 5.0 10.0 4.0 0.0 1.0 5.0 10.0 2.0 5.0
51 2.0 8.0 9.0 4.0 8.0 10.0 10.0 4.0 1.0 5.0 5.0 8.0 6.0 6.0 8.0 3.0 4.0 8.0 4.0 2.0 5.0 7.0 6.0 3.0 1.0 9.0 2.0 6.0 3.0 9.0 2.0 7.0 8.0 5.0 4.0 2.0 9.0 10.0 2.0 2.0 4.0 9.0 2.0 1.0 6.0 10.0 9.0 7.0 10.0 1.0 0.0 5.0 8.0 1.0 7.0
52 6.0 3.0 7.0 9.0 9.0 7.0 3.0 9.0 3.0 10.0 1.0 7.0 10.0 10.0 9.0 1.0 10.0 7.0 6.0 10.0 3.0 6.0 6.0 1.0 4.0 7.0 5.0 1.0 8.0 8.0 10.0 6.0 6.0 4.0 6.0 1.0 8.0 8.0 8.0 6.0 8.0 9.0 2.0 3.0 3.0 9.0 10.0 1.0 9.0 5.0 5.0 0.0 1.0 7.0 9.0
53 6.0 1.0 3.0 10.0 8.0 1.0 8.0 6.0 8.0 4.0 6.0 6.0 3.0 2.0 8.0 5.0 5.0 9.0 5.0 10.0 6.0 10.0 2.0 1.0 3.0 3.0 4.0 1.0 1.0 7.0 10.0 9.0 5.0 8.0 4.0 2.0 5.0 1.0 4.0 5.0 10.0 2.0 3.0 9.0 10.0 1.0 5.0 5.0 2.0 10.0 8.0 1.0 0.0 5.0 1.0
54 3.0 2.0 9.0 1.0 3.0 6.0 8.0 9.0 7.0 6.0 1.0 8.0 5.0 5.0 7.0 7.0 6.0 2.0 4.0 4.0 9.0 7.0 6.0 10.0 9.0 4.0 8.0 8.0 9.0 5.0 3.0 10.0 1.0 9.0 6.0 4.0 6.0 6.0 2.0 6.0 1.0 1.0 6.0 2.0 1.0 8.0 9.0 2.0 8.0 2.0 1.0 7.0 5.0 0.0 5.0
55 9.0 9.0 1.0 9.0 2.0 2.0 9.0 6.0 6.0 8.0 3.0 9.0 4.0 1.0 6.0 5.0 7.0 1.0 2.0 2.0 5.0 5.0 9.0 1.0 1.0 4.0 1.0 9.0 7.0 2.0 10.0 6.0 4.0 4.0 8.0 8.0 1.0 10.0 8.0 2.0 5.0 7.0 2.0 4.0 10.0 4.0 6.0 10.0 1.0 5.0 7.0 9.0 1.0 5.0 0.0
