40
1 0.0 3.0 3.0 6.0 2.0 1.0 9.0 1.0 2.0 2.0 4.0 10.0 1.0 4.0 5.0 4.0 9.0 9.0 4.0 2.0 8.0 2.0 8.0 2.0 9.0 1.0 10.0 9.0 5.0 2.0 7.0 3.0 10.0 1.0 8.0 9.0 7.0 1.0 9.0 10.0
2 3.0 0.0 4.0 10.0 4.0 2.0 10.0 3.0 1.0 5.0 8.0 3.0 7.0 5.0 4.0 4.0 7.0 10.0 7.0 5.0 2.0 6.0 7.0 2.0 7.0 6.0 2.0 1.0 8.0 10.0 10.0 9.0 3.0 2.0 6.0 10.0 3.0 10.0 10.0 1.0
3 3.0 4.0 0.0 4.0 5.0 2.0 1.0 5.0 2.0 8.0 2.0 5.0 1.0 10.0 1.0 4.0 8.0 9.0 4.0 9.0 10.0 2.0 1.0 1.0 6.0 8.0 10.0 2.0 2.0 4.0 2.0 9.0 3.0 7.0 7.0 9.0 6.0 4.0 5.0 1.0
4 6.0 10.0 4.0 0.0 8.0 8.0 5.0 2.0 4.0 7.0 3.0 4.0 1.0 4.0 6.0 4.0 2.0 3.0 7.0 5.0 10.0 6.0 3.0 9.0 7.0 8.0 3.0 10.0 10.0 10.0 8.0 8.0 3.0 9.0 9.0 1.0 1.0 5.0 10.0 2.0
5 2.0 4.0 5.0 8.0 0.0 8.0 9.0 3.0 3.0 6.0 9.0 9.0 8.0 1.0 9.0 6.0 9.0 5.0 4.0 1.0 2.0 8.0 2.0 1.0 8.0 9.0 9.0 7.0 4.0 2.0 6.0 9.0 2.0 9.0 2.0 6.0 2.0 3.0 9.0 8.0
6 1.0 2.0 2.0 8.0 8.0 0.0 8.0 1.0 1.0 2.0 6.0 9.0 6.0 8.0 4.0 10.0 2.0 6.0 2.0 10.0 8.0 3.0 6.0 10.0 7.0 8.0 4.0 7.0 9.0 10.0 4.0 7.0 6.0 1.0 6.0 5.0 2.0 10.0 4.0 1.0
7 9.0 10.0 1.0 5.0 9.0 8.0 0.0 8.0 2.0 4.0 2.0 3.0 5.0 8.0 1.0 9.0 9.0 3.0 2.0 1.0 2.0 4.0 7.0 3.0 6.0 9.0 9.0 1.0 10.0 10.0 9.0 9.0 7.0 8.0 9.0 3.0 6.0 7.0 8.0 2.0
8 1.0 3.0 5.0 2.0 3.0 1.0 8.0 0.0 9.0 6.0 3.0 4.0 1.0 8.0 8.0 6.0 8.0 10.0 5.0 4.0 8.0 3.0 6.0 3.0 7.0 4.0 7.0 5.0 3.0 1.0 4.0 5.0 5.0 1.0 2.0 10.0 6.0 1.0 2.0 6.0
9 2.0 1.0 2.0 4.0 3.0 1.0 2.0 9.0 0.0 8.0 3.0 2.0 8.0 1.0 4.0 7.0 10.0 4.0 2.0 3.0 5.0 3.0 6.0 3.0 2.0 9.0 2.0 8.0 2.0 5.0 7.0 6.0 6.0 5.0 9.0 2.0 5.0 9.0 2.0 3.0
10 2.0 5.0 8.0 7.0 6.0 2.0 4.0 6.0 8.0 0.0 10.0 6.0 10.0 4.0 1.0 4.0 9.0 7.0 3.0 6.0 4.0 2.0 9.0 8.0 9.0 10.0 9.0 6.0 7.0 1.0 6.0 6.0 8.0 2.0 7.0 1.0 8.0 4.0 7.0 2.0
11 4.0 8.0 2.0 3.0 9.0 6.0 2.0 3.0 3.0 10.0 0.0 10.0 3.0 9.0 7.0 6.0 3.0 10.0 2.0 2.0 3.0 3.0 10.0 8.0 7.0 7.0 4.0 1.0 1.0 10.0 7.0 1.0 5.0 10.0 5.0 1.0 3.0 6.0 8.0 7.0
12 10.0 3.0 5.0 4.0 9.0 9.0 3.0 4.0 2.0 6.0 10.0 0.0 8.0 4.0 1.0 8.0 8.0 7.0 8.0 7.0 7.0 2.0 7.0 3.0 4.0 9.0 9.0 10.0 5.0 4.0 1.0 2.0 4.0 1.0 6.0 4.0 4.0 7.0 4.0 10.0
13 1.0 7.0 1.0 1.0 8.0 6.0 5.0 1.0 8.0 10.0 3.0 8.0 0.0 5.0 10.0 9.0 5.0 3.0 5.0 1.0 4.0 4.0 7.0 7.0 7.0 2.0 6.0 10.0 6.0 1.0 7.0 5.0 9.0 4.0 9.0 1.0 7.0 6.0 3.0 5.0
14 4.0 5.0 10.0 4.0 1.0 8.0 8.0 8.0 1.0 4.0 9.0 4.0 5.0 0.0 4.0 5.0 6.0 4.0 4.0 7.0 3.0 2.0 8.0 7.0 4.0 8.0 1.0 5.0 4.0 10.0 10.0 10.0 5.0 7.0 8.0 4.0 5.0 10.0 7.0 3.0
15 5.0 4.0 1.0 6.0 9.0 4.0 1.0 8.0 4.0 1.0 7.0 1.0 10.0 4.0 0.0 7.0 7.0 5.0 4.0 5.0 6.0 9.0 6.0 10.0 5.0 2.0 2.0 1.0 10.0 8.0 1.0 10.0 10.0 4.0 3.0 5.0 1.0 10.0 8.0 10.0
16 4.0 4.0 4.0 4.0 6.0 10.0 9.0 6.0 7.0 4.0 6.0 8.0 9.0 5.0 7.0 0.0 6.0 4.0 5.0 6.0 9.0 1.0 1.0 2.0 3.0 8.0 10.0 1.0 4.0 4.0 1.0 10.0 3.0 2.0 7.0 8.0 8.0 6.0 8.0 2.0
17 9.0 7.0 8.0 2.0 9.0 2.0 9.0 8.0 10.0 9.0 3.0 8.0 5.0 6.0 7.0 6.0 0.0 6.0 7.0 1.0 8.0 9.0 5.0 7.0 5.0 1.0 9.0 5.0 3.0 2.0 1.0 4.0 9.0 1.0 1.0 1.0 9.0 10.0 9.0 8.0
18 9.0 10.0 9.0 3.0 5.0 6.0 3.0 10.0 4.0 7.0 10.0 7.0 3.0 4.0 5.0 4.0 6.0 0.0 6.0 4.0 10.0 3.0 4.0 6.0 6.0 9.0 4.0 3.0 6.0 7.0 9.0 3.0 5.0 4.0 1.0 10.0 10.0 8.0 1.0 9.0
19 4.0 7.0 4.0 7.0 4.0 2.0 2.0 5.0 2.0 3.0 2.0 8.0 5.0 4.0 4.0 5.0 7.0 6.0 0.0 4.0 2.0 4.0 4.0 9.0 6.0 2.0 7.0 4.0 6.0 9.0 7.0 2.0 5.0 6.0 5.0 9.0 6.0 5.0 8.0 6.0
20 2.0 5.0 9.0 5.0 1.0 10.0 1.0 4.0 3.0 6.0 2.0 7.0 1.0 7.0 5.0 6.0 1.0 4.0 4.0 0.0 9.0 8.0 7.0 9.0 2.0 1.0 6.0 5.0 5.0 9.0 2.0 3.0 7.0 6.0 4.0 8.0 9.0 4.0 1.0 10.0
21 8.0 2.0 10.0 10.0 2.0 8.0 2.0 8.0 5.0 4.0 3.0 7.0 4.0 3.0 6.0 9.0 8.0 10.0 2.0 9.0 0.0 4.0 1.0 5.0 7.0 1.0 8.0 6.0 3.0 6.0 3.0 7.0 3.0 4.0 1.0 6.0 6.0 7.0 7.0 1.0
22 2.0 6.0 2.0 6.0 8.0 3.0 4.0 3.0 3.0 2.0 3.0 2.0 4.0 2.0 9.0 1.0 9.0 3.0 4.0 8.0 4.0 0.0 9.0 5.0 3.0 8.0 4.0 2.0 10.0 6.0 1.0 10.0 3.0 7.0 1.0 1.0 8.0 1.0 5.0 3.0
23 8.0 7.0 1.0 3.0 2.0 6.0 7.0 6.0 6.0 9.0 10.0 7.0 7.0 8.0 6.0 1.0 5.0 4.0 4.0 7.0 1.0 9.0 0.0 10.0 7.0 1.0 4.0 2.0 5.0 5.0 3.0 9.0 2.0 4.0 7.0 10.0 3.0 9.0 2.0 6.0
24 2.0 2.0 1.0 9.0 1.0 10.0 3.0 3.0 3.0 8.0 8.0 3.0 7.0 7.0 10.0 2.0 7.0 6.0 9.0 9.0 5.0 5.0 10.0 0.0 3.0 6.0 10.0 7.0 1.0 3.0 3.0 3.0 10.0 7.0 7.0 1.0 9.0 5.0 7.0 4.0
25 9.0 7.0 6.0 7.0 8.0 7.0 6.0 7.0 2.0 9.0 7.0 4.0 7.0 4.0 5.0 3.0 5.0 6.0 6.0 2.0 7.0 3.0 7.0 3.0 0.0 1.0 7.0 2.0 4.0 5.0 10.0 8.0 9.0 8.0 8.0 5.0 2.0 5.0 2.0 10.0
26 1.0 6.0 8.0 8.0 9.0 8.0 9.0 4.0 9.0 10.0 7.0 9.0 2.0 8.0 2.0 8.0 1.0 9.0 2.0 1.0 1.0 8.0 1.0 6.0 1.0 0.0 2.0 10.0 2.0 7.0 9.0 4.0 3.0 10.0 8.0 4.0 4.0 5.0 5.0 10.0
27 10.0 2.0 10.0 3.0 9.0 4.0 9.0 7.0 2.0 9.0 4.0 9.0 6.0 1.0 2.0 10.0 9.0 4.0 7.0 6.0 8.0 4.0 4.0 10.0 7.0 2.0 0.0 10.0 2.0 3.0 8.0 5.0 6.0 7.0 4.0 3.0 5.0 9.0 5.0 9.0
28 9.0 1.0 2.0 10.0 7.0 7.0 1.0 5.0 8.0 6.0 1.0 10.0 10.0 5.0 1.0 1.0 5.0 3.0 4.0 5.0 6.0 2.0 2.0 7.0 2.0 10.0 10.0 0.0 5.0 2.0 3.0 3.0 3.0 3.0 5.0 3.0 9.0 2.0 7.0 6.0
29 5.0 8.0 2.0 10.0 4.0 9.0 10.0 3.0 2.0 7.0 1.0 5.0 6.0 4.0 10.0 4.0 3.0 6.0 6.0 5.0 3.0 10.0 5.0 1.0 4.0 2.0 2.0 5.0 0.0 4.0 2.0 9.0 5.0 9.0 10.0 10.0 2.0 5.0 2.0 3.0
30 2.0 10.0 4.0 10.0 2.0 10.0 10.0 1.0 5.0 1.0 10.0 4.0 1.0 10.0 8.0 4.0 2.0 7.0 9.0 9.0 6.0 6.0 5.0 3.0 5.0 7.0 3.0 2.0 4.0 0.0 7.0 7.0 7.0 3.0 5.0 5.0 3.0 5.0 8.0 1.0
31 7.0 10.0 2.0 8.0 6.0 4.0 9.0 4.0 7.0 6.0 7.0 1.0 7.0 10.0 1.0 1.0 1.0 9.0 7.0 2.0 3.0 1.0 3.0 3.0 10.0 9.0 8.0 3.0 2.0 7.0 0.0 4.0 4.0 1.0 1.0 6.0 1.0 5.0 4.0 10.0
32 3.0 9.0 9.0 8.0 9.0 7.0 9.0 5.0 6.0 6.0 1.0 2.0 5.0 10.0 10.0 10.0 4.0 3.0 2.0 3.0 7.0 10.0 9.0 3.0 8.0 4.0 5.0 3.0 9.0 7.0 4.0 0.0 4.0 9.0 3.0 4.0 3.0 2.0 2.0 2.0
33 10.0 3.0 3.0 3.0 2.0 6.0 7.0 5.0 6.0 8.0 5.0 4.0 9.0 5.0 10.0 3.0 9.0 5.0 5.0 7.0 3.0 3.0 2.0 10.0 9.0 3.0 6.0 3.0 5.0 7.0 4.0 4.0 0.0 8.0 4.0 6.0 7.0 1.0 10.0 4.0
34 1.0 2.0 7.0 9.0 9.0 1.0 8.0 1.0 5.0 2.0 10.0 1.0 4.0 7.0 4.0 2.0 1.0 4.0 6.0 6.0 4.0 7.0 4.0 7.0 8.0 10.0 7.0 3.0 9.0 3.0 1.0 9.0 8.0 0.0 9.0 8.0 7.0 6.0 5.0 9.0
35 8.0 6.0 7.0 9.0 2.0 6.0 9.0 2.0 9.0 7.0 5.0 6.0 9.0 8.0 3.0 7.0 1.0 1.0 5.0 4.0 1.0 1.0 7.0 7.0 8.0 8.0 4.0 5.0 10.0 5.0 1.0 3.0 4.0 9.0 0.0 8.0 8.0 8.0 10.0 6.0
36 9.0 10.0 9.0 1.0 6.0 5.0 3.0 10.0 2.0 1.0 1.0 4.0 1.0 4.0 5.0 8.0 1.0 10.0 9.0 8.0 6.0 1.0 10.0 1.0 5.0 4.0 3.0 3.0 10.0 5.0 6.0 4.0 6.0 8.0 8.0 0.0 8.0 9.0 6.0 2.0
37 7.0 3.0 6.0 1.0 2.0 2.0 6.0 6.0 5.0 8.0 3.0 4.0 7.0 5.0 1.0 8.0 9.0 10.0 6.0 9.0 6.0 8.0 3.0 9.0 2.0 4.0 5.0 9.0 2.0 3.0 1.0 3.0 7.0 7.0 8.0 8.0 0.0 3.0 1.0 4.0
38 1.0 10.0 4.0 5.0 3.0 10.0 7.0 1.0 9.0 4.0 6.0 7.0 6.0 10.0 10.0 6.0 10.0 8.0 5.0 4.0 7.0 1.0 9.0 5.0 5.0 5.0 9.0 2.0 5.0 5.0 5.0 2.0 1.0 6.0 8.0 9.0 3.0 0.0 7.0 2.0
39 9.0 10.0 5.0 10.0 9.0 4.0 8.0 2.0 2.0 7.0 8.0 4.0 3.0 7.0 8.0 8.0 9.0 1.0 8.0 1.0 7.0 5.0 2.0 7.0 2.0 5.0 5.0 7.0 2.0 8.0 4.0 2.0 10.0 5.0 10.0 6.0 1.0 7.0 0.0 1.0
40 10.0 1.0 1.0 2.0 8.0 1.0 2.0 6.0 3.0 2.0 7.0 10.0 5.0 3.0 10.0 2.0 8.0 9.0 6.0 10.0 1.0 3.0 6.0 4.0 10.0 10.0 9.0 6.0 3.0 1.0 10.0 2.0 4.0 9.0 6.0 2.0 4.0 2.0 1.0 0.0
