32
1 0.0312185772 0.0168472939 0.0433439714 0.047059464 0.0109968542 0.0551425627 0.0216915361 0.0297888108 0.0102575649 0.0362033453 0.0315802641 0.0323033056 0.0328276332 0.0301684733 0.0329819679 0.0266729567 0.0523477441 0.008837813 0.0276279048 0.0245771604 0.034830265 0.0368894067 0.0345798109 0.0347256268 0.0307035562 0.0684231657 0.0171113056 0.0199612883 0.0304998252 0.0286593583 0.0115755453 0.0495656424 
2 0.0168472939 0.0138097933 0.0103936878 0.0301505355 0.0092605061 0.0151557539 0.050663881 0.0292743858 0.0557918599 0.0158214247 0.0279789525 0.0388330904 0.0521248345 0.0453168762 0.0308698407 0.0304278048 0.0355541183 0.0389453598 0.0219079343 0.0355724186 0.0436519769 0.03545268 0.0420475508 0.0150880402 0.0242646658 0.0517920085 0.0109108679 0.04996873 0.0450175617 0.0171406818 0.019973891 0.0399909931 
3 0.0433439714 0.0103936878 0.0157700558 0.0275488183 0.0139965864 0.0562672508 0.0404212859 0.0180337777 0.0536181392 0.0223032775 0.0279596515 0.0403565592 0.0165791859 0.0240157014 0.0018109354 0.005746539 0.0341171833 0.0117814947 0.039915797 0.0527612076 0.0471280293 0.0291856492 0.0477486939 0.0643407517 0.0286261226 0.036594124 0.0156284995 0.0305207536 0.0350413938 0.0273907153 0.0437389978 0.0373151638 
4 0.047059464 0.0301505355 0.0275488183 0.0365298736 0.0342608641 0.0070792068 0.0340700076 0.0454679714 0.0444297238 0.0323857205 0.018480603 0.021618796 0.0274042628 0.0155403972 0.0338604696 0.0179037948 0.0322485921 0.0352363909 0.0377073678 0.0453368471 0.0536112868 0.0468253164 0.0373790463 0.0325027454 0.0296498813 0.0270451274 0.0161371576 0.0247878913 0.0310858369 0.0189709557 0.0138705161 0.0438145318 
5 0.0109968542 0.0092605061 0.0139965864 0.0342608641 0.0452849258 0.036334337 0.015378313 0.0383434035 0.0321541057 0.0329246704 0.0243793622 0.0566192301 0.0326552875 0.0207261545 0.0538184629 0.0430499337 0.0331229244 0.034139789 0.0252947368 0.0374170457 0.0297496493 0.0435032157 0.0442081242 0.0308354607 0.0199369295 0.0258537486 0.0229768469 0.0483804999 0.0274437233 0.0371357653 0.0154536911 0.0243648526 
6 0.0551425627 0.0151557539 0.0562672508 0.0070792068 0.036334337 0.0269115473 0.040049564 0.0435924865 0.0271628983 0.0258526954 0.0116401138 0.0071602426 0.06470288 0.0320797209 0.0242946041 0.0301389594 0.0372983186 0.0129664212 0.0454981133 0.0448350918 0.0440768441 0.028587328 0.0212513709 0.0357237061 0.0345939901 0.016516141 0.0121019384 0.0138672278 0.0280817153 0.0297747988 0.0381075045 0.0531546665 
7 0.0216915361 0.050663881 0.0404212859 0.0340700076 0.015378313 0.040049564 0.0341411757 0.0324480826 0.0414132533 0.0153279481 0.0191670738 0.0548447218 0.0305705571 0.0345233743 0.0453104727 0.0178831147 0.0166568319 0.0185751169 0.0361216939 0.023008943 0.033956962 0.0380827462 0.0217054564 0.0379901767 0.0255417778 0.0405640136 0.0428756008 0.0167850818 0.0401357299 0.0304704408 0.021150168 0.0284748984 
8 0.0297888108 0.0292743858 0.0180337777 0.0454679714 0.0383434035 0.0435924865 0.0324480826 0.004760623 0.024125092 0.0223259775 0.0898836985 0.0439960436 0.020033325 0.0229263051 0.0291331636 0.0161937773 0.0329835832 0.0201140358 0.019093144 0.0420670699 0.0265300415 0.0168273866 0.0516881321 0.0324505726 0.0357600539 0.0211592984 0.0357890688 0.0369998601 0.0277270173 0.0347875318 0.0288178234 0.0268784568 
9 0.0102575649 0.0557918599 0.0536181392 0.0444297238 0.0321541057 0.0271628983 0.0414132533 0.024125092 0.0490537456 0.0125928049 0.0415823936 0.0542211036 0.0140576871 0.0510446258 0.0418758761 0.0311299516 0.0385030966 0.0424542744 0.039034064 0.0203606453 0.0198575207 0.0286483277 0.0114878951 0.0147846187 0.0251978838 0.0190716568 0.02462042 0.0269488829 0.0347973706 0.0395196814 0.0201657268 0.0100371097 
10 0.0362033453 0.0158214247 0.0223032775 0.0323857205 0.0329246704 0.0258526954 0.0153279481 0.0223259775 0.0125928049 0.01482356 0.0554202712 0.0247378879 0.0318766141 0.0385931072 0.0574908403 0.0202391545 0.0107173847 0.0496778053 0.0296767934 0.0234873964 0.0306343671 0.01622368 0.0271911534 0.0460683135 0.0513547159 0.0315958051 0.0428533576 0.025543318 0.0329818045 0.0288546032 0.0631891424 0.03103106 
11 0.0315802641 0.0279789525 0.0279596515 0.018480603 0.0243793622 0.0116401138 0.0191670738 0.0898836985 0.0415823936 0.0554202712 0.0117650306 0.0278547189 0.0359630339 0.0236220797 0.0508290454 0.0499568138 0.0169218709 0.0340844712 0.0262753112 0.0370726768 0.0156029821 0.0290222993 0.065171615 0.0296884589 0.0217210536 0.0312732457 0.036428005 0.0219595081 0.034517751 0.0104978855 0.025478109 0.01622165 
12 0.0323033056 0.0388330904 0.0403565592 0.021618796 0.0566192301 0.0071602426 0.0548447218 0.0439960436 0.0542211036 0.0247378879 0.0278547189 0.0133487559 0.0414536517 0.0362985426 0.0194599901 0.017527145 0.0552084366 0.05349886 0.0282916007 0.0210492298 0.0101123567 0.0279772281 0.0284589936 0.0137482236 0.0183219324 0.0353883948 0.0488644318 0.011552583 0.0355552279 0.0191192548 0.016360162 0.0458592992 
13 0.0328276332 0.0521248345 0.0165791859 0.0274042628 0.0326552875 0.06470288 0.0305705571 0.020033325 0.0140576871 0.0318766141 0.0359630339 0.0414536517 0.0479181366 0.0108454472 0.026385438 0.0218016577 0.0350215346 0.0211975158 0.0204261876 0.059721902 0.0443401444 0.0243347787 0.0464271711 0.0243061846 0.0128290933 0.0407865488 0.0199341847 0.021603362 0.0312108304 0.0313672447 0.0456520935 0.0136415916 
14 0.0301684733 0.0453168762 0.0240157014 0.0155403972 0.0207261545 0.0320797209 0.0345233743 0.0229263051 0.0510446258 0.0385931072 0.0236220797 0.0362985426 0.0108454472 0.0127204782 0.020389576 0.0229480435 0.0334860874 0.0448397972 0.0297135346 0.0247177619 0.0199099914 0.0400989233 0.0235296766 0.0259781185 0.0236329177 0.053253627 0.0055734091 0.0547735159 0.0362090458 0.0575155301 0.0528669275 0.0321422329 
15 0.0329819679 0.0308698407 0.0018109354 0.0338604696 0.0538184629 0.0242946041 0.0453104727 0.0291331636 0.0418758761 0.0574908403 0.0508290454 0.0194599901 0.026385438 0.020389576 0.0158119284 0.0410447076 0.0310118523 0.0335340612 0.0526657484 0.0496347629 0.0172690817 0.0361098146 0.0247306396 0.0233500041 0.0427919706 0.0256803061 0.0348332412 0.0149151496 0.0242790507 0.0386208613 0.0137376815 0.0114684554 
16 0.0266729567 0.0304278048 0.005746539 0.0179037948 0.0430499337 0.0301389594 0.0178831147 0.0161937773 0.0311299516 0.0202391545 0.0499568138 0.017527145 0.0218016577 0.0229480435 0.0410447076 0.0857892509 0.0146039079 0.0317465784 0.0404320347 0.0310702561 0.0196141101 0.0367573152 0.0391591473 0.0349859616 0.0196213277 0.0247456902 0.0301548829 0.0497037496 0.0351553268 0.051903608 0.0237682953 0.0381242034 
17 0.0523477441 0.0355541183 0.0341171833 0.0322485921 0.0331229244 0.0372983186 0.0166568319 0.0329835832 0.0385030966 0.0107173847 0.0169218709 0.0552084366 0.0350215346 0.0334860874 0.0310118523 0.0146039079 0.0465027282 0.0434226751 0.0274964464 0.0485879346 0.0304634505 0.0262600741 0.0170012588 0.0221504647 0.020988141 0.022874877 0.0396761176 0.0385430847 0.0430640468 0.0151904872 0.0273678776 0.0206068684 
18 0.008837813 0.0389453598 0.0117814947 0.0352363909 0.034139789 0.0129664212 0.0185751169 0.0201140358 0.0424542744 0.0496778053 0.0340844712 0.05349886 0.0211975158 0.0448397972 0.0335340612 0.0317465784 0.0434226751 0.01062456 0.0353337256 0.0180153254 0.0269170939 0.0116583962 0.022504068 0.0748721031 0.0494445757 0.0370158816 0.0225917425 0.042979672 0.0573256401 0.0272402066 0.0204111613 0.0080133881 
19 0.0276279048 0.0219079343 0.039915797 0.0377073678 0.0252947368 0.0454981133 0.0361216939 0.019093144 0.039034064 0.0296767934 0.0262753112 0.0282916007 0.0204261876 0.0297135346 0.0526657484 0.0404320347 0.0274964464 0.0353337256 0.0177643128 0.0075113623 0.0266688615 0.045326727 0.0391386929 0.0318584763 0.0508979507 0.0209432773 0.0250875381 0.0456727259 0.0113358826 0.0238498532 0.0402346828 0.0311975181 
20 0.0245771604 0.0355724186 0.0527612076 0.0453368471 0.0374170457 0.0448350918 0.023008943 0.0420670699 0.0203606453 0.0234873964 0.0370726768 0.0210492298 0.059721902 0.0247177619 0.0496347629 0.0310702561 0.0485879346 0.0180153254 0.0075113623 0.0141846551 0.0313270798 0.0183525537 0.0174899307 0.0269751292 0.0212065554 0.0270418622 0.072944377 0.0310966971 0.0189835995 0.0490178515 0.0143481673 0.0102265037 
21 0.034830265 0.0436519769 0.0471280293 0.0536112868 0.0297496493 0.0440768441 0.033956962 0.0265300415 0.0198575207 0.0306343671 0.0156029821 0.0101123567 0.0443401444 0.0199099914 0.0172690817 0.0196141101 0.0304634505 0.0269170939 0.0266688615 0.0313270798 0.0697569269 0.0478096583 0.0423207828 0.033296615 0.037833514 0.0362398489 0.0158230063 0.030373473 0.0154216811 0.0155061152 0.0254996876 0.0238665959 
22 0.0368894067 0.03545268 0.0291856492 0.0468253164 0.0435032157 0.028587328 0.0380827462 0.0168273866 0.0286483277 0.01622368 0.0290222993 0.0279772281 0.0243347787 0.0400989233 0.0361098146 0.0367573152 0.0262600741 0.0116583962 0.045326727 0.0183525537 0.0478096583 0.0274104203 0.0344208732 0.0254088386 0.0472718859 0.0213741994 0.0562651301 0.0259328647 0.0185525872 0.0322848107 0.0404646637 0.0066802212 
23 0.0345798109 0.0420475508 0.0477486939 0.0373790463 0.0442081242 0.0212513709 0.0217054564 0.0516881321 0.0114878951 0.0271911534 0.065171615 0.0284589936 0.0464271711 0.0235296766 0.0247306396 0.0391591473 0.0170012588 0.022504068 0.0391386929 0.0174899307 0.0423207828 0.0344208732 0.0235301717 0.0194059214 0.0166659187 0.0142238618 0.0557888736 0.0235585391 0.0428225372 0.0195731213 0.0254016675 0.0193893039 
24 0.0347256268 0.0150880402 0.0643407517 0.0325027454 0.0308354607 0.0357237061 0.0379901767 0.0324505726 0.0147846187 0.0460683135 0.0296884589 0.0137482236 0.0243061846 0.0259781185 0.0233500041 0.0349859616 0.0221504647 0.0748721031 0.0318584763 0.0269751292 0.033296615 0.0254088386 0.0194059214 0.0159617348 0.0305911571 0.0348937783 0.0178475435 0.0243681653 0.0399316802 0.0197241228 0.0235895064 0.0625577997 
25 0.0307035562 0.0242646658 0.0286261226 0.0296498813 0.0199369295 0.0345939901 0.0255417778 0.0357600539 0.0251978838 0.0513547159 0.0217210536 0.0183219324 0.0128290933 0.0236329177 0.0427919706 0.0196213277 0.020988141 0.0494445757 0.0508979507 0.0212065554 0.037833514 0.0472718859 0.0166659187 0.0305911571 0.0404909418 0.0540994805 0.0227827356 0.0401938515 0.0211098453 0.0455343411 0.038476823 0.0178644107 
26 0.0684231657 0.0517920085 0.036594124 0.0270451274 0.0258537486 0.016516141 0.0405640136 0.0211592984 0.0190716568 0.0315958051 0.0312732457 0.0353883948 0.0407865488 0.053253627 0.0256803061 0.0247456902 0.022874877 0.0370158816 0.0209432773 0.0270418622 0.0362398489 0.0213741994 0.0142238618 0.0348937783 0.0540994805 0.0335821866 0.0161212031 0.0163679059 0.0295356836 0.0264079072 0.0248712808 0.0346638642 
27 0.0171113056 0.0109108679 0.0156284995 0.0161371576 0.0229768469 0.0121019384 0.0428756008 0.0357890688 0.02462042 0.0428533576 0.036428005 0.0488644318 0.0199341847 0.0055734091 0.0348332412 0.0301548829 0.0396761176 0.0225917425 0.0250875381 0.072944377 0.0158230063 0.0562651301 0.0557888736 0.0178475435 0.0227827356 0.0161212031 0.0666994953 0.0498389216 0.0279111924 0.0223990208 0.0293762565 0.0420536279 
28 0.0199612883 0.04996873 0.0305207536 0.0247878913 0.0483804999 0.0138672278 0.0167850818 0.0369998601 0.0269488829 0.025543318 0.0219595081 0.011552583 0.021603362 0.0547735159 0.0149151496 0.0497037496 0.0385430847 0.042979672 0.0456727259 0.0310966971 0.030373473 0.0259328647 0.0235585391 0.0243681653 0.0401938515 0.0163679059 0.0498389216 0.0153814338 0.0266953694 0.0417918414 0.0396755286 0.0392585238 
29 0.0304998252 0.0450175617 0.0350413938 0.0310858369 0.0274437233 0.0280817153 0.0401357299 0.0277270173 0.0347973706 0.0329818045 0.034517751 0.0355552279 0.0312108304 0.0362090458 0.0242790507 0.0351553268 0.0430640468 0.0573256401 0.0113358826 0.0189835995 0.0154216811 0.0185525872 0.0428225372 0.0399316802 0.0211098453 0.0295356836 0.0279111924 0.0266953694 0.0071351332 0.0380755304 0.0257149538 0.046645426 
30 0.0286593583 0.0171406818 0.0273907153 0.0189709557 0.0371357653 0.0297747988 0.0304704408 0.0347875318 0.0395196814 0.0288546032 0.0104978855 0.0191192548 0.0313672447 0.0575155301 0.0386208613 0.051903608 0.0151904872 0.0272402066 0.0238498532 0.0490178515 0.0155061152 0.0322848107 0.0195731213 0.0197241228 0.0455343411 0.0264079072 0.0223990208 0.0417918414 0.0380755304 0.0318914538 0.0439962877 0.0457881325 
31 0.0115755453 0.019973891 0.0437389978 0.0138705161 0.0154536911 0.0381075045 0.021150168 0.0288178234 0.0201657268 0.0631891424 0.025478109 0.016360162 0.0456520935 0.0528669275 0.0137376815 0.0237682953 0.0273678776 0.0204111613 0.0402346828 0.0143481673 0.0254996876 0.0404646637 0.0254016675 0.0235895064 0.038476823 0.0248712808 0.0293762565 0.0396755286 0.0257149538 0.0439962877 0.063133773 0.0635314069 
32 0.0495656424 0.0399909931 0.0373151638 0.0438145318 0.0243648526 0.0531546665 0.0284748984 0.0268784568 0.0100371097 0.03103106 0.01622165 0.0458592992 0.0136415916 0.0321422329 0.0114684554 0.0381242034 0.0206068684 0.0080133881 0.0311975181 0.0102265037 0.0238665959 0.0066802212 0.0193893039 0.0625577997 0.0178644107 0.0346638642 0.0420536279 0.0392585238 0.046645426 0.0457881325 0.0635314069 0.0255716013 
