45
1 0.0 4.0 2.0 9.0 5.0 2.0 3.0 1.0 2.0 10.0 1.0 1.0 2.0 7.0 6.0 10.0 6.0 1.0 10.0 6.0 10.0 10.0 6.0 2.0 10.0 6.0 2.0 8.0 10.0 5.0 1.0 3.0 1.0 4.0 4.0 2.0 8.0 3.0 6.0 8.0 2.0 5.0 1.0 9.0 10.0
2 4.0 0.0 5.0 10.0 8.0 7.0 4.0 1.0 8.0 8.0 4.0 4.0 3.0 1.0 2.0 3.0 6.0 2.0 2.0 6.0 8.0 6.0 6.0 8.0 5.0 8.0 6.0 6.0 3.0 5.0 7.0 7.0 1.0 3.0 7.0 6.0 8.0 5.0 9.0 3.0 9.0 8.0 5.0 4.0 5.0
3 2.0 5.0 0.0 2.0 5.0 4.0 10.0 5.0 6.0 4.0 10.0 1.0 5.0 1.0 1.0 9.0 8.0 1.0 2.0 2.0 7.0 3.0 9.0 6.0 1.0 2.0 9.0 9.0 1.0 5.0 9.0 8.0 1.0 6.0 3.0 4.0 5.0 1.0 9.0 3.0 4.0 9.0 2.0 2.0 5.0
4 9.0 10.0 2.0 0.0 7.0 9.0 10.0 7.0 4.0 6.0 4.0 9.0 4.0 2.0 9.0 10.0 3.0 10.0 9.0 6.0 8.0 6.0 4.0 5.0 4.0 4.0 4.0 5.0 8.0 6.0 9.0 10.0 2.0 7.0 6.0 10.0 9.0 9.0 8.0 4.0 5.0 5.0 7.0 5.0 4.0
5 5.0 8.0 5.0 7.0 0.0 8.0 3.0 1.0 8.0 9.0 7.0 1.0 2.0 7.0 1.0 8.0 5.0 7.0 4.0 3.0 7.0 4.0 3.0 1.0 4.0 2.0 10.0 5.0 5.0 10.0 10.0 9.0 5.0 9.0 1.0 9.0 4.0 1.0 4.0 7.0 2.0 4.0 7.0 3.0 1.0
6 2.0 7.0 4.0 9.0 8.0 0.0 5.0 7.0 5.0 2.0 10.0 9.0 3.0 2.0 9.0 7.0 5.0 6.0 10.0 7.0 9.0 4.0 9.0 8.0 3.0 8.0 9.0 5.0 2.0 1.0 10.0 2.0 7.0 8.0 2.0 2.0 7.0 4.0 10.0 3.0 4.0 7.0 5.0 5.0 2.0
7 3.0 4.0 10.0 10.0 3.0 5.0 0.0 1.0 5.0 7.0 5.0 10.0 8.0 9.0 4.0 10.0 3.0 1.0 3.0 5.0 9.0 4.0 4.0 9.0 4.0 2.0 3.0 8.0 8.0 5.0 7.0 3.0 2.0 1.0 8.0 8.0 10.0 7.0 2.0 4.0 6.0 8.0 9.0 1.0 3.0
8 1.0 1.0 5.0 7.0 1.0 7.0 1.0 0.0 9.0 5.0 5.0 9.0 2.0 3.0 10.0 2.0 1.0 10.0 3.0 9.0 10.0 8.0 1.0 3.0 2.0 4.0 6.0 4.0 2.0 8.0 10.0 7.0 6.0 8.0 4.0 6.0 4.0 2.0 9.0 7.0 4.0 5.0 2.0 4.0 8.0
9 2.0 8.0 6.0 4.0 8.0 5.0 5.0 9.0 0.0 3.0 5.0 7.0 3.0 1.0 2.0 8.0 3.0 9.0 9.0 4.0 8.0 6.0 4.0 2.0 10.0 7.0 1.0 7.0 1.0 5.0 3.0 7.0 9.0 9.0 3.0 9.0 1.0 2.0 4.0 1.0 4.0 4.0 4.0 7.0 2.0
10 10.0 8.0 4.0 6.0 9.0 2.0 7.0 5.0 3.0 0.0 7.0 9.0 2.0 2.0 6.0 10.0 6.0 4.0 6.0 9.0 7.0 6.0 10.0 4.0 10.0 5.0 2.0 7.0 4.0 9.0 8.0 4.0 10.0 7.0 9.0 4.0 4.0 1.0 8.0 10.0 9.0 1.0 4.0 7.0 9.0
11 1.0 4.0 10.0 4.0 7.0 10.0 5.0 5.0 5.0 7.0 0.0 8.0 9.0 3.0 6.0 1.0 9.0 3.0 2.0 7.0 5.0 4.0 6.0 4.0 7.0 8.0 6.0 1.0 2.0 3.0 2.0 8.0 5.0 7.0 9.0 8.0 9.0 7.0 9.0 9.0 9.0 6.0 5.0 9.0 4.0
12 1.0 4.0 1.0 9.0 1.0 9.0 10.0 9.0 7.0 9.0 8.0 0.0 2.0 3.0 2.0 8.0 9.0 9.0 2.0 5.0 6.0 9.0 7.0 8.0 4.0 4.0 7.0 4.0 9.0 8.0 4.0 8.0 3.0 3.0 8.0 7.0 1.0 7.0 2.0 1.0 1.0 4.0 5.0 4.0 9.0
13 2.0 3.0 5.0 4.0 2.0 3.0 8.0 2.0 3.0 2.0 9.0 2.0 0.0 2.0 4.0 3.0 7.0 8.0 9.0 1.0 7.0 6.0 6.0 10.0 5.0 2.0 3.0 6.0 4.0 7.0 8.0 6.0 6.0 5.0 8.0 1.0 7.0 7.0 2.0 7.0 2.0 7.0 3.0 9.0 9.0
14 7.0 1.0 1.0 2.0 7.0 2.0 9.0 3.0 1.0 2.0 3.0 3.0 2.0 0.0 7.0 3.0 4.0 2.0 7.0 8.0 8.0 6.0 9.0 9.0 6.0 7.0 1.0 7.0 5.0 6.0 8.0 7.0 2.0 8.0 5.0 5.0 8.0 8.0 1.0 9.0 5.0 3.0 7.0 1.0 3.0
15 6.0 2.0 1.0 9.0 1.0 9.0 4.0 10.0 2.0 6.0 6.0 2.0 4.0 7.0 0.0 6.0 2.0 9.0 4.0 5.0 1.0 7.0 1.0 3.0 4.0 8.0 4.0 8.0 3.0 5.0 6.0 7.0 1.0 7.0 6.0 4.0 5.0 8.0 10.0 1.0 2.0 7.0 8.0 5.0 5.0
16 10.0 3.0 9.0 10.0 8.0 7.0 10.0 2.0 8.0 10.0 1.0 8.0 3.0 3.0 6.0 0.0 5.0 10.0 4.0 10.0 5.0 2.0 3.0 10.0 9.0 8.0 2.0 2.0 2.0 3.0 8.0 8.0 9.0 7.0 1.0 2.0 2.0 7.0 7.0 2.0 10.0 1.0 6.0 9.0 10.0
17 6.0 6.0 8.0 3.0 5.0 5.0 3.0 1.0 3.0 6.0 9.0 9.0 7.0 4.0 2.0 5.0 0.0 6.0 1.0 2.0 5.0 9.0 7.0 8.0 1.0 5.0 5.0 4.0 6.0 7.0 7.0 7.0 2.0 9.0 3.0 6.0 1.0 8.0 5.0 3.0 3.0 2.0 3.0 2.0 3.0
18 1.0 2.0 1.0 10.0 7.0 6.0 1.0 10.0 9.0 4.0 3.0 9.0 8.0 2.0 9.0 10.0 6.0 0.0 4.0 6.0 7.0 9.0 4.0 6.0 6.0 2.0 4.0 8.0 5.0 2.0 10.0 5.0 9.0 2.0 8.0 8.0 2.0 9.0 2.0 7.0 8.0 9.0 6.0 7.0 10.0
19 10.0 2.0 2.0 9.0 4.0 10.0 3.0 3.0 9.0 6.0 2.0 2.0 9.0 7.0 4.0 4.0 1.0 4.0 0.0 4.0 8.0 1.0 9.0 5.0 1.0 3.0 6.0 9.0 2.0 6.0 2.0 6.0 9.0 9.0 9.0 2.0 3.0 6.0 7.0 6.0 5.0 4.0 4.0 3.0 7.0
20 6.0 6.0 2.0 6.0 3.0 7.0 5.0 9.0 4.0 9.0 7.0 5.0 1.0 8.0 5.0 10.0 2.0 6.0 4.0 0.0 3.0 5.0 5.0 7.0 4.0 4.0 10.0 6.0 6.0 3.0 10.0 1.0 5.0 7.0 8.0 9.0 8.0 2.0 7.0 7.0 1.0 6.0 7.0 9.0 10.0
21 10.0 8.0 7.0 8.0 7.0 9.0 9.0 10.0 8.0 7.0 5.0 6.0 7.0 8.0 1.0 5.0 5.0 7.0 8.0 3.0 0.0 7.0 1.0 3.0 8.0 1.0 3.0 5.0 9.0 5.0 6.0 4.0 8.0 6.0 6.0 7.0 6.0 2.0 1.0 7.0 2.0 7.0 9.0 6.0 3.0
22 10.0 6.0 3.0 6.0 4.0 4.0 4.0 8.0 6.0 6.0 4.0 9.0 6.0 6.0 7.0 2.0 9.0 9.0 1.0 5.0 7.0 0.0 8.0 3.0 5.0 2.0 8.0 3.0 6.0 7.0 6.0 5.0 2.0 10.0 5.0 6.0 8.0 5.0 3.0 5.0 10.0 1.0 3.0 8.0 6.0
23 6.0 6.0 9.0 4.0 3.0 9.0 4.0 1.0 4.0 10.0 6.0 7.0 6.0 9.0 1.0 3.0 7.0 4.0 9.0 5.0 1.0 8.0 0.0 2.0 7.0 10.0 8.0 2.0 3.0 9.0 4.0 8.0 4.0 2.0 6.0 2.0 2.0 4.0 9.0 7.0 4.0 2.0 1.0 2.0 7.0
24 2.0 8.0 6.0 5.0 1.0 8.0 9.0 3.0 2.0 4.0 4.0 8.0 10.0 9.0 3.0 10.0 8.0 6.0 5.0 7.0 3.0 3.0 2.0 0.0 5.0 7.0 6.0 6.0 10.0 4.0 8.0 9.0 2.0 5.0 5.0 3.0 3.0 5.0 5.0 5.0 2.0 5.0 4.0 5.0 6.0
25 10.0 5.0 1.0 4.0 4.0 3.0 4.0 2.0 10.0 10.0 7.0 4.0 5.0 6.0 4.0 9.0 1.0 6.0 1.0 4.0 8.0 5.0 7.0 5.0 0.0 7.0 10.0 5.0 8.0 6.0 6.0 1.0 7.0 7.0 8.0 5.0 4.0 8.0 2.0 6.0 9.0 1.0 4.0 4.0 1.0
26 6.0 8.0 2.0 4.0 2.0 8.0 2.0 4.0 7.0 5.0 8.0 4.0 2.0 7.0 8.0 8.0 5.0 2.0 3.0 4.0 1.0 2.0 10.0 7.0 7.0 0.0 10.0 4.0 9.0 7.0 4.0 9.0 7.0 8.0 1.0 9.0 2.0 3.0 4.0 4.0 6.0 8.0 1.0 9.0 10.0
27 2.0 6.0 9.0 4.0 10.0 9.0 3.0 6.0 1.0 2.0 6.0 7.0 3.0 1.0 4.0 2.0 5.0 4.0 6.0 10.0 3.0 8.0 8.0 6.0 10.0 10.0 0.0 9.0 8.0 1.0 3.0 6.0 7.0 6.0 1.0 9.0 10.0 10.0 8.0 1.0 9.0 3.0 8.0 4.0 6.0
28 8.0 6.0 9.0 5.0 5.0 5.0 8.0 4.0 7.0 7.0 1.0 4.0 6.0 7.0 8.0 2.0 4.0 8.0 9.0 6.0 5.0 3.0 2.0 6.0 5.0 4.0 9.0 0.0 2.0 9.0 2.0 5.0 5.0 10.0 8.0 7.0 4.0 4.0 3.0 8.0 8.0 7.0 7.0 1.0 7.0
29 10.0 3.0 1.0 8.0 5.0 2.0 8.0 2.0 1.0 4.0 2.0 9.0 4.0 5.0 3.0 2.0 6.0 5.0 2.0 6.0 9.0 6.0 3.0 10.0 8.0 9.0 8.0 2.0 0.0 9.0 6.0 5.0 10.0 10.0 8.0 9.0 8.0 7.0 5.0 3.0 3.0 3.0 1.0 5.0 4.0
30 5.0 5.0 5.0 6.0 10.0 1.0 5.0 8.0 5.0 9.0 3.0 8.0 7.0 6.0 5.0 3.0 7.0 2.0 6.0 3.0 5.0 7.0 9.0 4.0 6.0 7.0 1.0 9.0 9.0 0.0 4.0 4.0 10.0 8.0 8.0 2.0 3.0 1.0 7.0 8.0 9.0 5.0 6.0 1.0 8.0
31 1.0 7.0 9.0 9.0 10.0 10.0 7.0 10.0 3.0 8.0 2.0 4.0 8.0 8.0 6.0 8.0 7.0 10.0 2.0 10.0 6.0 6.0 4.0 8.0 6.0 4.0 3.0 2.0 6.0 4.0 0.0 10.0 2.0 10.0 7.0 4.0 7.0 10.0 1.0 4.0 6.0 7.0 5.0 9.0 1.0
32 3.0 7.0 8.0 10.0 9.0 2.0 3.0 7.0 7.0 4.0 8.0 8.0 6.0 7.0 7.0 8.0 7.0 5.0 6.0 1.0 4.0 5.0 8.0 9.0 1.0 9.0 6.0 5.0 5.0 4.0 10.0 0.0 8.0 2.0 5.0 5.0 8.0 9.0 2.0 4.0 5.0 8.0 9.0 5.0 10.0
33 1.0 1.0 1.0 2.0 5.0 7.0 2.0 6.0 9.0 10.0 5.0 3.0 6.0 2.0 1.0 9.0 2.0 9.0 9.0 5.0 8.0 2.0 4.0 2.0 7.0 7.0 7.0 5.0 10.0 10.0 2.0 8.0 0.0 3.0 6.0 5.0 6.0 9.0 5.0 6.0 3.0 3.0 8.0 7.0 7.0
34 4.0 3.0 6.0 7.0 9.0 8.0 1.0 8.0 9.0 7.0 7.0 3.0 5.0 8.0 7.0 7.0 9.0 2.0 9.0 7.0 6.0 10.0 2.0 5.0 7.0 8.0 6.0 10.0 10.0 8.0 10.0 2.0 3.0 0.0 4.0 5.0 4.0 10.0 2.0 5.0 5.0 7.0 5.0 4.0 9.0
35 4.0 7.0 3.0 6.0 1.0 2.0 8.0 4.0 3.0 9.0 9.0 8.0 8.0 5.0 6.0 1.0 3.0 8.0 9.0 8.0 6.0 5.0 6.0 5.0 8.0 1.0 1.0 8.0 8.0 8.0 7.0 5.0 6.0 4.0 0.0 10.0 7.0 4.0 7.0 1.0 9.0 10.0 10.0 10.0 9.0
36 2.0 6.0 4.0 10.0 9.0 2.0 8.0 6.0 9.0 4.0 8.0 7.0 1.0 5.0 4.0 2.0 6.0 8.0 2.0 9.0 7.0 6.0 2.0 3.0 5.0 9.0 9.0 7.0 9.0 2.0 4.0 5.0 5.0 5.0 10.0 0.0 8.0 5.0 3.0 5.0 8.0 8.0 4.0 10.0 9.0
37 8.0 8.0 5.0 9.0 4.0 7.0 10.0 4.0 1.0 4.0 9.0 1.0 7.0 8.0 5.0 2.0 1.0 2.0 3.0 8.0 6.0 8.0 2.0 3.0 4.0 2.0 10.0 4.0 8.0 3.0 7.0 8.0 6.0 4.0 7.0 8.0 0.0 5.0 9.0 8.0 5.0 4.0 9.0 6.0 9.0
38 3.0 5.0 1.0 9.0 1.0 4.0 7.0 2.0 2.0 1.0 7.0 7.0 7.0 8.0 8.0 7.0 8.0 9.0 6.0 2.0 2.0 5.0 4.0 5.0 8.0 3.0 10.0 4.0 7.0 1.0 10.0 9.0 9.0 10.0 4.0 5.0 5.0 0.0 4.0 4.0 2.0 8.0 3.0 8.0 6.0
39 6.0 9.0 9.0 8.0 4.0 10.0 2.0 9.0 4.0 8.0 9.0 2.0 2.0 1.0 10.0 7.0 5.0 2.0 7.0 7.0 1.0 3.0 9.0 5.0 2.0 4.0 8.0 3.0 5.0 7.0 1.0 2.0 5.0 2.0 7.0 3.0 9.0 4.0 0.0 1.0 2.0 5.0 3.0 8.0 10.0
40 8.0 3.0 3.0 4.0 7.0 3.0 4.0 7.0 1.0 10.0 9.0 1.0 7.0 9.0 1.0 2.0 3.0 7.0 6.0 7.0 7.0 5.0 7.0 5.0 6.0 4.0 1.0 8.0 3.0 8.0 4.0 4.0 6.0 5.0 1.0 5.0 8.0 4.0 1.0 0.0 1.0 10.0 7.0 3.0 8.0
41 2.0 9.0 4.0 5.0 2.0 4.0 6.0 4.0 4.0 9.0 9.0 1.0 2.0 5.0 2.0 10.0 3.0 8.0 5.0 1.0 2.0 10.0 4.0 2.0 9.0 6.0 9.0 8.0 3.0 9.0 6.0 5.0 3.0 5.0 9.0 8.0 5.0 2.0 2.0 1.0 0.0 10.0 1.0 3.0 1.0
42 5.0 8.0 9.0 5.0 4.0 7.0 8.0 5.0 4.0 1.0 6.0 4.0 7.0 3.0 7.0 1.0 2.0 9.0 4.0 6.0 7.0 1.0 2.0 5.0 1.0 8.0 3.0 7.0 3.0 5.0 7.0 8.0 3.0 7.0 10.0 8.0 4.0 8.0 5.0 10.0 10.0 0.0 1.0 3.0 3.0
43 1.0 5.0 2.0 7.0 7.0 5.0 9.0 2.0 4.0 4.0 5.0 5.0 3.0 7.0 8.0 6.0 3.0 6.0 4.0 7.0 9.0 3.0 1.0 4.0 4.0 1.0 8.0 7.0 1.0 6.0 5.0 9.0 8.0 5.0 10.0 4.0 9.0 3.0 3.0 7.0 1.0 1.0 0.0 2.0 4.0
44 9.0 4.0 2.0 5.0 3.0 5.0 1.0 4.0 7.0 7.0 9.0 4.0 9.0 1.0 5.0 9.0 2.0 7.0 3.0 9.0 6.0 8.0 2.0 5.0 4.0 9.0 4.0 1.0 5.0 1.0 9.0 5.0 7.0 4.0 10.0 10.0 6.0 8.0 8.0 3.0 3.0 3.0 2.0 0.0 1.0
45 10.0 5.0 5.0 4.0 1.0 2.0 3.0 8.0 2.0 9.0 4.0 9.0 9.0 3.0 5.0 10.0 3.0 10.0 7.0 10.0 3.0 6.0 7.0 6.0 1.0 10.0 6.0 7.0 4.0 8.0 1.0 10.0 7.0 9.0 9.0 9.0 9.0 6.0 10.0 8.0 1.0 3.0 4.0 1.0 0.0
